#1
#1
#1
$3228	1105.D.82.2 Kubek                 	1	1	2	1	0	5907154185339	4290	0
$3447	1105.A.296A.2 Kubek               	1	1	2	1	0	5907154670019	4990	0
$3459	1105.D.1090.2 Kubek               	1	1	2	1	0	5907156053636	4790	0
$3519	1105.D.467.2 Kubek                	1	1	2	1	0	5907155000075	4590	0
$3557	1105.D.487.2 Kubek                	1	1	2	1	0	5907155119005	4590	0
$3568	1379.D.176A.3 Fili¾anka           	1	1	2	1	0	5907158045691	3990	0
$3575	1452.D.46.2 Kubek                 	1	1	2	1	0	5907154635995	4490	0
$3582	1472.D.1115.2 Kubek               	1	1	2	1	0	5907156099726	4490	0
$3664	1595.D.964.2 Fili¾anka            	1	1	2	1	0	5907155737469	4850	0
$3678	1599.D.28.2 Kubek                 	1	1	2	1	0	5907155534822	4790	0
$3920	1599.D.887.3 Kubek                	1	1	2	1	0	5907158111372	4890	0
$3921	1599.D.914.1 Kubek                	1	1	2	1	0	5907155857235	4950	0
$3924	1836.D.914.3 Miska                	1	1	2	1	0	5907157021252	3650	0
$4030	775836.D.1090.2 Fili¾anka Ze Spodk	1	1	2	1	0	5907156502813	6350	0
$4095	903.ART.149.3 Kubek               	1	1	2	1	0	5907156295944	6590	0
$4096	910.A.992A.2 Kubek                	1	1	2	1	0	5907155931140	5950	0
$4097	910.D.1090.2 Kubek                	1	1	2	1	0	5907156468263	5590	0
$4098	910.D.467.2 Kubek                 	1	1	2	1	0	5907157588328	5590	0
$4099	910.D.964.2 Kubek                 	1	1	2	1	0	5907156239030	4990	0
$4100	911.D.1005.1 Kubek                	1	1	2	1	0	5907156026227	5590	0
$4101	911.D.1311A.2 Kubek               	1	1	2	1	0	5907158093081	5890	0
$4102	911.D.200.2Kubek                  	1	1	2	1	0	5907155424758	5290	0
$4103	911.D.58.1 Kubek                  	1	1	2	1	0	5907155432791	5590	0
$4104	912.A.1295.2 Kubek                	1	1	2	1	0	5907157867546	5590	0
$4105	912.D.1278.2 Kubek                	1	1	2	1	0	5907158021367	4450	0
