#1	COM255:1:STX6:1	5	2022.12.16	14:36	OPSpRoz4	WIN 13.32.2020	OPSPROZ4IN.txt	OPSPROZ4OUT.txt
#
#ELZAB Jota online 20000 PLU II gen. ver. 01 (identyfikator odczytany z urzadzenia i pliku ECRTBUF.TXT)
$1	63	1	1	0	2350	2.00	1500	22.10.12	09:34	1	01	1500	1500	00	15023506	0	0	0	0	0	0	0	0
$4	63	1	1	0	0	5000	5000
$4	63	1	1	0	1	3500	3500
$1	63	2	1	0	1186	2.00	2500	22.10.12	10:08	2	01	2500	2500	00	5909994310810	0	0	0	0	0	0	0	0
$4	63	2	1	0	0	2500	2500
$1	63	3	1	0	1184	1.00	450	22.10.12	10:45	2	01	450	450	00	5909990628377	0	0	0	0	0	0	0	0
$1	63	3	2	0	1135	1.00	990	22.10.12	10:45	2	01	990	990	00	5011353	0	0	0	0	0	0	0	0
$4	63	3	1	0	0	2000	2000
$4	63	3	1	0	1	560	560
$1	63	4	1	0	1534	2.00	2500	22.10.12	10:57	1	01	2500	2500	00	7015342	0	0	0	0	0	0	0	0
$1	63	4	2	0	3051	2.00	2100	22.10.12	10:57	4	01	2100	2100	00	10004043	0	0	0	0	0	0	0	0
$1	63	4	3	0	3058	2.00	1900	22.10.12	10:57	2	01	1900	1900	00	10003893	0	0	0	0	0	0	0	0
$4	63	4	1	0	0	20500	20500
$4	63	4	1	0	1	14000	14000
$1	63	5	1	0	2119	1.00	1490	22.10.12	11:16	1	01	1490	1490	00	8691190466015	0	0	0	0	0	0	0	0
$1	63	5	2	0	3689	1.00	890	22.10.12	11:16	1	01	890	890	00	8691190391034	0	0	0	0	0	0	0	0
$1	63	5	3	0	3901	1.00	950	22.10.12	11:16	1	01	950	950	00	28039013	0	0	0	0	0	0	0	0
$4	63	5	2	0	0	3330	3330
$1	63	6	1	0	2721	1.00	3190	22.10.12	11:42	3	01	3190	4000	00	17027212	0	0	0	0	0	0	0	1
$4	63	6	2	0	0	3190	3190
$1	63	7	1	0	1203	1.00	590	22.10.12	11:47	2	01	590	590	00	5909990219612	0	0	0	0	0	0	0	0
$1	63	7	2	0	3021	1.00	1590	22.10.12	11:47	2	01	1590	1590	00	5903246869934	0	0	0	0	0	0	0	0
$4	63	7	2	0	0	2180	2180
$1	63	8	1	0	2350	2.00	1500	22.10.12	12:34	1	01	1500	1500	00	15023506	0	0	0	0	0	0	0	0
$1	63	8	2	0	1165	1.00	490	22.10.12	12:38	2	01	490	490	00	5909994311169	0	0	0	0	0	0	0	0
$1	63	8	3	0	1165	1.00	490	22.10.12	12:38	2	01	490	490	00	5909994311169	0	0	0	0	0	0	0	0
$1	63	8	4	0	1249	1.00	790	22.10.12	12:38	2	01	790	790	00	5909994310667	0	0	0	0	0	0	0	0
$4	63	8	1	0	0	10000	10000
$4	63	8	1	0	1	6730	6730
$1	63	9	1	0	0475	1.00	2900	22.10.12	14:21	1	01	2900	2900	00	5907502687331	0	0	0	0	0	0	0	0
$4	63	9	1	0	0	10000	10000
$4	63	9	1	0	1	7100	7100
$1	63	10	1	0	1040	5.00	2250	22.10.12	14:25	2	01	2250	2250	00	5906365702847	0	0	0	0	0	0	0	0
$4	63	10	1	0	0	2250	2250
$1	63	11	1	0	1162	1.00	490	22.10.12	14:40	2	01	490	490	00	5909994311763	0	0	0	0	0	0	0	0
$4	63	11	1	0	0	490	490
$1	63	12	1	0	1174	1.00	450	22.10.12	14:55	2	01	450	450	00	5909990628346	0	0	0	0	0	0	0	0
$4	63	12	1	0	0	450	450
$1	63	13	1	0	1238	1.00	1390	22.10.12	15:02	4	01	1390	1390	00	5012381	0	0	0	0	0	0	0	0
$1	63	13	2	0	2024	1.00	2490	22.10.12	15:08	1	01	2490	2490	00	10020241	0	0	0	0	0	0	0	0
$1	63	13	3	0	4179	1.00	3390	22.10.12	15:08	1	01	3390	3390	00	8691190832568	0	0	0	0	0	0	0	0
$4	63	13	2	0	0	7270	7270
$1	63	14	1	0	0002	1.000	1100	22.10.12	15:12	1	01	1100	1100	00		0	0	0	0	0	0	0	0
$4	63	14	1	0	0	1100	1100
$1	63	15	1	0	2440	1.00	2890	22.10.12	15:22	1	01	2890	2890	00	16024403	0	0	0	0	0	0	0	0
$4	63	15	2	0	0	2890	2890
$1	63	16	1	0	4157	3.00	1950	22.10.12	15:35	1	01	1950	1950	00	10000908	0	0	0	0	0	0	0	0
$1	63	16	2	0	4158	1.00	650	22.10.12	15:35	1	01	650	650	00	10000915	0	0	0	0	0	0	0	0
$1	63	16	3	0	4158	1.00	650	22.10.12	15:35	1	01	650	650	00	10000915	0	0	0	0	0	0	0	0
$1	63	16	4	0	4158	1.00	650	22.10.12	15:35	1	01	650	650	00	10000915	0	0	0	0	0	0	0	0
$1	63	16	5	0	4158	2.00	1300	22.10.12	15:36	1	01	1300	1300	00	10000915	0	0	0	0	0	0	0	0
$1	63	16	6	0	0031	1.000	2100	22.10.12	15:37	1	01	2100	2100	00		0	0	0	0	0	0	0	0
$1	63	16	7	0	2053	1.00	2550	22.10.12	15:37	1	01	2550	2550	00	11020530	0	0	0	0	0	0	0	0
$1	63	16	8	0	0285	1.00	4490	22.10.12	15:37	1	01	4490	4490	00	5711914179670	0	0	0	0	0	0	0	0
$1	63	16	9	0	0038	1.000	1240	22.10.12	15:38	1	01	1240	1240	00		0	0	0	0	0	0	0	0
$4	63	16	2	0	0	15580	15580
$1	63	17	1	0	4240	1.00	2690	22.10.12	16:12	1	01	2690	2690	00	10001080	0	0	0	0	0	0	0	0
$1	63	17	2	0	2503	1.00	1350	22.10.12	16:12	1	01	1350	1350	00	10003930	0	0	0	0	0	0	0	0
$1	63	17	3	0	0281	1.00	1350	22.10.12	16:12	1	01	1350	1350	00	24	0	0	0	0	0	0	0	0
$1	63	17	4	0	2350	1.00	750	22.10.12	16:12	1	01	750	750	00	15023506	0	0	0	0	0	0	0	0
$4	63	17	1	0	0	6140	6140
$1	63	18	1	0	1107	2.00	900	22.10.12	16:15	2	01	900	900	00	5909994311466	0	0	0	0	0	0	0	0
$1	63	18	2	0	1191	1.00	450	22.10.12	16:15	2	01	450	450	00	5909990628490	0	0	0	0	0	0	0	0
$1	63	18	3	0	1231	1.00	490	22.10.12	16:15	2	01	490	490	00	5909994310469	0	0	0	0	0	0	0	0
$4	63	18	2	0	0	1840	1840
$1	63	19	1	0	1839	1.00	2490	22.10.12	16:52	1	01	2490	2490	00	5711914159238	0	0	0	0	0	0	0	0
$4	63	19	2	0	0	2490	2490
$12	64	1	1	0	1436	1.00	2990	22.10.12	20:21	1	01	2990	2990	00	5907688710250	0	0	0	0	0	0	0	0
$14	01	22.10.13	09:52	4
$13	00	1	22.10.13	09:52	01	0	0	0	0	0	0	0	0	0	             
$1	65	1	1	0	4245	1.00	3350	22.10.13	09:52	2	01	3350	3350	00	10001134	0	0	0	0	0	0	0	0
$4	65	1	2	0	0	3350	3350
$1	65	2	1	0	1604	2.00	1500	22.10.13	09:53	1	01	1500	1500	00	7016042	0	0	0	0	0	0	0	0
$1	65	2	2	0	1534	2.00	2500	22.10.13	09:53	1	01	2500	2500	00	7015342	0	0	0	0	0	0	0	0
$1	65	2	3	0	0002	2.000	500	22.10.13	09:53	1	01	500	500	00		0	0	0	0	0	0	0	0
$4	65	2	2	0	0	4500	4500
$1	65	3	1	0	3121	1.00	1350	22.10.13	09:55	4	01	1350	1350	00	10003787	0	0	0	0	0	0	0	0
$1	65	3	2	0	1574	3.00	1650	22.10.13	09:55	4	01	1650	1650	00	5906660817215	0	0	0	0	0	0	0	0
$1	65	3	3	0	4245	1.00	3350	22.10.13	09:56	2	01	3350	3350	00	10001134	0	0	0	0	0	0	0	0
$1	65	3	4	0	2505	1.00	1450	22.10.13	09:56	1	01	1450	1450	00	10003954	0	0	0	0	0	0	0	0
$4	65	3	1	0	0	10000	10000
$4	65	3	1	0	1	2200	2200
$1	65	4	1	0	1133	2.00	2500	22.10.13	10:04	4	01	2500	2500	00	5011339	0	0	0	0	0	0	0	0
$4	65	4	1	0	0	2500	2500
$1	65	5	1	0	1068	1.00	650	22.10.13	10:27	2	01	650	650	00	5905279799400	0	0	0	0	0	0	0	0
$1	65	5	2	0	1181	1.00	450	22.10.13	10:27	2	01	450	450	00	5909994310964	0	0	0	0	0	0	0	0
$1	65	5	3	0	1111	1.00	550	22.10.13	10:27	2	01	550	550	00	5906365702304	0	0	0	0	0	0	0	0
$4	65	5	1	0	0	2000	2000
$4	65	5	1	0	1	350	350
$1	65	6	1	0	1184	1.00	450	22.10.13	10:50	2	01	450	450	00	5909990628377	0	0	0	0	0	0	0	0
$4	65	6	2	0	0	450	450
$1	65	7	1	0	4290	1.00	5990	22.10.13	10:53	1	01	5990	5990	00	10002537	0	0	0	0	0	0	0	0
$1	65	7	2	0	3664	1.00	4850	22.10.13	10:54	1	01	4850	4850	00	10000090	0	0	0	0	0	0	0	0
$4	65	7	1	0	0	20000	20000
$4	65	7	1	0	1	9160	9160
$1	65	8	1	0	1193	1.00	490	22.10.13	11:03	2	01	490	490	00	5909990195725	0	0	0	0	0	0	0	0
$1	65	8	2	0	0002	1.000	850	22.10.13	11:05	1	01	850	850	00		0	0	0	0	0	0	0	0
$4	65	8	1	0	0	1340	1340
$1	65	9	1	0	1275	1.00	2490	22.10.13	11:38	1	01	2490	2490	00	6012755	0	0	0	0	0	0	0	0
$4	65	9	1	0	0	2490	2490
$1	65	10	1	0	0360	1.00	1150	22.10.13	12:03	1	01	1150	1150	00	5905279370111	0	0	0	0	0	0	0	0
$1	65	10	2	0	0370	1.00	1390	22.10.13	12:03	1	01	1390	1390	00	5906874565063	0	0	0	0	0	0	0	0
$4	65	10	2	0	0	2540	2540
$1	65	11	1	0	0639	1.00	3250	22.10.13	12:38	1	01	3250	3250	00	5902249011777	0	0	0	0	0	0	0	0
$1	65	11	2	0	2350	2.00	1500	22.10.13	12:38	1	01	1500	1500	00	15023506	0	0	0	0	0	0	0	0
$1	65	11	3	0	3901	2.00	1900	22.10.13	12:38	1	01	1900	1900	00	28039013	0	0	0	0	0	0	0	0
$4	65	11	2	0	0	6650	6650
$1	65	12	1	0	1602	1.00	850	22.10.13	12:58	1	01	850	850	00	7016028	0	0	0	0	0	0	0	0
$1	65	12	2	0	0066	1.000	1190	22.10.13	12:58	1	01	1190	1190	00		0	0	0	0	0	0	0	0
$1	65	12	3	0	4144	1.00	1190	22.10.13	12:58	1	01	1190	1190	00	5906660352525	0	0	0	0	0	0	0	0
$1	65	12	4	0	2759	1.00	2490	22.10.13	12:59	1	01	2490	2490	00	36027590	0	0	0	0	0	0	0	0
$4	65	12	1	0	0	6000	6000
$4	65	12	1	0	1	280	280
$10	65	13	1	0	0614	1.00	2587	22.10.13	13:01	1	01	2587	3450	00	5902249011203	0	0	0	0	0	0	0	1
$1	65	13	1	0	2024	1.00	1990	22.10.13	13:20	1	01	1990	2490	00	10020241	0	0	0	0	0	0	0	1
$1	65	13	2	0	2024	1.00	1990	22.10.13	13:21	1	01	1990	2490	00	10020241	0	0	0	0	0	0	0	1
$1	65	13	3	0	2024	1.00	1990	22.10.13	13:21	1	01	1990	2490	00	10020241	0	0	0	0	0	0	0	1
$1	65	13	4	0	0066	1.000	1190	22.10.13	13:21	1	01	1190	1190	00		0	0	0	0	0	0	0	0
$1	65	13	5	0	1594	1.00	1590	22.10.13	13:22	1	01	1590	1590	00	7015946	0	0	0	0	0	0	0	0
$1	65	13	6	0	3087	1.00	1250	22.10.13	13:22	2	01	1250	1250	00	10003794	0	0	0	0	0	0	0	0
$1	65	13	7	0	4318	1.00	1350	22.10.13	13:24	4	01	1350	1350	00	10003879	0	0	0	0	0	0	0	0
$1	65	13	8	0	3051	1.00	1050	22.10.13	13:24	4	01	1050	1050	00	10004043	0	0	0	0	0	0	0	0
$1	65	13	9	0	1584	1.00	1550	22.10.13	13:24	1	01	1550	1550	00	7015847	0	0	0	0	0	0	0	0
$1	65	13	10	0	0041	1.000	4790	22.10.13	13:26	1	01	4790	4790	00	8017826	0	0	0	0	0	0	0	0
$4	65	13	2	0	0	18740	18740
$1	65	14	1	0	1947	1.00	1600	22.10.13	13:29	2	01	1600	1600	00	9019478	0	0	0	0	0	0	0	0
$1	65	14	2	0	1047	1.00	1190	22.10.13	13:29	4	01	1190	1190	00	5010479	0	0	0	0	0	0	0	0
$4	65	14	2	0	0	2790	2790
$1	65	15	1	0	1184	2.00	900	22.10.13	13:52	2	01	900	900	00	5909990628377	0	0	0	0	0	0	0	0
$1	65	15	2	0	1031	1.00	1300	22.10.13	13:53	4	01	1300	1300	00	5010318	0	0	0	0	0	0	0	0
$1	65	15	3	0	1234	1.00	750	22.10.13	13:53	2	01	750	750	00	5909990311910	0	0	0	0	0	0	0	0
$4	65	15	1	0	0	5000	5000
$4	65	15	1	0	1	2050	2050
$1	65	16	1	0	4269	2.00	6500	22.10.13	14:15	1	01	6500	6500	00	10002247	0	0	0	0	0	0	0	0
$4	65	16	1	0	0	6500	6500
$1	65	17	1	0	1955	1.00	1750	22.10.13	15:12	2	01	1750	1750	00	9019553	0	0	0	0	0	0	0	0
$1	65	17	2	0	1956	1.00	1700	22.10.13	15:12	2	01	1700	1700	00	9019560	0	0	0	0	0	0	0	0
$1	65	17	3	0	1918	1.00	1790	22.10.13	15:12	1	01	1790	1790	00	9019188	0	0	0	0	0	0	0	0
$4	65	17	1	0	0	6000	6000
$4	65	17	1	0	1	760	760
$1	65	18	1	0	0989	1.00	490	22.10.13	15:22	4	01	490	490	00	5905279799486	0	0	0	0	0	0	0	0
$4	65	18	2	0	0	490	490
$1	65	19	1	0	3901	1.00	950	22.10.13	15:53	1	01	950	950	00	28039013	0	0	0	0	0	0	0	0
$4	65	19	1	0	0	950	950
$1	65	20	1	0	0980	1.00	590	22.10.13	16:10	2	01	590	590	00	5906365702410	0	0	0	0	0	0	0	0
$4	65	20	2	0	0	590	590
$1	65	21	1	0	0002	1.000	850	22.10.13	16:15	1	01	850	850	00		0	0	0	0	0	0	0	0
$4	65	21	2	0	0	850	850
$1	65	22	1	0	0893	1.00	4500	22.10.13	16:26	1	01	4500	4500	00	4008934	0	0	0	0	0	0	0	0
$4	65	22	3	0	0	19500	19500
$4	65	22	1	0	1	15000	15000
$1	65	23	1	0	0195	1.000	400	22.10.13	16:30	1	01	400	400	00		0	0	0	0	0	0	0	0
$4	65	23	2	0	0	400	400
$1	65	24	1	0	3663	1.00	1490	22.10.13	16:38	1	01	1490	1490	00	10115	0	0	0	0	0	0	0	0
$1	65	24	2	0	0452	1.00	1590	22.10.13	16:38	1	01	1590	1590	00	14212	0	0	0	0	0	0	0	0
$4	65	24	2	0	0	3080	3080
$1	65	25	1	0	4117	1.00	2650	22.10.13	16:42	1	01	2650	2650	00	10000410	0	0	0	0	0	0	0	0
$1	65	25	2	0	0297	1.00	2000	22.10.13	16:42	1	01	2000	2000	00	800307842750	0	0	0	0	0	0	0	0
$4	65	25	2	0	0	4650	4650
$1	66	1	1	0	3051	1.00	1050	22.10.14	10:54	4	01	1050	1050	00	10004043	0	0	0	0	0	0	0	0
$1	66	1	2	0	3051	1.00	1050	22.10.14	10:54	4	01	1050	1050	00	10004043	0	0	0	0	0	0	0	0
$4	66	1	1	0	0	2100	2100
$1	66	2	1	0	0629	1.00	3283	22.10.14	11:03	1	01	3283	4690	00	2006291	0	0	0	0	0	0	0	1
$1	66	2	2	0	3396	1.00	3190	22.10.14	11:03	1	01	3190	3190	00	25713	0	0	0	0	0	0	0	0
$1	66	2	3	0	0281	1.00	1350	22.10.14	11:04	1	01	1350	1350	00	24	0	0	0	0	0	0	0	0
$1	66	2	4	0	0504	1.00	3400	22.10.14	11:04	1	01	3400	3400	00	5907502687508	0	0	0	0	0	0	0	0
$1	66	2	5	0	2091	1.00	7900	22.10.14	11:04	1	01	7900	7900	00	12020911	0	0	0	0	0	0	0	0
$4	66	2	2	0	0	19123	19123
$1	66	3	1	0	4133	1.00	3750	22.10.14	11:31	1	01	3750	3750	00	10000649	0	0	0	0	0	0	0	0
$1	66	3	2	0	4153	1.00	3750	22.10.14	11:31	1	01	3750	3750	00	10000861	0	0	0	0	0	0	0	0
$1	66	3	3	0	4245	1.00	3350	22.10.14	11:31	2	01	3350	3350	00	10001134	0	0	0	0	0	0	0	0
$4	66	3	1	0	0	20000	20000
$4	66	3	1	0	1	9150	9150
$1	66	4	1	0	1213	1.00	590	22.10.14	12:07	2	01	590	590	00	5909990468522	0	0	0	0	0	0	0	0
$4	66	4	1	0	0	2000	2000
$4	66	4	1	0	1	1410	1410
$1	66	5	1	0	0893	1.00	4500	22.10.14	12:35	1	01	4500	4500	00	5902596416287	0	0	0	0	0	0	0	0
$1	66	5	2	0	0644	1.00	3250	22.10.14	12:35	1	01	3250	3250	00	5902249012088	0	0	0	0	0	0	0	0
$1	66	5	3	0	4344	1.00	4950	22.10.14	12:35	1	01	4950	4950	00	10004661	0	0	0	0	0	0	0	0
$4	66	5	2	0	0	12700	12700
$1	66	6	1	0	1232	1.00	450	22.10.14	12:45	2	01	450	450	00	5909990219520	0	0	0	0	0	0	0	0
$1	66	6	2	0	1168	1.00	450	22.10.14	12:46	2	01	450	450	00	5909994310261	0	0	0	0	0	0	0	0
$1	66	6	3	0	1249	1.00	790	22.10.14	12:46	2	01	790	790	00	5909994310667	0	0	0	0	0	0	0	0
$4	66	6	2	0	0	1690	1690
$1	66	7	1	0	2765	1.00	13390	22.10.14	12:50	1	01	13390	13390	00	6412600818727	0	0	0	0	0	0	0	0
$4	66	7	2	0	0	13390	13390
$1	66	8	1	0	2350	4.00	3000	22.10.14	12:52	1	01	3000	3000	00	15023506	0	0	0	0	0	0	0	0
$4	66	8	1	0	0	5000	5000
$4	66	8	1	0	1	2000	2000
$1	66	9	1	0	0457	1.00	1300	22.10.14	13:07	1	01	1300	1300	00	5907502687065	0	0	0	0	0	0	0	0
$4	66	9	1	0	0	2000	2000
$4	66	9	1	0	1	700	700
$1	66	10	1	0	1821	1.00	2150	22.10.14	13:27	1	01	2150	2150	00	10004791	0	0	0	0	0	0	0	0
$1	66	10	2	0	1821	1.00	2150	22.10.14	13:27	1	01	2150	2150	00	10004791	0	0	0	0	0	0	0	0
$1	66	10	3	0	1215	1.00	650	22.10.14	13:28	2	01	650	650	00	5909994311213	0	0	0	0	0	0	0	0
$1	66	10	4	0	1215	1.00	650	22.10.14	13:28	2	01	650	650	00	5909994311213	0	0	0	0	0	0	0	0
$4	66	10	1	0	0	10000	10000
$4	66	10	1	0	1	4400	4400
$1	66	11	1	0	2024	1.00	2490	22.10.14	14:55	1	01	2490	2490	00	10020241	0	0	0	0	0	0	0	0
$4	66	11	1	0	0	10000	10000
$4	66	11	1	0	1	7510	7510
$1	66	12	1	0	0373	1.00	1790	22.10.14	15:21	1	01	1790	1790	00	5906874565285	0	0	0	0	0	0	0	0
$4	66	12	1	0	0	5000	5000
$4	66	12	1	0	1	3210	3210
$1	66	13	1	0	3901	1.00	950	22.10.14	15:39	1	01	950	950	00	28039013	0	0	0	0	0	0	0	0
$4	66	13	2	0	0	950	950
$1	66	14	1	0	4146	1.00	4850	22.10.14	15:50	1	01	4850	4850	00	10000779	0	0	0	0	0	0	0	0
$4	66	14	1	0	0	5000	5000
$4	66	14	1	0	1	150	150
$14	01	22.10.15	09:32	4
$13	00	1	22.10.15	09:32	01	0	0	0	0	0	0	0	0	0	             
$1	67	1	1	0	4306	1.00	4850	22.10.15	10:07	1	01	4850	4850	00	10002704	0	0	0	0	0	0	0	0
$4	67	1	1	0	0	10000	10000
$4	67	1	1	0	1	5150	5150
$1	67	2	1	0	3907	1.00	8650	22.10.15	10:08	1	01	8650	8650	00	28039075	0	0	0	0	0	0	0	0
$1	67	2	2	0	3907	1.00	8650	22.10.15	10:08	1	01	8650	8650	00	28039075	0	0	0	0	0	0	0	0
$4	67	2	2	0	0	17300	17300
$1	67	3	1	0	2024	1.00	1990	22.10.15	10:14	1	01	1990	2490	00	10020241	0	0	0	0	0	0	0	1
$1	67	3	2	0	0297	1.00	2000	22.10.15	10:14	1	01	2000	2000	00	185	0	0	0	0	0	0	0	0
$4	67	3	1	0	0	10000	10000
$4	67	3	1	0	1	6010	6010
$1	67	4	1	0	4353	1.00	12590	22.10.15	10:30	1	01	12590	12590	00	6412600842111	0	0	0	0	0	0	0	0
$4	67	4	1	0	0	12590	12590
$1	67	5	1	0	4336	1.00	7290	22.10.15	10:32	1	01	7290	7290	00	10004555	0	0	0	0	0	0	0	0
$4	67	5	2	0	0	7290	7290
$1	67	6	1	0	1925	1.00	1590	22.10.15	10:56	2	01	1590	1590	00	9019256	0	0	0	0	0	0	0	0
$1	67	6	2	0	0225	1.000	890	22.10.15	10:56	1	01	890	890	00		0	0	0	0	0	0	0	0
$4	67	6	2	0	0	2480	2480
$1	67	7	1	0	1183	1.00	650	22.10.15	11:01	2	01	650	650	00	5909990628414	0	0	0	0	0	0	0	0
$4	67	7	1	0	0	5000	5000
$4	67	7	1	0	1	4350	4350
$1	67	8	1	0	1027	1.00	2490	22.10.15	11:20	2	01	2490	2490	00	5905279799691	0	0	0	0	0	0	0	0
$1	67	8	2	0	2350	2.00	1500	22.10.15	11:20	1	01	1500	1500	00	15023506	0	0	0	0	0	0	0	0
$4	67	8	2	0	0	3990	3990
$1	67	9	1	0	2611	1.00	1490	22.10.15	11:22	2	01	1490	1890	00	17026116	0	0	0	0	0	0	0	1
$4	67	9	2	0	0	1490	1490
$1	67	10	1	0	2344	1.00	1990	22.10.15	11:31	1	01	1990	1990	00	5900168907690	0	0	0	0	0	0	0	0
$4	67	10	1	0	0	10000	10000
$4	67	10	1	0	1	8010	8010
$1	67	11	1	0	2706	1.00	1790	22.10.15	12:10	2	01	1790	1790	00	17027069	0	0	0	0	0	0	0	0
$1	67	11	2	0	2479	1.00	1390	22.10.15	12:10	2	01	1390	1390	00	10003657	0	0	0	0	0	0	0	0
$4	67	11	2	0	0	3180	3180
$1	67	12	1	0	4315	1.00	890	22.10.15	12:13	2	01	890	890	00	10003800	0	0	0	0	0	0	0	0
$1	67	12	2	0	0975	1.00	700	22.10.15	12:13	2	01	700	700	00	5009756	0	0	0	0	0	0	0	0
$4	67	12	2	0	0	1590	1590
$1	67	13	1	0	0289	1.00	8550	22.10.15	12:33	1	01	8550	8550	00	10004609	0	0	0	0	0	0	0	0
$1	67	13	2	0	2274	1.00	4190	22.10.15	12:34	1	01	4190	4190	00	14022746	0	0	0	0	0	0	0	0
$4	67	13	2	0	0	12740	12740
$1	67	14	1	0	3900	1.00	3290	22.10.15	13:10	1	01	3290	3290	00	28039006	0	0	0	0	0	0	0	0
$1	67	14	2	0	4240	1.00	2690	22.10.15	13:10	1	01	2690	2690	00	10001080	0	0	0	0	0	0	0	0
$1	67	14	3	0	2937	1.00	250	22.10.15	13:10	1	01	250	250	00	28029373	0	0	0	0	0	0	0	0
$1	67	14	4	0	3901	4.00	3800	22.10.15	13:10	1	01	3800	3800	00	28039013	0	0	0	0	0	0	0	0
$4	67	14	2	0	0	10030	10030
$1	67	15	1	0	3068	1.00	1100	22.10.15	13:16	4	01	1100	1100	00	20030681	0	0	0	0	0	0	0	0
$4	67	15	1	0	0	1100	1100
$14	01	22.10.18	09:31	4
$13	00	1	22.10.18	09:31	01	0	0	0	0	0	0	0	0	0	             
$1	68	1	1	0	1133	1.00	1250	22.10.18	10:12	4	01	1250	1250	00	5011339	0	0	0	0	0	0	0	0
$1	68	1	2	0	1236	1.00	650	22.10.18	10:12	4	01	650	650	00	5907752643613	0	0	0	0	0	0	0	0
$4	68	1	1	0	0	5000	5000
$4	68	1	1	0	1	3100	3100
$1	68	2	1	0	2050	2.00	5100	22.10.18	10:46	1	01	5100	5100	00	11020509	0	0	0	0	0	0	0	0
$4	68	2	1	0	0	5100	5100
$1	68	3	1	0	1119	2.00	1100	22.10.18	11:03	2	01	1100	1100	00	5906365702892	0	0	0	0	0	0	0	0
$4	68	3	1	0	0	1100	1100
$1	68	4	1	0	1068	1.00	650	22.10.18	11:07	2	01	650	650	00	5905279799400	0	0	0	0	0	0	0	0
$4	68	4	2	0	0	650	650
$1	68	5	1	0	2666	1.00	2550	22.10.18	12:02	2	01	2550	2550	00	17026666	0	0	0	0	0	0	0	0
$4	68	5	1	0	0	5000	5000
$4	68	5	1	0	1	2450	2450
$1	68	6	1	0	1790	1.00	10590	22.10.18	12:24	1	01	10590	10590	00	8017901	0	0	0	0	0	0	0	0
$4	68	6	2	0	0	10590	10590
$1	68	7	1	0	0983	1.00	750	22.10.18	13:02	4	01	750	750	00	5905279799103	0	0	0	0	0	0	0	0
$1	68	7	2	0	2478	1.00	1450	22.10.18	13:02	2	01	1450	1450	00	10003633	0	0	0	0	0	0	0	0
$4	68	7	1	0	0	2500	2500
$4	68	7	1	0	1	300	300
$1	68	8	1	0	2391	3.00	8670	22.10.18	13:12	1	01	8670	8670	00	16023918	0	0	0	0	0	0	0	0
$4	68	8	2	0	0	8670	8670
$1	68	9	1	0	4236	3.00	5670	22.10.18	15:14	1	01	5670	5670	00	10001042	0	0	0	0	0	0	0	0
$4	68	9	2	0	0	5670	5670
$1	68	10	1	0	4341	1.00	15190	22.10.18	15:46	1	01	15190	15190	00	10004623	0	0	0	0	0	0	0	0
$1	68	10	2	0	0041	1.000	14690	22.10.18	15:46	1	01	14690	14690	00		0	0	0	0	0	0	0	0
$1	68	10	3	0	0041	1.000	13750	22.10.18	15:47	1	01	13750	13750	00		0	0	0	0	0	0	0	0
$4	68	10	2	0	0	43630	43630
$1	69	1	1	0	1037	1.00	550	22.10.19	09:44	2	01	550	550	00	5905279799424	0	0	0	0	0	0	0	0
$4	69	1	1	0	0	550	550
$1	69	2	1	0	2350	1.00	750	22.10.19	10:57	1	01	750	750	00	15023506	0	0	0	0	0	0	0	0
$4	69	2	1	0	0	1000	1000
$4	69	2	1	0	1	250	250
$1	69	3	1	0	2053	1.00	2550	22.10.19	11:00	1	01	2550	2550	00	11020530	0	0	0	0	0	0	0	0
$4	69	3	1	0	0	5000	5000
$4	69	3	1	0	1	2450	2450
$1	69	4	1	0	2350	1.00	750	22.10.19	11:01	1	01	750	750	00	15023506	0	0	0	0	0	0	0	0
$4	69	4	1	0	0	1000	1000
$4	69	4	1	0	1	250	250
$1	69	5	1	0	2024	1.00	2490	22.10.19	11:27	1	01	2490	2490	00	10020241	0	0	0	0	0	0	0	0
$4	69	5	2	0	0	2490	2490
$1	69	6	1	0	2053	2.00	5100	22.10.19	11:52	1	01	5100	5100	00	11020530	0	0	0	0	0	0	0	0
$1	69	6	2	0	2050	1.00	2550	22.10.19	11:52	1	01	2550	2550	00	11020509	0	0	0	0	0	0	0	0
$4	69	6	2	0	0	7650	7650
$10	69	7	1	0	3922	1.00	4543	22.10.19	12:25	1	01	4543	6490	00	14039225	0	0	0	0	0	0	0	1
$1	69	7	1	0	0038	1.000	840	22.10.19	12:32	1	01	840	840	00		0	0	0	0	0	0	0	0
$1	69	7	2	0	2135	1.00	1100	22.10.19	12:32	1	01	1100	1100	00	13021351	0	0	0	0	0	0	0	0
$1	69	7	3	0	0611	1.00	1300	22.10.19	12:33	1	01	1300	1300	00	5902249011173	0	0	0	0	0	0	0	0
$1	69	7	4	0	1871	1.00	3250	22.10.19	12:33	1	01	3250	3250	00	8018717	0	0	0	0	0	0	0	0
$1	69	7	5	0	0880	1.00	6850	22.10.19	12:33	1	01	6850	6850	00	4008804	0	0	0	0	0	0	0	0
$1	69	7	6	0	4157	1.00	650	22.10.19	12:33	1	01	650	650	00	10000908	0	0	0	0	0	0	0	0
$1	69	7	7	0	3353	1.00	475	22.10.19	12:34	1	01	475	950	00	4033530	0	0	0	0	0	0	0	1
$4	69	7	1	0	0	20000	20000
$4	69	7	1	0	1	5535	5535
$1	69	8	1	0	4190	1.00	550	22.10.19	13:33	1	01	550	550	00	8691190643263	0	0	0	0	0	0	0	0
$4	69	8	2	0	0	550	550
$1	69	9	1	0	1821	1.00	2150	22.10.19	13:36	1	01	2150	2150	00	5701278288149	0	0	0	0	0	0	0	0
$4	69	9	2	0	0	2150	2150
$10	69	10	1	0	4283	1.00	7590	22.10.19	14:24	1	01	7590	7590	00	10002339	0	0	0	0	0	0	0	0
$10	69	10	2	0	0813	1.00	3290	22.10.19	14:24	1	01	3290	3290	00	10002346	0	0	0	0	0	0	0	0
$10	69	10	3	0	0810	1.00	3890	22.10.19	14:24	1	01	3890	3890	00	10002292	0	0	0	0	0	0	0	0
$1	69	10	1	0	0027	1.000	4190	22.10.19	14:26	1	01	4190	4190	00		0	0	0	0	0	0	0	0
$1	69	10	2	0	0813	1.00	3290	22.10.19	14:26	1	01	3290	3290	00	10002346	0	0	0	0	0	0	0	0
$1	69	10	3	0	0810	1.00	3890	22.10.19	14:26	1	01	3890	3890	00	10002292	0	0	0	0	0	0	0	0
$4	69	10	1	0	0	11370	11370
$1	69	11	1	0	0622	1.00	2390	22.10.19	14:44	1	01	2390	2390	00	5902249011272	0	0	0	0	0	0	0	0
$4	69	11	1	0	0	3000	3000
$4	69	11	1	0	1	610	610
$1	69	12	1	0	2273	1.00	4450	22.10.19	15:34	1	01	4450	4450	00	5907502687058	0	0	0	0	0	0	0	0
$4	69	12	2	0	0	4450	4450
$1	69	13	1	0	4259	2.00	11780	22.10.19	16:05	1	01	11780	11780	00	10002131	0	0	0	0	0	0	0	0
$1	69	13	2	0	2009	1.00	3350	22.10.19	16:05	1	01	3350	3350	00	9020092	0	0	0	0	0	0	0	0
$4	69	13	2	0	0	15130	15130
$1	69	14	1	0	0726	1.00	5950	22.10.19	16:40	1	01	5950	5950	00	3007266	0	0	0	0	0	0	0	0
$1	69	14	2	0	0761	1.00	4090	22.10.19	16:40	1	01	4090	4090	00	3007617	0	0	0	0	0	0	0	0
$4	69	14	2	0	0	10040	10040
$10	69	15	1	0	2345	2.00	3980	22.10.19	17:02	1	01	3980	3980	00	5900168907683	0	0	0	0	0	0	0	0
$1	69	15	1	0	2345	1.00	1990	22.10.19	17:02	1	01	1990	1990	00	5900168907683	0	0	0	0	0	0	0	0
$4	69	15	1	0	0	1990	1990
$14	01	22.10.20	09:33	4
$13	00	1	22.10.20	09:33	01	0	0	0	0	0	0	0	0	0	             
$1	70	1	1	0	2350	1.00	750	22.10.20	09:37	1	01	750	750	00	15023506	0	0	0	0	0	0	0	0
$1	70	1	2	0	4313	1.00	490	22.10.20	09:37	4	01	490	490	00	10003749	0	0	0	0	0	0	0	0
$4	70	1	1	0	0	1240	1240
$1	70	2	1	0	1124	1.00	442	22.10.20	09:40	2	01	442	590	00	5907752643484	0	0	0	0	0	0	0	1
$1	70	2	2	0	4313	1.00	490	22.10.20	09:41	4	01	490	490	00	10003749	0	0	0	0	0	0	0	0
$4	70	2	1	0	0	1000	1000
$4	70	2	1	0	1	068	068
$12	70	1	1	0	0679	2.00	10500	22.10.20	09:46	1	01	10500	10500	00	10002230	0	0	0	0	0	0	0	0
$12	70	1	2	0	3499	1.00	3300	22.10.20	09:46	1	01	3300	3300	00	24034999	0	0	0	0	0	0	0	0
$12	70	1	3	0	0027	1.000	2850	22.10.20	09:48	1	01	2850	2850	00		0	0	0	0	0	0	0	0
$12	70	1	4	0	4298	1.00	3700	22.10.20	09:48	1	01	3700	3700	00	10002605	0	0	0	0	0	0	0	0
$12	70	1	5	0	4283	1.00	7590	22.10.20	09:48	1	01	7590	7590	00	10002339	0	0	0	0	0	0	0	0
$12	70	1	6	0	4283	1.00	7590	22.10.20	09:49	1	01	7590	7590	00	10002339	0	0	0	0	0	0	0	0
$12	70	1	7	0	0679	2.00	10500	22.10.20	09:50	1	01	10500	10500	00	10002230	0	0	0	0	0	0	0	0
$12	70	1	8	0	3499	1.00	3300	22.10.20	09:50	1	01	3300	3300	00	24034999	0	0	0	0	0	0	0	0
$12	70	1	9	0	4298	1.00	3700	22.10.20	09:50	1	01	3700	3700	00	10002605	0	0	0	0	0	0	0	0
$12	70	1	10	0	0027	1.000	2850	22.10.20	09:50	1	01	2850	2850	00	24034975	0	0	0	0	0	0	0	0
$12	70	1	11	0	0027	2.000	8380	22.10.20	09:50	1	01	8380	8380	00		0	0	0	0	0	0	0	0
$1	70	3	1	0	0679	2.00	10500	22.10.20	09:52	1	01	10500	10500	00	10002230	0	0	0	0	0	0	0	0
$1	70	3	2	0	0027	2.000	8380	22.10.20	09:52	1	01	8380	8380	00		0	0	0	0	0	0	0	0
$4	70	3	2	0	0	18880	18880
$1	70	4	1	0	2543	1.00	1350	22.10.20	11:05	2	01	1350	1350	00	17025430	0	0	0	0	0	0	0	0
$4	70	4	1	0	0	5000	5000
$4	70	4	1	0	1	3650	3650
$1	70	5	1	0	4302	1.00	4990	22.10.20	11:22	1	01	4990	4990	00	10002650	0	0	0	0	0	0	0	0
$1	70	5	2	0	4301	1.00	4990	22.10.20	11:23	1	01	4990	4990	00	10002643	0	0	0	0	0	0	0	0
$1	70	5	3	0	1715	1.00	2290	22.10.20	11:23	1	01	2290	2290	00	10003343	0	0	0	0	0	0	0	0
$4	70	5	2	0	0	12270	12270
$1	70	6	1	0	1821	1.00	2150	22.10.20	11:39	1	01	2150	2150	00	5701278288149	0	0	0	0	0	0	0	0
$4	70	6	2	0	0	2150	2150
$1	70	7	1	0	0066	1.000	1190	22.10.20	11:48	1	01	1190	1190	00		0	0	0	0	0	0	0	0
$4	70	7	1	0	0	1190	1190
$1	70	8	1	0	2050	1.00	2550	22.10.20	12:10	1	01	2550	2550	00	11020509	0	0	0	0	0	0	0	0
$4	70	8	1	0	0	3000	3000
$4	70	8	1	0	1	450	450
$1	70	9	1	0	1249	2.00	1580	22.10.20	12:48	2	01	1580	1580	00	5909994310667	0	0	0	0	0	0	0	0
$1	70	9	2	0	1082	1.00	490	22.10.20	12:48	2	01	490	490	00	5907752643392	0	0	0	0	0	0	0	0
$1	70	9	3	0	1012	1.00	890	22.10.20	12:48	4	01	890	890	00	5909994310865	0	0	0	0	0	0	0	0
$1	70	9	4	0	1170	1.00	490	22.10.20	12:49	2	01	490	490	00	5909994311565	0	0	0	0	0	0	0	0
$1	70	9	5	0	1233	1.00	700	22.10.20	12:49	2	01	700	700	00	5909990628223	0	0	0	0	0	0	0	0
$1	70	9	6	0	1012	1.00	890	22.10.20	12:49	4	01	890	890	00	5909994310865	0	0	0	0	0	0	0	0
$4	70	9	1	0	0	5040	5040
$1	70	10	1	0	1555	1.00	2890	22.10.20	12:53	4	01	2890	2890	00	7015557	0	0	0	0	0	0	0	0
$1	70	10	2	0	0002	1.000	250	22.10.20	12:54	1	01	250	250	00		0	0	0	0	0	0	0	0
$4	70	10	1	0	0	5200	5200
$4	70	10	1	0	1	2060	2060
$1	70	11	1	0	3077	1.00	390	22.10.20	13:15	2	01	390	390	00	20030773	0	0	0	0	0	0	0	0
$4	70	11	1	0	0	390	390
$1	70	12	1	0	3114	1.00	375	22.10.20	13:23	2	01	375	750	00	10003572	0	0	0	0	0	0	0	1
$4	70	12	1	0	0	375	375
$1	70	13	1	0	4172	1.00	2490	22.10.20	13:24	1	01	2490	2490	00	6013677	0	0	0	0	0	0	0	0
$1	70	13	2	0	1088	1.00	1190	22.10.20	13:24	4	01	1190	1190	00	5010882	0	0	0	0	0	0	0	0
$4	70	13	1	0	0	10000	10000
$4	70	13	1	0	1	6320	6320
$1	70	14	1	0	2272	1.00	3190	22.10.20	13:31	1	01	3190	3190	00	26017	0	0	0	0	0	0	0	0
$1	70	14	2	0	0027	1.000	3190	22.10.20	13:31	1	01	3190	3190	00	25836	0	0	0	0	0	0	0	0
$4	70	14	2	0	0	6380	6380
$1	70	15	1	0	2350	4.00	3000	22.10.20	13:47	1	01	3000	3000	00	15023506	0	0	0	0	0	0	0	0
$4	70	15	2	0	0	3000	3000
$1	70	16	1	0	3028	1.00	800	22.10.20	14:36	2	01	800	800	00	10003718	0	0	0	0	0	0	0	0
$1	70	16	2	0	0971	1.00	790	22.10.20	14:36	2	01	790	790	00	5009718	0	0	0	0	0	0	0	0
$4	70	16	2	0	0	1590	1590
$1	70	17	1	0	2053	1.00	2550	22.10.20	14:46	1	01	2550	2550	00	11020530	0	0	0	0	0	0	0	0
$4	70	17	2	0	0	2550	2550
$1	70	18	1	0	4026	1.00	1350	22.10.20	15:01	1	01	1350	1350	00	8691190115074	0	0	0	0	0	0	0	0
$1	70	18	2	0	1329	1.00	1190	22.10.20	15:01	1	01	1190	1190	00	15219	0	0	0	0	0	0	0	0
$4	70	18	1	0	0	5000	5000
$4	70	18	1	0	1	2460	2460
$1	70	19	1	0	3826	1.00	650	22.10.20	15:03	1	01	650	650	00	26038261	0	0	0	0	0	0	0	0
$4	70	19	1	0	0	1000	1000
$4	70	19	1	0	1	350	350
$1	70	20	1	0	2350	1.00	750	22.10.20	15:17	1	01	750	750	00	15023506	0	0	0	0	0	0	0	0
$4	70	20	2	0	0	750	750
$1	70	21	1	0	1367	1.00	1490	22.10.20	15:25	1	01	1490	1490	00	8691190466169	0	0	0	0	0	0	0	0
$4	70	21	2	0	0	1490	1490
$1	70	22	1	0	3901	1.00	950	22.10.20	15:33	1	01	950	950	00	28039013	0	0	0	0	0	0	0	0
$4	70	22	1	0	0	1000	1000
$4	70	22	1	0	1	050	050
$1	70	23	1	0	2336	1.00	2990	22.10.20	16:47	1	01	2990	2990	00	28023364	0	0	0	0	0	0	0	0
$1	70	23	2	0	2350	2.00	1500	22.10.20	16:47	1	01	1500	1500	00	15023506	0	0	0	0	0	0	0	0
$1	70	23	3	0	3901	1.00	950	22.10.20	16:47	1	01	950	950	00	28039013	0	0	0	0	0	0	0	0
$4	70	23	2	0	0	5440	5440
$1	70	24	1	0	4151	1.00	3750	22.10.20	17:04	1	01	3750	3750	00	5903641980715	0	0	0	0	0	0	0	0
$1	70	24	2	0	0505	1.00	3400	22.10.20	17:04	1	01	3400	3400	00	5907502687515	0	0	0	0	0	0	0	0
$1	70	24	3	0	2169	1.00	1190	22.10.20	17:07	1	01	1190	1190	00	13021696	0	0	0	0	0	0	0	0
$4	70	24	2	0	0	8340	8340
$1	70	25	1	0	1825	1.00	2350	22.10.20	17:22	1	01	2350	2350	00	10004777	0	0	0	0	0	0	0	0
$4	70	25	2	0	0	2350	2350
$1	70	26	1	0	3482	1.00	1550	22.10.20	17:23	1	01	1550	1550	00	1034820	0	0	0	0	0	0	0	0
$4	70	26	2	0	0	1550	1550
$14	01	22.10.21	09:32	4
$13	00	1	22.10.21	09:32	01	0	0	0	0	0	0	0	0	0	             
$1	71	1	1	0	0557	1.00	2600	22.10.21	10:00	1	01	2600	2600	00	5902249010411	0	0	0	0	0	0	0	0
$4	71	1	1	0	0	2600	2600
$1	71	2	1	0	1211	1.00	450	22.10.21	10:28	2	01	450	450	00	5909994309920	0	0	0	0	0	0	0	0
$1	71	2	2	0	1172	1.00	550	22.10.21	10:28	2	01	550	550	00	5909994308725	0	0	0	0	0	0	0	0
$4	71	2	1	0	0	1000	1000
$1	71	3	1	0	1178	1.00	450	22.10.21	10:31	2	01	450	450	00	5909990628360	0	0	0	0	0	0	0	0
$4	71	3	1	0	0	450	450
$1	71	4	1	0	2265	1.00	850	22.10.21	10:45	2	01	850	850	00	10003848	0	0	0	0	0	0	0	0
$1	71	4	2	0	4207	1.00	390	22.10.21	10:51	1	01	390	390	00	8691190801281	0	0	0	0	0	0	0	0
$1	71	4	3	0	2053	1.00	2550	22.10.21	10:51	1	01	2550	2550	00	11020530	0	0	0	0	0	0	0	0
$4	71	4	1	0	0	5000	5000
$4	71	4	1	0	1	1210	1210
$1	71	5	1	0	1184	2.00	900	22.10.21	11:01	2	01	900	900	00	5909990628377	0	0	0	0	0	0	0	0
$1	71	5	2	0	1007	1.00	690	22.10.21	11:02	2	01	690	690	00	5907752643460	0	0	0	0	0	0	0	0
$4	71	5	2	0	0	1590	1590
$1	71	6	1	0	1010	1.00	450	22.10.21	11:04	4	01	450	450	00	5906365702908	0	0	0	0	0	0	0	0
$4	71	6	2	0	0	450	450
$1	71	7	1	0	4256	1.00	4990	22.10.21	11:05	1	01	4990	4990	00	10002117	0	0	0	0	0	0	0	0
$4	71	7	2	0	0	4990	4990
$1	71	8	1	0	1211	2.00	900	22.10.21	11:53	2	01	900	900	00	5909994309920	0	0	0	0	0	0	0	0
$1	71	8	2	0	1107	2.00	900	22.10.21	11:53	2	01	900	900	00	5909994311466	0	0	0	0	0	0	0	0
$1	71	8	3	0	1165	1.00	490	22.10.21	11:53	2	01	490	490	00	5909994311169	0	0	0	0	0	0	0	0
$1	71	8	4	0	1016	1.00	450	22.10.21	11:53	4	01	450	450	00	5906365702380	0	0	0	0	0	0	0	0
$4	71	8	1	0	0	4000	4000
$4	71	8	1	0	1	1260	1260
$1	71	9	1	0	1010	1.00	450	22.10.21	12:55	4	01	450	450	00	5906365702908	0	0	0	0	0	0	0	0
$4	71	9	1	0	0	450	450
$1	71	10	1	0	1178	2.00	900	22.10.21	14:50	2	01	900	900	00	5909990628360	0	0	0	0	0	0	0	0
$4	71	10	2	0	0	900	900
$1	71	11	1	0	1318	1.00	1090	22.10.21	15:09	1	01	1090	1090	00	8691190890544	0	0	0	0	0	0	0	0
$4	71	11	2	0	0	1090	1090
$1	71	12	1	0	1180	1.00	450	22.10.21	16:06	2	01	450	450	00	5909994312166	0	0	0	0	0	0	0	0
$1	71	12	2	0	1248	1.00	1090	22.10.21	16:06	2	01	1090	1090	00	5909990628254	0	0	0	0	0	0	0	0
$1	71	12	3	0	1031	1.00	1300	22.10.21	16:06	4	01	1300	1300	00	5905279799639	0	0	0	0	0	0	0	0
$1	71	12	4	0	1069	1.00	750	22.10.21	16:06	2	01	750	750	00	5906365702151	0	0	0	0	0	0	0	0
$1	71	12	5	0	1107	1.00	450	22.10.21	16:06	2	01	450	450	00	5909994311466	0	0	0	0	0	0	0	0
$4	71	12	2	0	0	4040	4040
$1	71	13	1	0	0451	1.00	4300	22.10.21	16:55	1	01	4300	4300	00	5907502687102	0	0	0	0	0	0	0	0
$1	71	13	2	0	3580	1.00	750	22.10.21	16:55	2	01	750	750	00	10004029	0	0	0	0	0	0	0	0
$4	71	13	1	0	0	5050	5050
$14	01	22.10.22	09:25	4
$13	00	1	22.10.22	09:25	01	0	0	0	0	0	0	0	0	0	             
$1	72	1	1	0	0325	1.00	1950	22.10.22	09:42	1	01	1950	1950	00	5905279370319	0	0	0	0	0	0	0	0
$4	72	1	1	0	0	2000	2000
$4	72	1	1	0	1	050	050
$1	72	2	1	0	3106	1.00	1850	22.10.22	09:45	1	01	1850	1850	00	5900168908154	0	0	0	0	0	0	0	0
$4	72	2	1	0	0	2000	2000
$4	72	2	1	0	1	150	150
$1	72	3	1	0	0006	1.000	3990	22.10.22	10:10	1	01	3990	3990	00		0	0	0	0	0	0	0	0
$4	72	3	1	0	0	10000	10000
$4	72	3	1	0	1	6010	6010
$1	72	4	1	0	2350	1.00	750	22.10.22	10:13	1	01	750	750	00	15023506	0	0	0	0	0	0	0	0
$1	72	4	2	0	2053	1.00	2550	22.10.22	10:14	1	01	2550	2550	00	11020530	0	0	0	0	0	0	0	0
$1	72	4	3	0	4161	1.00	990	22.10.22	10:14	1	01	990	990	00	10000946	0	0	0	0	0	0	0	0
$1	72	4	4	0	3353	1.00	475	22.10.22	10:14	1	01	475	950	00	4033530	0	0	0	0	0	0	0	1
$4	72	4	2	0	0	4765	4765
$1	72	5	1	0	1112	1.00	690	22.10.22	10:39	2	01	690	690	00	5906365702267	0	0	0	0	0	0	0	0
$1	72	5	2	0	1369	1.00	890	22.10.22	10:39	1	01	890	890	00	8691190142018	0	0	0	0	0	0	0	0
$4	72	5	1	0	0	1580	1580
$1	72	6	1	0	3922	1.00	4543	22.10.22	10:52	1	01	4543	6490	00	14039225	0	0	0	0	0	0	0	1
$1	72	6	2	0	4160	2.00	1980	22.10.22	10:53	1	01	1980	1980	00	10000939	0	0	0	0	0	0	0	0
$4	72	6	2	0	0	6523	6523
$1	72	7	1	0	3026	1.00	1350	22.10.22	11:13	2	01	1350	1350	00	20030261	0	0	0	0	0	0	0	0
$4	72	7	2	0	0	1350	1350
$1	72	8	1	0	4240	1.00	2690	22.10.22	11:18	1	01	2690	2690	00	10001080	0	0	0	0	0	0	0	0
$4	72	8	2	0	0	2690	2690
$1	72	9	1	0	0869	1.00	5490	22.10.22	11:25	1	01	5490	5490	00	4008699	0	0	0	0	0	0	0	0
$4	72	9	2	0	0	5490	5490
$1	72	10	1	0	3021	1.00	1590	22.10.22	11:27	2	01	1590	1590	00	5903246869934	0	0	0	0	0	0	0	0
$1	72	10	2	0	1055	1.00	950	22.10.22	11:28	4	01	950	950	00	5010554	0	0	0	0	0	0	0	0
$4	72	10	2	0	0	2540	2540
$1	72	11	1	0	0455	1.00	4350	22.10.22	11:34	1	01	4350	4350	00	5907502687171	0	0	0	0	0	0	0	0
$1	72	11	2	0	2019	1.00	1790	22.10.22	11:35	1	01	1790	1790	00	9020191	0	0	0	0	0	0	0	0
$4	72	11	2	0	0	6140	6140
$1	72	12	1	0	1851	1.00	9990	22.10.22	11:38	1	01	9990	9990	00	8018519	0	0	0	0	0	0	0	0
$4	72	12	2	0	0	9990	9990
$1	72	13	1	0	2759	1.00	2490	22.10.22	11:38	1	01	2490	2490	00	36027590	0	0	0	0	0	0	0	0
$4	72	13	2	0	0	2490	2490
$1	72	14	1	0	1035	4.00	1960	22.10.22	11:43	4	01	1960	1960	00	5909994310124	0	0	0	0	0	0	0	0
$1	72	14	2	0	1037	2.00	1100	22.10.22	11:44	2	01	1100	1100	00	5905279799424	0	0	0	0	0	0	0	0
$4	72	14	2	0	0	3060	3060
$1	72	15	1	0	2350	1.00	750	22.10.22	11:45	1	01	750	750	00	15023506	0	0	0	0	0	0	0	0
$4	72	15	2	0	0	750	750
$1	72	16	1	0	3793	1.00	4050	22.10.22	11:49	1	01	4050	4050	00	19361	0	0	0	0	0	0	0	0
$1	72	16	2	0	2473	1.00	1490	22.10.22	11:49	1	01	1490	1490	00	8691190466060	0	0	0	0	0	0	0	0
$1	72	16	3	0	0486	1.00	1990	22.10.22	11:49	1	01	1990	1990	00	5902249010688	0	0	0	0	0	0	0	0
$1	72	16	4	0	2050	1.00	2550	22.10.22	11:51	1	01	2550	2550	00	11020509	0	0	0	0	0	0	0	0
$4	72	16	2	0	0	10080	10080
$1	72	17	1	0	2440	1.00	2890	22.10.22	11:55	1	01	2890	2890	00	16024403	0	0	0	0	0	0	0	0
$1	72	17	2	0	0182	1.000	620	22.10.22	11:55	2	01	620	620	00		0	0	0	0	0	0	0	0
$4	72	17	2	0	0	3510	3510
$1	72	18	1	0	2697	1.00	2890	22.10.22	12:13	3	01	2890	3190	00	17026970	0	0	0	0	0	0	0	1
$4	72	18	2	0	0	2890	2890
$1	72	19	1	0	2350	1.00	750	22.10.22	12:32	1	01	750	750	00	15023506	0	0	0	0	0	0	0	0
$1	72	19	2	0	3901	2.00	1900	22.10.22	12:33	1	01	1900	1900	00	28039013	0	0	0	0	0	0	0	0
$4	72	19	2	0	0	2650	2650
$1	72	20	1	0	3266	1.00	4190	22.10.22	13:18	1	01	4190	4190	00	10000557	0	0	0	0	0	0	0	0
$1	72	20	2	0	4127	1.00	3750	22.10.22	13:18	1	01	3750	3750	00	10000588	0	0	0	0	0	0	0	0
$4	72	20	2	0	0	7940	7940
$1	72	21	1	0	0983	1.00	562	22.10.22	13:23	4	01	562	750	00	5009831	0	0	0	0	0	0	0	1
$4	72	21	1	0	0	562	562
$14	01	22.10.25	09:34	4
$13	00	1	22.10.25	09:34	01	0	0	0	0	0	0	0	0	0	             
$1	73	1	1	0	0002	1.000	2990	22.10.25	09:49	1	01	2990	2990	00		0	0	0	0	0	0	0	0
$1	73	1	2	0	2350	1.00	750	22.10.25	09:49	1	01	750	750	00	15023506	0	0	0	0	0	0	0	0
$1	73	1	3	0	1718	1.00	4500	22.10.25	09:49	1	01	4500	4500	00	10002889	0	0	0	0	0	0	0	0
$4	73	1	1	0	0	10000	10000
$4	73	1	1	0	1	1760	1760
$1	73	2	1	0	4244	1.00	1725	22.10.25	11:14	1	01	1725	3450	00	10001127	0	0	0	0	0	0	0	1
$1	73	2	2	0	2053	1.00	1275	22.10.25	11:15	1	01	1275	2550	00	11020530	0	0	0	0	0	0	0	1
$1	73	2	3	0	3037	1.00	375	22.10.25	11:15	2	01	375	750	00	10003763	0	0	0	0	0	0	0	1
$4	73	2	1	0	0	3375	3375
$1	73	3	1	0	1184	4.00	1800	22.10.25	12:22	2	01	1800	1800	00	5909990628377	0	0	0	0	0	0	0	0
$4	73	3	1	0	0	2000	2000
$4	73	3	1	0	1	200	200
$1	73	4	1	0	2611	1.00	1490	22.10.25	12:44	2	01	1490	1890	00	17026116	0	0	0	0	0	0	0	1
$4	73	4	1	0	0	2000	2000
$4	73	4	1	0	1	510	510
$1	73	5	1	0	4240	1.00	2690	22.10.25	12:58	1	01	2690	2690	00	10001080	0	0	0	0	0	0	0	0
$1	73	5	2	0	4244	1.00	3450	22.10.25	12:58	1	01	3450	3450	00	10001127	0	0	0	0	0	0	0	0
$4	73	5	2	0	0	6140	6140
$1	73	6	1	0	2350	2.00	1500	22.10.25	13:02	1	01	1500	1500	00	15023506	0	0	0	0	0	0	0	0
$4	73	6	2	0	0	1500	1500
$1	73	7	1	0	3058	1.00	950	22.10.25	13:09	2	01	950	950	00	10003893	0	0	0	0	0	0	0	0
$1	73	7	2	0	3589	1.00	1290	22.10.25	13:09	2	01	1290	1290	00	10004296	0	0	0	0	0	0	0	0
$4	73	7	2	0	0	2240	2240
$1	73	8	1	0	3653	1.00	1990	22.10.25	13:12	1	01	1990	1990	00	9036536	0	0	0	0	0	0	0	0
$4	73	8	2	0	0	1990	1990
$1	73	9	1	0	3459	1.00	2395	22.10.25	14:32	1	01	2395	4790	00	10000021	0	0	0	0	0	0	0	1
$4	73	9	1	0	0	2395	2395
$1	73	10	1	0	1820	1.00	2150	22.10.25	14:39	1	01	2150	2150	00	5701278288101	0	0	0	0	0	0	0	0
$4	73	10	2	0	0	2150	2150
$1	73	11	1	0	1249	1.00	790	22.10.25	14:40	2	01	790	790	00	5909994310667	0	0	0	0	0	0	0	0
$1	73	11	2	0	1103	1.00	590	22.10.25	14:42	2	01	590	590	00	5905279799004	0	0	0	0	0	0	0	0
$4	73	11	2	0	0	1380	1380
$1	73	12	1	0	2350	1.00	750	22.10.25	14:47	1	01	750	750	00	15023506	0	0	0	0	0	0	0	0
$4	73	12	2	0	0	750	750
$1	73	13	1	0	1081	1.00	550	22.10.25	15:25	4	01	550	550	00	5906365702816	0	0	0	0	0	0	0	0
$1	73	13	2	0	2053	2.00	5100	22.10.25	15:25	1	01	5100	5100	00	11020530	0	0	0	0	0	0	0	0
$4	73	13	2	0	0	5650	5650
$1	73	14	1	0	2350	3.00	2250	22.10.25	15:26	1	01	2250	2250	00	15023506	0	0	0	0	0	0	0	0
$4	73	14	1	0	0	5000	5000
$4	73	14	1	0	1	2750	2750
$1	73	15	1	0	2311	1.00	3900	22.10.25	15:58	1	01	3900	3900	00	5903641980128	0	0	0	0	0	0	0	0
$1	73	15	2	0	4125	1.00	4190	22.10.25	15:58	1	01	4190	4190	00	10000540	0	0	0	0	0	0	0	0
$1	73	15	3	0	4149	1.00	4850	22.10.25	15:59	1	01	4850	4850	00	5906660352327	0	0	0	0	0	0	0	0
$1	73	15	4	0	0624	1.00	3700	22.10.25	15:59	1	01	3700	3700	00	5902249011296	0	0	0	0	0	0	0	0
$1	73	15	5	0	0538	1.00	2490	22.10.25	16:01	1	01	2490	2490	00	5902249010077	0	0	0	0	0	0	0	0
$1	73	15	6	0	0463	1.00	2500	22.10.25	16:01	1	01	2500	2500	00	5907502687249	0	0	0	0	0	0	0	0
$1	73	15	7	0	0466	1.00	2300	22.10.25	16:01	1	01	2300	2300	00	5907502687089	0	0	0	0	0	0	0	0
$4	73	15	2	0	0	23930	23930
$1	73	16	1	0	4293	1.00	10450	22.10.25	16:11	1	01	10450	10450	00	10002568	0	0	0	0	0	0	0	0
$4	73	16	1	0	0	10500	10500
$4	73	16	1	0	1	050	050
$1	73	17	1	0	1458	1.00	2090	22.10.25	16:15	1	01	2090	2090	00	10003121	0	0	0	0	0	0	0	0
$1	73	17	2	0	1882	1.00	3900	22.10.25	16:16	1	01	3900	3900	00	5907688710328	0	0	0	0	0	0	0	0
$4	73	17	2	0	0	5990	5990
$1	73	18	1	0	4097	1.00	5590	22.10.25	16:22	1	01	5590	5590	00	10000175	0	0	0	0	0	0	0	0
$4	73	18	1	0	0	10000	10000
$4	73	18	1	0	1	4410	4410
$1	73	19	1	0	4284	1.00	5650	22.10.25	16:37	1	01	5650	5650	00	10002476	0	0	0	0	0	0	0	0
$1	73	19	2	0	4283	1.00	7590	22.10.25	16:38	1	01	7590	7590	00	10002339	0	0	0	0	0	0	0	0
$4	73	19	1	0	0	20000	20000
$4	73	19	1	0	1	6760	6760
$1	73	20	1	0	4297	1.00	5850	22.10.25	16:42	1	01	5850	5850	00	10002612	0	0	0	0	0	0	0	0
$4	73	20	1	0	0	6000	6000
$4	73	20	1	0	1	150	150
$1	73	21	1	0	0396	1.00	1890	22.10.25	17:01	1	01	1890	1890	00	5900168907775	0	0	0	0	0	0	0	0
$1	73	21	2	0	4240	1.00	2690	22.10.25	17:01	1	01	2690	2690	00	10001080	0	0	0	0	0	0	0	0
$1	73	21	3	0	2307	1.00	4190	22.10.25	17:01	1	01	4190	4190	00	10000564	0	0	0	0	0	0	0	0
$1	73	21	4	0	1574	1.00	550	22.10.25	17:01	4	01	550	550	00	5906660817215	0	0	0	0	0	0	0	0
$4	73	21	2	0	0	9320	9320
$14	01	22.10.26	09:38	4
$13	00	1	22.10.26	09:38	01	0	0	0	0	0	0	0	0	0	             
$1	74	1	1	0	0983	1.00	750	22.10.26	10:09	4	01	750	750	00	5009831	0	0	0	0	0	0	0	0
$4	74	1	1	0	0	1000	1000
$4	74	1	1	0	1	250	250
$1	74	2	1	0	2350	2.00	1500	22.10.26	10:14	1	01	1500	1500	00	15023506	0	0	0	0	0	0	0	0
$4	74	2	2	0	0	1500	1500
$1	74	3	1	0	0581	1.00	2690	22.10.26	10:37	1	01	2690	2690	00	5902249010572	0	0	0	0	0	0	0	0
$4	74	3	1	0	0	10000	10000
$4	74	3	1	0	1	7310	7310
$1	74	4	1	0	1555	1.00	2890	22.10.26	11:56	4	01	2890	2890	00	7015557	0	0	0	0	0	0	0	0
$1	74	4	2	0	2050	1.00	2550	22.10.26	11:56	1	01	2550	2550	00	11020509	0	0	0	0	0	0	0	0
$4	74	4	2	0	0	5440	5440
$1	74	5	1	0	4135	1.00	3750	22.10.26	13:07	1	01	3750	3750	00	10000663	0	0	0	0	0	0	0	0
$1	74	5	2	0	3462	1.00	4950	22.10.26	13:07	1	01	4950	4950	00	14034626	0	0	0	0	0	0	0	0
$1	74	5	3	0	2011	1.00	3150	22.10.26	13:08	2	01	3150	3150	00	9020115	0	0	0	0	0	0	0	0
$4	74	5	1	0	0	12000	12000
$4	74	5	1	0	1	150	150
$1	74	6	1	0	1605	1.00	1050	22.10.26	13:10	1	01	1050	1050	00	5907804205004	0	0	0	0	0	0	0	0
$4	74	6	1	0	0	1050	1050
$1	74	7	1	0	3901	1.00	950	22.10.26	13:20	1	01	950	950	00	28039013	0	0	0	0	0	0	0	0
$4	74	7	1	0	0	1000	1000
$4	74	7	1	0	1	050	050
$1	74	8	1	0	3901	1.00	950	22.10.26	13:22	1	01	950	950	00	28039013	0	0	0	0	0	0	0	0
$4	74	8	2	0	0	950	950
$1	74	9	1	0	0031	1.000	2000	22.10.26	15:10	1	01	2000	2000	00		0	0	0	0	0	0	0	0
$4	74	9	1	0	0	2000	2000
$1	74	10	1	0	1112	1.00	517	22.10.26	15:30	2	01	517	690	00	5906365702267	0	0	0	0	0	0	0	1
$4	74	10	1	0	0	517	517
$14	01	22.10.27	09:40	4
$13	00	1	22.10.27	09:40	01	0	0	0	0	0	0	0	0	0	             
$1	75	1	1	0	0470	1.00	4100	22.10.27	10:17	1	01	4100	4100	00	5907502687263	0	0	0	0	0	0	0	0
$4	75	1	2	0	0	4100	4100
$1	75	2	1	0	0961	1.00	1290	22.10.27	11:47	2	01	1290	1290	00	5906365702885	0	0	0	0	0	0	0	0
$4	75	2	2	0	0	1290	1290
$1	75	3	1	0	0984	2.00	800	22.10.27	12:12	4	01	800	800	00	5906365702373	0	0	0	0	0	0	0	0
$1	75	3	2	0	1184	1.00	450	22.10.27	12:12	2	01	450	450	00	5909990628377	0	0	0	0	0	0	0	0
$4	75	3	1	0	0	1250	1250
$1	75	4	1	0	1212	2.00	1180	22.10.27	12:28	2	01	1180	1180	00	5909994310629	0	0	0	0	0	0	0	0
$4	75	4	2	0	0	1180	1180
$1	75	5	1	0	0895	1.00	4400	22.10.27	13:26	1	01	4400	4400	00	4008958	0	0	0	0	0	0	0	0
$1	75	5	2	0	0508	1.00	2190	22.10.27	13:27	1	01	2190	2190	00	5902249010459	0	0	0	0	0	0	0	0
$4	75	5	2	0	0	6590	6590
$1	75	6	1	0	1817	1.00	2150	22.10.27	14:11	1	01	2150	2150	00	5701278100908	0	0	0	0	0	0	0	0
$4	75	6	2	0	0	2150	2150
$1	75	7	1	0	1010	1.00	450	22.10.27	14:30	4	01	450	450	00	5906365702908	0	0	0	0	0	0	0	0
$4	75	7	1	0	0	2000	2000
$4	75	7	1	0	1	1550	1550
$1	75	8	1	0	0038	1.000	1190	22.10.27	16:35	1	01	1190	1190	00		0	0	0	0	0	0	0	0
$1	75	8	2	0	1842	1.00	3190	22.10.27	16:35	1	01	3190	3190	00	8018427	0	0	0	0	0	0	0	0
$1	75	8	3	0	3391	1.00	4450	22.10.27	16:36	1	01	4450	4450	00	5711914163808	0	0	0	0	0	0	0	0
$4	75	8	2	0	0	8830	8830
$1	75	9	1	0	0688	1.00	6690	22.10.27	16:49	1	01	6690	6690	00	10002698	0	0	0	0	0	0	0	0
$1	75	9	2	0	0688	1.00	6690	22.10.27	16:49	1	01	6690	6690	00	10002698	0	0	0	0	0	0	0	0
$1	75	9	3	0	2734	1.00	1690	22.10.27	16:49	2	01	1690	1690	00	10004128	0	0	0	0	0	0	0	0
$4	75	9	2	0	0	15070	15070
$1	75	10	1	0	1055	1.00	712	22.10.27	17:11	4	01	712	950	00	5010554	0	0	0	0	0	0	0	1
$4	75	10	1	0	0	712	712
$14	01	22.10.28	09:35	4
$13	00	1	22.10.28	09:35	01	0	0	0	0	0	0	0	0	0	             
$1	76	1	1	0	3462	1.00	4950	22.10.28	10:34	1	01	4950	4950	00	14034626	0	0	0	0	0	0	0	0
$1	76	1	2	0	2293	1.00	3950	22.10.28	10:35	1	01	3950	3950	00	14022937	0	0	0	0	0	0	0	0
$4	76	1	2	0	0	8900	8900
$10	76	2	1	0	1207	1.00	490	22.10.28	10:37	2	01	490	490	00	5909994309821	0	0	0	0	0	0	0	0
$1	76	2	1	0	1198	1.00	950	22.10.28	10:37	2	01	950	950	00	5909994401624	0	0	0	0	0	0	0	0
$1	76	2	2	0	1233	1.00	700	22.10.28	10:37	2	01	700	700	00	5909990628223	0	0	0	0	0	0	0	0
$4	76	2	1	0	0	2000	2000
$4	76	2	1	0	1	350	350
$1	76	3	1	0	1101	2.00	1100	22.10.28	11:02	4	01	1100	1100	00	5905279799172	0	0	0	0	0	0	0	0
$1	76	3	2	0	1181	2.00	900	22.10.28	11:02	2	01	900	900	00	5909994310964	0	0	0	0	0	0	0	0
$1	76	3	3	0	1210	2.00	800	22.10.28	11:03	2	01	800	800	00	5909994310360	0	0	0	0	0	0	0	0
$1	76	3	4	0	1226	2.00	980	22.10.28	11:03	2	01	980	980	00	5909990219025	0	0	0	0	0	0	0	0
$1	76	3	5	0	1202	2.00	1300	22.10.28	11:03	2	01	1300	1300	00	5909994309326	0	0	0	0	0	0	0	0
$1	76	3	6	0	1170	2.00	980	22.10.28	11:04	2	01	980	980	00	5909994311565	0	0	0	0	0	0	0	0
$1	76	3	7	0	1250	2.00	1300	22.10.28	11:04	2	01	1300	1300	00	5909990628278	0	0	0	0	0	0	0	0
$1	76	3	8	0	0996	2.00	1180	22.10.28	11:04	2	01	1180	1180	00	5906365702076	0	0	0	0	0	0	0	0
$1	76	3	9	0	1016	1.00	450	22.10.28	11:05	4	01	450	450	00	5906365702380	0	0	0	0	0	0	0	0
$1	76	3	10	0	1181	1.00	450	22.10.28	11:05	2	01	450	450	00	5909994310964	0	0	0	0	0	0	0	0
$1	76	3	11	0	1199	1.00	590	22.10.28	11:06	2	01	590	590	00	5909990195527	0	0	0	0	0	0	0	0
$1	76	3	12	0	1101	1.00	550	22.10.28	11:06	4	01	550	550	00	5905279799172	0	0	0	0	0	0	0	0
$1	76	3	13	0	1207	1.00	245	22.10.28	11:07	2	01	245	490	00	5909994309821	0	0	0	0	0	0	0	1
$1	76	3	14	0	1012	1.00	890	22.10.28	11:08	4	01	890	890	00	5909994310865	0	0	0	0	0	0	0	0
$1	76	3	15	0	1230	1.00	450	22.10.28	11:08	2	01	450	450	00	5909994310766	0	0	0	0	0	0	0	0
$1	76	3	16	0	1205	1.00	550	22.10.28	11:08	2	01	550	550	00	5909990628575	0	0	0	0	0	0	0	0
$1	76	3	17	0	1197	1.00	450	22.10.28	11:08	2	01	450	450	00	5909994309128	0	0	0	0	0	0	0	0
$4	76	3	2	0	0	13165	13165
$1	76	4	1	0	0971	1.00	790	22.10.28	11:14	2	01	790	790	00	5905279799516	0	0	0	0	0	0	0	0
$1	76	4	2	0	1000	1.00	590	22.10.28	11:14	2	01	590	590	00	5906365702922	0	0	0	0	0	0	0	0
$1	76	4	3	0	1602	1.00	850	22.10.28	11:18	1	01	850	850	00	7016028	0	0	0	0	0	0	0	0
$4	76	4	2	0	0	2230	2230
$1	76	5	1	0	0735	1.00	14500	22.10.28	12:36	1	01	14500	14500	00	3007358	0	0	0	0	0	0	0	0
$1	76	5	2	0	0231	1.000	300	22.10.28	12:38	1	01	300	300	00		0	0	0	0	0	0	0	0
$1	76	5	3	0	0906	1.00	5900	22.10.28	12:39	1	01	5900	5900	00	4009061	0	0	0	0	0	0	0	0
$1	76	5	4	0	0881	1.00	5490	22.10.28	12:39	1	01	5490	5490	00	4008811	0	0	0	0	0	0	0	0
$1	76	5	5	0	2162	1.00	1550	22.10.28	12:39	1	01	1550	1550	00	5901887032908	0	0	0	0	0	0	0	0
$1	76	5	6	0	4157	1.00	650	22.10.28	12:39	1	01	650	650	00	10000908	0	0	0	0	0	0	0	0
$1	76	5	7	0	3610	1.00	290	22.10.28	12:39	1	01	290	290	00	13036102	0	0	0	0	0	0	0	0
$1	76	5	8	0	3353	1.00	475	22.10.28	12:39	1	01	475	950	00	4033530	0	0	0	0	0	0	0	1
$4	76	5	2	0	0	29155	29155
$1	76	6	1	0	4169	1.00	5390	22.10.28	12:52	4	01	5390	5390	00	10001004	0	0	0	0	0	0	0	0
$4	76	6	2	0	0	5390	5390
$1	76	7	1	0	1237	3.00	3450	22.10.28	13:06	4	01	3450	3450	00	5012374	0	0	0	0	0	0	0	0
$4	76	7	2	0	0	3450	3450
$1	76	8	1	0	2612	1.00	1850	22.10.28	13:30	2	01	1850	1850	00	17026123	0	0	0	0	0	0	0	0
$4	76	8	2	0	0	1850	1850
$1	76	9	1	0	1068	1.00	650	22.10.28	14:03	2	01	650	650	00	5905279799400	0	0	0	0	0	0	0	0
$4	76	9	2	0	0	650	650
$1	76	10	1	0	0286	1.00	6350	22.10.28	14:13	1	01	6350	6350	00	79	0	0	0	0	0	0	0	0
$1	76	10	2	0	4026	1.00	1350	22.10.28	14:13	1	01	1350	1350	00	8691190115074	0	0	0	0	0	0	0	0
$1	76	10	3	0	4188	1.00	550	22.10.28	14:14	1	01	550	550	00	6101	0	0	0	0	0	0	0	0
$4	76	10	1	0	0	10000	10000
$4	76	10	1	0	1	1750	1750
$1	76	11	1	0	0951	1.00	550	22.10.28	14:20	4	01	550	550	00	5907752643569	0	0	0	0	0	0	0	0
$1	76	11	2	0	1252	1.00	1290	22.10.28	14:20	2	01	1290	1290	00	5905279799417	0	0	0	0	0	0	0	0
$1	76	11	3	0	4244	1.00	3450	22.10.28	14:28	1	01	3450	3450	00	10001127	0	0	0	0	0	0	0	0
$1	76	11	4	0	1606	1.00	890	22.10.28	14:28	1	01	890	890	00	7016066	0	0	0	0	0	0	0	0
$4	76	11	1	0	0	7000	7000
$4	76	11	1	0	1	820	820
$1	76	12	1	0	0570	1.00	690	22.10.28	14:36	1	01	690	690	00	5902249010503	0	0	0	0	0	0	0	0
$1	76	12	2	0	3619	1.00	250	22.10.28	14:36	1	01	250	250	00	5901887944713	0	0	0	0	0	0	0	0
$1	76	12	3	0	3353	1.00	475	22.10.28	14:36	1	01	475	950	00	4033530	0	0	0	0	0	0	0	1
$1	76	12	4	0	3559	1.00	1990	22.10.28	14:36	1	01	1990	1990	00	6013783	0	0	0	0	0	0	0	0
$4	76	12	1	0	0	3405	3405
$1	76	13	1	0	2146	1.00	850	22.10.28	14:39	2	01	850	850	00	25232	0	0	0	0	0	0	0	0
$4	76	13	1	0	0	850	850
$1	76	14	1	0	2440	1.00	2890	22.10.28	15:11	1	01	2890	2890	00	16024403	0	0	0	0	0	0	0	0
$1	76	14	2	0	0843	1.00	690	22.10.28	15:11	2	01	690	690	00	10003589	0	0	0	0	0	0	0	0
$1	76	14	3	0	0195	1.000	400	22.10.28	15:12	1	01	400	400	00		0	0	0	0	0	0	0	0
$1	76	14	4	0	3353	1.00	475	22.10.28	15:12	1	01	475	950	00	4033530	0	0	0	0	0	0	0	1
$4	76	14	2	0	0	4455	4455
$1	76	15	1	0	2053	1.00	2550	22.10.28	15:18	1	01	2550	2550	00	11020530	0	0	0	0	0	0	0	0
$4	76	15	2	0	0	2550	2550
$1	76	16	1	0	1513	2.00	4380	22.10.28	15:46	4	01	4380	4380	00	7015137	0	0	0	0	0	0	0	0
$4	76	16	2	0	0	4380	4380
$1	76	17	1	0	3901	3.00	2850	22.10.28	16:05	1	01	2850	2850	00	28039013	0	0	0	0	0	0	0	0
$4	76	17	1	0	0	3000	3000
$4	76	17	1	0	1	150	150
$1	76	18	1	0	0664	1.00	2590	22.10.28	16:59	1	01	2590	2590	00	5902249014938	0	0	0	0	0	0	0	0
$1	76	18	2	0	0510	1.00	2590	22.10.28	16:59	1	01	2590	2590	00	5902249010466	0	0	0	0	0	0	0	0
$1	76	18	3	0	4117	1.00	2650	22.10.28	16:59	1	01	2650	2650	00	10000410	0	0	0	0	0	0	0	0
$4	76	18	1	0	0	8000	8000
$4	76	18	1	0	1	170	170
$1	76	19	1	0	2053	1.00	2550	22.10.28	17:09	1	01	2550	2550	00	11020530	0	0	0	0	0	0	0	0
$1	76	19	2	0	0457	1.00	1300	22.10.28	17:09	1	01	1300	1300	00	5907502687065	0	0	0	0	0	0	0	0
$4	76	19	2	0	0	3850	3850
$1	76	20	1	0	0357	1.00	1750	22.10.28	17:12	1	01	1750	1750	00	5900168902589	0	0	0	0	0	0	0	0
$4	76	20	1	0	0	1750	1750
$10	76	21	1	0	0038	1.000	1590	22.10.28	17:24	1	01	1590	1590	00		0	0	0	0	0	0	0	0
$1	76	21	1	0	0038	1.000	1190	22.10.28	17:25	1	01	1190	1190	00		0	0	0	0	0	0	0	0
$4	76	21	1	0	0	1190	1190
$14	01	22.10.29	09:28	4
$13	00	1	22.10.29	09:28	01	0	0	0	0	0	0	0	0	0	             
$1	77	1	1	0	1461	1.00	2850	22.10.29	10:36	1	01	2850	2850	00	10003190	0	0	0	0	0	0	0	0
$4	77	1	2	0	0	2850	2850
$1	77	2	1	0	0286	1.00	6350	22.10.29	10:49	1	01	6350	6350	00	57044170	0	0	0	0	0	0	0	0
$1	77	2	2	0	1573	1.00	550	22.10.29	10:49	4	01	550	550	00	5906660817208	0	0	0	0	0	0	0	0
$1	77	2	3	0	1574	1.00	550	22.10.29	10:49	4	01	550	550	00	5906660817215	0	0	0	0	0	0	0	0
$4	77	2	1	0	0	10000	10000
$4	77	2	1	0	1	2550	2550
$1	77	3	1	0	1115	1.00	550	22.10.29	11:46	2	01	550	550	00	5905279799615	0	0	0	0	0	0	0	0
$4	77	3	2	0	0	550	550
$1	77	4	1	0	3447	1.00	4990	22.10.29	12:08	1	01	4990	4990	00	10000014	0	0	0	0	0	0	0	0
$1	77	4	2	0	3557	1.00	4590	22.10.29	12:08	1	01	4590	4590	00	10000052	0	0	0	0	0	0	0	0
$1	77	4	3	0	1945	1.00	1600	22.10.29	12:09	2	01	1600	1600	00	9019454	0	0	0	0	0	0	0	0
$1	77	4	4	0	2009	1.00	3350	22.10.29	12:09	1	01	3350	3350	00	9020092	0	0	0	0	0	0	0	0
$4	77	4	2	0	0	14530	14530
$1	77	5	1	0	0306	1.00	2190	22.10.29	12:14	1	01	2190	2190	00	5900168908475	0	0	0	0	0	0	0	0
$1	77	5	2	0	3013	1.00	1890	22.10.29	12:14	1	01	1890	1890	00	5900168908093	0	0	0	0	0	0	0	0
$4	77	5	2	0	0	4080	4080
$1	77	6	1	0	1711	1.00	5990	22.10.29	12:25	1	01	5990	5990	00	10003282	0	0	0	0	0	0	0	0
$1	77	6	2	0	1446	1.00	1990	22.10.29	12:25	1	01	1990	1990	00	10002872	0	0	0	0	0	0	0	0
$1	77	6	3	0	1589	1.00	1590	22.10.29	12:29	1	01	1590	1590	00	7015892	0	0	0	0	0	0	0	0
$1	77	6	4	0	1534	1.00	1250	22.10.29	12:29	1	01	1250	1250	00	7015342	0	0	0	0	0	0	0	0
$1	77	6	5	0	4328	1.00	1350	22.10.29	12:29	2	01	1350	1350	00	10004227	0	0	0	0	0	0	0	0
$1	77	6	6	0	3095	1.00	750	22.10.29	12:29	2	01	750	750	00	10003985	0	0	0	0	0	0	0	0
$1	77	6	7	0	3091	1.00	650	22.10.29	12:29	2	01	650	650	00	10003909	0	0	0	0	0	0	0	0
$1	77	6	8	0	1573	1.00	550	22.10.29	12:29	4	01	550	550	00	5906660817208	0	0	0	0	0	0	0	0
$1	77	6	9	0	1574	1.00	550	22.10.29	12:29	4	01	550	550	00	5906660817215	0	0	0	0	0	0	0	0
$4	77	6	2	0	0	14670	14670
$14	01	22.11.02	10:32	4
$13	00	1	22.11.02	10:32	01	0	0	0	0	0	0	0	0	0	             
$1	78	1	1	0	4164	1.00	2150	22.11.02	11:15	3	01	2150	2150	00	6012779	0	0	0	0	0	0	0	0
$1	78	1	2	0	3589	1.00	1290	22.11.02	11:15	2	01	1290	1290	00	10004296	0	0	0	0	0	0	0	0
$1	78	1	3	0	3021	1.00	1590	22.11.02	11:16	2	01	1590	1590	00	5903246869934	0	0	0	0	0	0	0	0
$1	78	1	4	0	3070	1.00	1390	22.11.02	11:16	2	01	1390	1390	00	5902741004413	0	0	0	0	0	0	0	0
$1	78	1	5	0	1237	1.00	1150	22.11.02	11:16	4	01	1150	1150	00	5012374	0	0	0	0	0	0	0	0
$4	78	1	1	0	0	10000	10000
$4	78	1	1	0	1	2430	2430
$1	78	2	1	0	1373	1.00	1850	22.11.02	11:29	1	01	1850	1850	00	6013738	0	0	0	0	0	0	0	0
$4	78	2	1	0	0	1850	1850
$1	78	3	1	0	2053	1.00	2550	22.11.02	12:24	1	01	2550	2550	00	11020530	0	0	0	0	0	0	0	0
$4	78	3	1	0	0	2550	2550
$1	78	4	1	0	1012	3.00	2670	22.11.02	12:25	4	01	2670	2670	00	5909994310865	0	0	0	0	0	0	0	0
$1	78	4	2	0	1116	1.00	590	22.11.02	12:25	2	01	590	590	00	5906365702335	0	0	0	0	0	0	0	0
$1	78	4	3	0	1184	2.00	900	22.11.02	12:26	2	01	900	900	00	5909990628377	0	0	0	0	0	0	0	0
$4	78	4	2	0	0	4160	4160
$1	78	5	1	0	3358	1.00	1050	22.11.02	12:37	1	01	1050	1050	00	22033581	0	0	0	0	0	0	0	0
$4	78	5	1	0	0	1050	1050
$1	78	6	1	0	3361	1.00	1190	22.11.02	12:39	1	01	1190	1190	00	22033611	0	0	0	0	0	0	0	0
$4	78	6	1	0	0	1190	1190
$1	78	7	1	0	0989	1.00	490	22.11.02	12:50	4	01	490	490	00	5905279799486	0	0	0	0	0	0	0	0
$4	78	7	1	0	0	490	490
$1	78	8	1	0	0612	1.00	1743	22.11.02	13:07	1	01	1743	2490	00	5902249011180	0	0	0	0	0	0	0	1
$1	78	8	2	0	3945	1.00	3090	22.11.02	13:07	1	01	3090	3090	00	8691190375027	0	0	0	0	0	0	0	0
$1	78	8	3	0	3907	1.00	8650	22.11.02	13:07	1	01	8650	8650	00	28039075	0	0	0	0	0	0	0	0
$4	78	8	2	0	0	13483	13483
$1	78	9	1	0	1321	1.00	3690	22.11.02	13:26	1	01	3690	3690	00	25652	0	0	0	0	0	0	0	0
$1	78	9	2	0	2024	1.00	2490	22.11.02	13:26	1	01	2490	2490	00	10020241	0	0	0	0	0	0	0	0
$4	78	9	2	0	0	6180	6180
$1	78	10	1	0	2052	1.00	9800	22.11.02	13:42	1	01	9800	9800	00	11020523	0	0	0	0	0	0	0	0
$1	78	10	2	0	2053	4.00	10200	22.11.02	13:42	1	01	10200	10200	00	11020530	0	0	0	0	0	0	0	0
$1	78	10	3	0	2053	1.00	2550	22.11.02	13:43	1	01	2550	2550	00	11020530	0	0	0	0	0	0	0	0
$1	78	10	4	0	0880	1.00	6850	22.11.02	13:43	1	01	6850	6850	00	4008804	0	0	0	0	0	0	0	0
$4	78	10	2	0	0	29400	29400
$1	78	11	1	0	2607	1.00	2150	22.11.02	14:20	2	01	2150	2150	00	17026079	0	0	0	0	0	0	0	0
$4	78	11	2	0	0	2150	2150
$10	78	12	1	0	4332	1.00	15190	22.11.02	14:36	1	01	15190	15190	00	10004647	0	0	0	0	0	0	0	0
$10	78	12	2	0	1162	1.00	490	22.11.02	14:36	2	01	490	490	00	5909994311763	0	0	0	0	0	0	0	0
$1	78	12	1	0	2053	1.00	2550	22.11.02	15:40	1	01	2550	2550	00	11020530	0	0	0	0	0	0	0	0
$1	78	12	2	0	0313	1.00	1850	22.11.02	15:40	1	01	1850	1850	00	5900168907249	0	0	0	0	0	0	0	0
$4	78	12	2	0	0	4400	4400
$1	78	13	1	0	0031	1.000	3650	22.11.02	15:41	1	01	3650	3650	00		0	0	0	0	0	0	0	0
$4	78	13	1	0	0	5000	5000
$4	78	13	1	0	1	1350	1350
$1	78	14	1	0	2350	3.00	2250	22.11.02	16:02	1	01	2250	2250	00	15023506	0	0	0	0	0	0	0	0
$4	78	14	2	0	0	2250	2250
$10	78	15	1	0	0664	1.00	2590	22.11.02	16:46	1	01	2590	2590	00	5902249014938	0	0	0	0	0	0	0	0
$10	78	15	2	0	4091	1.00	3000	22.11.02	16:48	1	01	3000	3000	00	1040913	0	0	0	0	0	0	0	0
$1	78	15	1	0	4091	1.00	3000	22.11.02	16:48	1	01	3000	3000	00	1040913	0	0	0	0	0	0	0	0
$4	78	15	2	0	0	3000	3000
$1	78	16	1	0	1956	1.00	1700	22.11.02	17:17	2	01	1700	1700	00	9019560	0	0	0	0	0	0	0	0
$4	78	16	1	0	0	2000	2000
$4	78	16	1	0	1	300	300
$1	78	17	1	0	1133	1.00	875	22.11.02	18:29	4	01	875	1250	00	5011339	0	0	0	0	0	0	0	1
$4	78	17	1	0	0	875	875
$14	01	22.11.03	09:35	4
$13	00	1	22.11.03	09:35	01	0	0	0	0	0	0	0	0	0	             
$1	79	1	1	0	2350	1.00	750	22.11.03	10:15	1	01	750	750	00	15023506	0	0	0	0	0	0	0	0
$4	79	1	1	0	0	1000	1000
$4	79	1	1	0	1	250	250
$1	79	2	1	0	1231	1.00	490	22.11.03	10:55	2	01	490	490	00	5909994310469	0	0	0	0	0	0	0	0
$1	79	2	2	0	1249	1.00	790	22.11.03	10:55	2	01	790	790	00	5909994310667	0	0	0	0	0	0	0	0
$4	79	2	1	0	0	1500	1500
$4	79	2	1	0	1	220	220
$1	79	3	1	0	2009	1.00	3350	22.11.03	11:27	1	01	3350	3350	00	680275060864	0	0	0	0	0	0	0	0
$1	79	3	2	0	4245	1.00	3350	22.11.03	11:27	2	01	3350	3350	00	680275064213	0	0	0	0	0	0	0	0
$4	79	3	1	0	0	10000	10000
$4	79	3	1	0	1	3300	3300
$1	79	4	1	0	3353	1.00	475	22.11.03	11:44	1	01	475	950	00	4033530	0	0	0	0	0	0	0	1
$1	79	4	2	0	3353	1.00	475	22.11.03	11:44	1	01	475	950	00	4033530	0	0	0	0	0	0	0	1
$4	79	4	1	0	0	950	950
$1	79	5	1	0	0592	1.00	2400	22.11.03	11:52	1	01	2400	2400	00	10001851	0	0	0	0	0	0	0	0
$1	79	5	2	0	0593	1.00	2490	22.11.03	11:52	1	01	2490	2490	00	2005935	0	0	0	0	0	0	0	0
$1	79	5	3	0	2350	2.00	1500	22.11.03	11:53	1	01	1500	1500	00	15023506	0	0	0	0	0	0	0	0
$4	79	5	2	0	0	6390	6390
$1	79	6	1	0	2010	1.00	3190	22.11.03	12:01	2	01	3190	3190	00	9020108	0	0	0	0	0	0	0	0
$1	79	6	2	0	2936	1.00	3650	22.11.03	12:01	1	01	3650	3650	00	10003114	0	0	0	0	0	0	0	0
$4	79	6	2	0	0	6840	6840
$1	79	7	1	0	3113	1.00	850	22.11.03	12:04	2	01	850	850	00	20031138	0	0	0	0	0	0	0	0
$4	79	7	2	0	0	850	850
$1	79	8	1	0	0679	1.00	5250	22.11.03	13:04	1	01	5250	5250	00	10002230	0	0	0	0	0	0	0	0
$4	79	8	2	0	0	5250	5250
$1	79	9	1	0	2053	1.00	2550	22.11.03	14:00	1	01	2550	2550	00	11020530	0	0	0	0	0	0	0	0
$1	79	9	2	0	2050	1.00	2550	22.11.03	14:00	1	01	2550	2550	00	11020509	0	0	0	0	0	0	0	0
$4	79	9	1	0	0	5100	5100
$1	79	10	1	0	3901	1.00	950	22.11.03	14:03	1	01	950	950	00	28039013	0	0	0	0	0	0	0	0
$4	79	10	2	0	0	950	950
$1	79	11	1	0	1711	1.00	5990	22.11.03	14:25	1	01	5990	5990	00	10003282	0	0	0	0	0	0	0	0
$4	79	11	1	0	0	7000	7000
$4	79	11	1	0	1	1010	1010
$1	79	12	1	0	2053	1.00	2550	22.11.03	14:27	1	01	2550	2550	00	11020530	0	0	0	0	0	0	0	0
$1	79	12	2	0	3636	1.00	9790	22.11.03	14:28	1	01	9790	9790	00	18036367	0	0	0	0	0	0	0	0
$4	79	12	1	0	0	12340	12340
$1	79	13	1	0	3113	1.00	850	22.11.03	15:10	2	01	850	850	00	20031138	0	0	0	0	0	0	0	0
$4	79	13	1	0	0	850	850
$1	79	14	1	0	2391	1.00	2890	22.11.03	15:17	1	01	2890	2890	00	16023918	0	0	0	0	0	0	0	0
$4	79	14	2	0	0	2890	2890
$1	79	15	1	0	4294	1.00	9990	22.11.03	15:56	1	01	9990	9990	00	10002575	0	0	0	0	0	0	0	0
$4	79	15	1	0	0	9990	9990
$1	79	16	1	0	0976	1.00	1590	22.11.03	16:19	2	01	1590	1590	00	5009763	0	0	0	0	0	0	0	0
$4	79	16	1	0	0	2000	2000
$4	79	16	1	0	1	410	410
$14	01	22.11.04	09:47	4
$13	00	1	22.11.04	09:47	01	0	0	0	0	0	0	0	0	0	             
$1	80	1	1	0	3485	1.00	2850	22.11.04	10:04	1	01	2850	2850	00	1034851	0	0	0	0	0	0	0	0
$1	80	1	2	0	0895	1.00	4400	22.11.04	10:04	1	01	4400	4400	00	4008958	0	0	0	0	0	0	0	0
$4	80	1	2	0	0	7250	7250
$1	80	2	1	0	2350	1.00	750	22.11.04	10:24	1	01	750	750	00	15023506	0	0	0	0	0	0	0	0
$1	80	2	2	0	0002	1.000	2990	22.11.04	10:24	1	01	2990	2990	00		0	0	0	0	0	0	0	0
$4	80	2	2	0	0	3740	3740
$1	80	3	1	0	4340	1.00	8990	22.11.04	11:03	1	01	8990	8990	00	10004616	0	0	0	0	0	0	0	0
$4	80	3	2	0	0	8990	8990
$1	80	4	1	0	2050	1.00	2550	22.11.04	11:05	1	01	2550	2550	00	11020509	0	0	0	0	0	0	0	0
$4	80	4	2	0	0	2550	2550
$1	80	5	1	0	0026	1.000	2790	22.11.04	11:05	1	01	2790	2790	00		0	0	0	0	0	0	0	0
$4	80	5	1	0	0	3000	3000
$4	80	5	1	0	1	210	210
$1	80	6	1	0	0971	1.00	790	22.11.04	11:25	2	01	790	790	00	5009718	0	0	0	0	0	0	0	0
$1	80	6	2	0	4225	1.00	1590	22.11.04	11:25	1	01	1590	1590	00	8691190704209	0	0	0	0	0	0	0	0
$1	80	6	3	0	4216	1.00	390	22.11.04	11:26	1	01	390	390	00	11211	0	0	0	0	0	0	0	0
$4	80	6	2	0	0	2770	2770
$12	80	1	1	0	3153	1.00	2900	22.11.04	11:28	1	01	2900	2900	00	5902249015812	0	0	0	0	0	0	0	0
$1	80	7	1	0	4316	1.00	1450	22.11.04	11:33	4	01	1450	1450	00	10003855	0	0	0	0	0	0	0	0
$1	80	7	2	0	0304	1.00	2190	22.11.04	11:33	1	01	2190	2190	00	5900168908451	0	0	0	0	0	0	0	0
$1	80	7	3	0	3154	1.00	3550	22.11.04	11:33	1	01	3550	3550	00	5902249015904	0	0	0	0	0	0	0	0
$1	80	7	4	0	3481	1.00	2500	22.11.04	11:33	1	01	2500	2500	00	1034813	0	0	0	0	0	0	0	0
$1	80	7	5	0	0306	1.00	2190	22.11.04	11:33	1	01	2190	2190	00	5900168908475	0	0	0	0	0	0	0	0
$1	80	7	6	0	0307	1.00	3990	22.11.04	11:33	1	01	3990	3990	00	1003079	0	0	0	0	0	0	0	0
$4	80	7	2	0	0	15870	15870
$1	80	8	1	0	4285	1.00	6650	22.11.04	11:53	1	01	6650	6650	00	10002483	0	0	0	0	0	0	0	0
$1	80	8	2	0	4281	1.00	8750	22.11.04	11:53	1	01	8750	8750	00	10002421	0	0	0	0	0	0	0	0
$4	80	8	1	0	0	20000	20000
$4	80	8	1	0	1	4600	4600
$1	80	9	1	0	1714	1.00	4250	22.11.04	12:39	1	01	4250	4250	00	10003350	0	0	0	0	0	0	0	0
$1	80	9	2	0	0850	1.00	2490	22.11.04	12:40	1	01	2490	2490	00	4008507	0	0	0	0	0	0	0	0
$4	80	9	2	0	0	6740	6740
$1	80	10	1	0	4353	1.00	12590	22.11.04	12:49	1	01	12590	12590	00	10004746	0	0	0	0	0	0	0	0
$1	80	10	2	0	4354	1.00	14690	22.11.04	12:49	1	01	14690	14690	00	10004760	0	0	0	0	0	0	0	0
$1	80	10	3	0	4335	1.00	7290	22.11.04	12:49	1	01	7290	7290	00	10004364	0	0	0	0	0	0	0	0
$1	80	10	4	0	4337	1.00	7290	22.11.04	12:49	1	01	7290	7290	00	10004562	0	0	0	0	0	0	0	0
$1	80	10	5	0	2030	1.00	2690	22.11.04	12:49	1	01	2690	2690	00	10020302	0	0	0	0	0	0	0	0
$1	80	10	6	0	0297	1.00	2000	22.11.04	12:49	1	01	2000	2000	00	800307842750	0	0	0	0	0	0	0	0
$4	80	10	2	0	0	46550	46550
$1	80	11	1	0	4292	1.00	4850	22.11.04	13:35	1	01	4850	4850	00	10002551	0	0	0	0	0	0	0	0
$4	80	11	1	0	0	10000	10000
$4	80	11	1	0	1	5150	5150
$1	80	12	1	0	1560	1.00	4390	22.11.04	13:37	4	01	4390	4390	00	5907804205363	0	0	0	0	0	0	0	0
$1	80	12	2	0	1562	1.00	2690	22.11.04	13:37	4	01	2690	2690	00	7015625	0	0	0	0	0	0	0	0
$4	80	12	1	0	0	7080	7080
$1	80	13	1	0	1690	1.00	3250	22.11.04	14:40	1	01	3250	3250	00	7016905	0	0	0	0	0	0	0	0
$1	80	13	2	0	3076	1.00	490	22.11.04	14:40	2	01	490	490	00	10003664	0	0	0	0	0	0	0	0
$4	80	13	1	0	0	3740	3740
$1	80	14	1	0	0300	1.00	1225	22.11.04	14:46	1	01	1225	1750	00	5900168901490	0	0	0	0	0	0	0	1
$1	80	14	2	0	3609	1.00	290	22.11.04	14:47	1	01	290	290	00	13036096	0	0	0	0	0	0	0	0
$1	80	14	3	0	3619	1.00	250	22.11.04	14:47	1	01	250	250	00	5901887944713	0	0	0	0	0	0	0	0
$4	80	14	2	0	0	1765	1765
$1	80	15	1	0	3267	1.00	375	22.11.04	14:59	1	01	375	3750	00	14032677	0	0	0	0	0	0	0	1
$4	80	15	1	0	0	375	375
$10	80	16	1	0	1180	1.00	450	22.11.04	16:50	2	01	450	450	00	5909994312166	0	0	0	0	0	0	0	0
$1	80	16	1	0	1180	1.00	135	22.11.04	16:50	2	01	135	450	00	5909994312166	0	0	0	0	0	0	0	1
$1	80	16	2	0	1180	1.00	135	22.11.04	16:50	2	01	135	450	00	5909994312166	0	0	0	0	0	0	0	1
$1	80	16	3	0	1180	1.00	135	22.11.04	16:51	2	01	135	450	00	5909994312166	0	0	0	0	0	0	0	1
$1	80	16	4	0	1000	1.00	590	22.11.04	17:02	2	01	590	590	00	5906365702922	0	0	0	0	0	0	0	0
$1	80	16	5	0	0970	1.00	450	22.11.04	17:02	2	01	450	450	00	5907752643378	0	0	0	0	0	0	0	0
$1	80	16	6	0	1010	1.00	450	22.11.04	17:02	4	01	450	450	00	5906365702908	0	0	0	0	0	0	0	0
$1	80	16	7	0	1035	1.00	490	22.11.04	17:02	4	01	490	490	00	5909994310124	0	0	0	0	0	0	0	0
$1	80	16	8	0	1200	1.00	490	22.11.04	17:02	2	01	490	490	00	5909990628544	0	0	0	0	0	0	0	0
$1	80	16	9	0	1232	1.00	450	22.11.04	17:02	2	01	450	450	00	5909990219520	0	0	0	0	0	0	0	0
$1	80	16	10	0	0951	1.00	550	22.11.04	17:02	4	01	550	550	00	5907752643569	0	0	0	0	0	0	0	0
$4	80	16	1	0	0	10000	10000
$4	80	16	1	0	1	6125	6125
$1	80	17	1	0	1055	1.00	950	22.11.04	17:04	4	01	950	950	00	5010554	0	0	0	0	0	0	0	0
$4	80	17	1	0	0	950	950
$1	80	18	1	0	2293	1.00	3950	22.11.04	17:23	1	01	3950	3950	00	14022937	0	0	0	0	0	0	0	0
$1	80	18	2	0	2270	1.00	4190	22.11.04	17:23	1	01	4190	4190	00	14022708	0	0	0	0	0	0	0	0
$1	80	18	3	0	4124	1.00	4590	22.11.04	17:23	1	01	4590	4590	00	10000526	0	0	0	0	0	0	0	0
$4	80	18	2	0	0	12730	12730
$14	01	22.11.05	09:32	4
$13	00	1	22.11.05	09:32	01	0	0	0	0	0	0	0	0	0	             
$1	81	1	1	0	1901	1.00	1790	22.11.05	09:44	1	01	1790	1790	00	9019010	0	0	0	0	0	0	0	0
$1	81	1	2	0	2504	1.00	1350	22.11.05	09:44	1	01	1350	1350	00	10003947	0	0	0	0	0	0	0	0
$1	81	1	3	0	3124	1.00	1450	22.11.05	09:44	1	01	1450	1450	00	20031244	0	0	0	0	0	0	0	0
$4	81	1	2	0	0	4590	4590
$1	81	2	1	0	3976	1.00	3150	22.11.05	09:56	1	01	3150	3150	00	8691190967154	0	0	0	0	0	0	0	0
$4	81	2	1	0	0	10000	10000
$4	81	2	1	0	1	6850	6850
$1	81	3	1	0	1605	1.00	1050	22.11.05	10:22	1	01	1050	1050	00	7016059	0	0	0	0	0	0	0	0
$4	81	3	1	0	0	1050	1050
$1	81	4	1	0	3124	1.00	1450	22.11.05	10:30	1	01	1450	1450	00	20031244	0	0	0	0	0	0	0	0
$1	81	4	2	0	1903	1.00	1790	22.11.05	10:30	1	01	1790	1790	00	9019034	0	0	0	0	0	0	0	0
$4	81	4	2	0	0	3240	3240
$1	81	5	1	0	0810	1.00	3890	22.11.05	10:36	1	01	3890	3890	00	10002292	0	0	0	0	0	0	0	0
$1	81	5	2	0	0813	1.00	3290	22.11.05	10:36	1	01	3290	3290	00	10002346	0	0	0	0	0	0	0	0
$4	81	5	2	0	0	7180	7180
$1	81	6	1	0	2275	1.00	2490	22.11.05	10:54	1	01	2490	2490	00	5902249010695	0	0	0	0	0	0	0	0
$4	81	6	2	0	0	2490	2490
$1	81	7	1	0	2740	1.00	2390	22.11.05	11:11	1	01	2390	2390	00	14027406	0	0	0	0	0	0	0	0
$1	81	7	2	0	4120	1.00	2490	22.11.05	11:11	1	01	2490	2490	00	10000465	0	0	0	0	0	0	0	0
$4	81	7	2	0	0	4880	4880
$1	81	8	1	0	1713	1.00	2990	22.11.05	11:14	1	01	2990	2990	00	10003299	0	0	0	0	0	0	0	0
$1	81	8	2	0	3600	1.00	2550	22.11.05	11:14	3	01	2550	2550	00	17036009	0	0	0	0	0	0	0	0
$4	81	8	2	0	0	5540	5540
$1	81	9	1	0	0609	1.00	4600	22.11.05	11:32	1	01	4600	4600	00	5902249011111	0	0	0	0	0	0	0	0
$1	81	9	2	0	2737	1.00	850	22.11.05	11:37	2	01	850	850	00	5903246866865	0	0	0	0	0	0	0	0
$1	81	9	3	0	4235	1.00	1350	22.11.05	11:38	1	01	1350	1350	00	10001035	0	0	0	0	0	0	0	0
$4	81	9	1	0	0	10000	10000
$4	81	9	1	0	1	3200	3200
$1	81	10	1	0	4268	1.00	7850	22.11.05	11:40	1	01	7850	7850	00	10002223	0	0	0	0	0	0	0	0
$1	81	10	2	0	4270	1.00	3250	22.11.05	11:40	1	01	3250	3250	00	10002254	0	0	0	0	0	0	0	0
$1	81	10	3	0	4270	1.00	3250	22.11.05	11:40	1	01	3250	3250	00	10002254	0	0	0	0	0	0	0	0
$4	81	10	1	0	0	20000	20000
$4	81	10	1	0	1	5650	5650
$1	81	11	1	0	3901	1.00	950	22.11.05	11:48	1	01	950	950	00	28039013	0	0	0	0	0	0	0	0
$4	81	11	1	0	0	2000	2000
$4	81	11	1	0	1	1050	1050
$1	81	12	1	0	1142	1.00	1590	22.11.05	12:01	1	01	1590	1590	00	5905279799455	0	0	0	0	0	0	0	0
$4	81	12	1	0	0	2000	2000
$4	81	12	1	0	1	410	410
$1	81	13	1	0	0971	1.00	790	22.11.05	12:09	2	01	790	790	00	5009718	0	0	0	0	0	0	0	0
$1	81	13	2	0	1605	1.00	1050	22.11.05	12:09	1	01	1050	1050	00	7016059	0	0	0	0	0	0	0	0
$4	81	13	2	0	0	1840	1840
$1	81	14	1	0	0977	1.00	690	22.11.05	12:22	2	01	690	690	00	5009770	0	0	0	0	0	0	0	0
$1	81	14	2	0	3379	1.00	650	22.11.05	12:22	2	01	650	650	00	5900956000640	0	0	0	0	0	0	0	0
$4	81	14	2	0	0	1340	1340
$1	81	15	1	0	3221	1.00	4690	22.11.05	12:26	1	01	4690	4690	00	3032213	0	0	0	0	0	0	0	0
$1	81	15	2	0	4142	1.00	1190	22.11.05	12:26	1	01	1190	1190	00	10000731	0	0	0	0	0	0	0	0
$1	81	15	3	0	4145	1.00	1190	22.11.05	12:27	1	01	1190	1190	00	10000762	0	0	0	0	0	0	0	0
$4	81	15	2	0	0	7070	7070
$1	81	16	1	0	2418	1.00	2590	22.11.05	12:42	1	01	2590	2590	00	16024182	0	0	0	0	0	0	0	0
$4	81	16	2	0	0	2590	2590
$1	81	17	1	0	2350	1.00	750	22.11.05	12:52	1	01	750	750	00	15023506	0	0	0	0	0	0	0	0
$1	81	17	2	0	4188	1.00	550	22.11.05	12:52	1	01	550	550	00	6101	0	0	0	0	0	0	0	0
$4	81	17	2	0	0	1300	1300
$1	81	18	1	0	1821	1.00	2150	22.11.05	13:23	1	01	2150	2150	00	5701278288149	0	0	0	0	0	0	0	0
$1	81	18	2	0	1821	1.00	2150	22.11.05	13:23	1	01	2150	2150	00	5701278288149	0	0	0	0	0	0	0	0
$4	81	18	1	0	0	10000	10000
$4	81	18	1	0	1	5700	5700
$1	81	19	1	0	3907	1.00	8650	22.11.05	13:37	1	01	8650	8650	00	28039075	0	0	0	0	0	0	0	0
$1	81	19	2	0	3907	1.00	8650	22.11.05	13:37	1	01	8650	8650	00	28039075	0	0	0	0	0	0	0	0
