#1	COM255:1:STX6:1	5	2022.10.03	18:20	OPSpRoz4	WIN 13.32.2020	OPSPROZ4IN.txt	OPSPROZ4OUT.txt
#
#ELZAB Jota online 20000 PLU II gen. ver. 01 (identyfikator odczytany z urzadzenia i pliku ECRTBUF.TXT)
$1	49	1	1	0	1054	2.00	1100	22.09.21	09:40	4	01	1100	1100	00	5907752643873	0	0	0	0	0	0	0	0
$4	49	1	2	0	0	1100	1100
$1	49	2	1	0	4206	1.00	390	22.09.21	09:41	1	01	390	390	00	8691190801274	0	0	0	0	0	0	0	0
$1	49	2	2	0	4210	1.00	390	22.09.21	09:41	1	01	390	390	00	8691190801427	0	0	0	0	0	0	0	0
$4	49	2	2	0	0	780	780
$1	49	3	1	0	2350	1.00	750	22.09.21	10:34	1	01	750	750	00	15023506	0	0	0	0	0	0	0	0
$4	49	3	2	0	0	750	750
$1	49	4	1	0	1119	1.00	550	22.09.21	11:34	2	01	550	550	00	5906365702892	0	0	0	0	0	0	0	0
$4	49	4	1	0	0	10000	10000
$4	49	4	1	0	1	9450	9450
$1	49	5	1	0	3550	1.00	3450	22.09.21	12:04	1	01	3450	3450	00	8035509	0	0	0	0	0	0	0	0
$1	49	5	2	0	0027	1.000	1390	22.09.21	12:05	1	01	1390	1390	00		0	0	0	0	0	0	0	0
$4	49	5	2	0	0	4840	4840
$10	49	6	1	0	3900	1.00	3290	22.09.21	12:57	1	01	3290	3290	00	28039006	0	0	0	0	0	0	0	0
$10	49	6	2	0	3900	1.00	3290	22.09.21	12:58	1	01	3290	3290	00	28039006	0	0	0	0	0	0	0	0
$10	49	6	3	0	3901	2.00	1900	22.09.21	12:59	1	01	1900	1900	00	28039013	0	0	0	0	0	0	0	0
$1	49	6	1	0	3900	1.00	3290	22.09.21	12:59	1	01	3290	3290	00	28039006	0	0	0	0	0	0	0	0
$1	49	6	2	0	3901	1.00	950	22.09.21	12:59	1	01	950	950	00	28039013	0	0	0	0	0	0	0	0
$1	49	6	3	0	3901	1.00	950	22.09.21	12:59	1	01	950	950	00	28039013	0	0	0	0	0	0	0	0
$4	49	6	1	0	0	10000	10000
$4	49	6	1	0	1	4810	4810
$1	49	7	1	0	2663	1.00	790	22.09.21	13:10	4	01	790	790	00	17026635	0	0	0	0	0	0	0	0
$1	49	7	2	0	1017	1.00	550	22.09.21	13:10	2	01	550	550	00	5907752643361	0	0	0	0	0	0	0	0
$4	49	7	2	0	0	1340	1340
$1	49	8	1	0	0971	1.00	790	22.09.21	14:27	2	01	790	790	00	5009718	0	0	0	0	0	0	0	0
$1	49	8	2	0	1010	1.00	450	22.09.21	14:27	4	01	450	450	00	5906365702908	0	0	0	0	0	0	0	0
$4	49	8	2	0	0	1240	1240
$1	49	9	1	0	0971	1.00	592	22.09.21	15:28	2	01	592	790	00	5905279799516	0	0	0	0	0	0	0	1
$4	49	9	1	0	0	592	592
$1	49	10	1	0	4148	1.00	4850	22.09.21	15:31	1	01	4850	4850	00	10000793	0	0	0	0	0	0	0	0
$4	49	10	2	0	0	4850	4850
$1	49	11	1	0	4151	1.00	3750	22.09.21	16:21	1	01	3750	3750	00	10000830	0	0	0	0	0	0	0	0
$1	49	11	2	0	4152	1.00	3750	22.09.21	16:21	1	01	3750	3750	00	10000854	0	0	0	0	0	0	0	0
$4	49	11	2	0	0	7500	7500
$1	49	12	1	0	2050	1.00	2550	22.09.21	16:31	1	01	2550	2550	00	11020509	0	0	0	0	0	0	0	0
$1	49	12	2	0	2360	1.00	2950	22.09.21	16:31	1	01	2950	2950	00	16023604	0	0	0	0	0	0	0	0
$4	49	12	1	0	0	5500	5500
$14	01	22.09.22	09:35	4
$13	00	1	22.09.22	09:35	01	0	0	0	0	0	0	0	0	0	             
$1	50	1	1	0	0633	1.00	2725	22.09.22	10:07	1	01	2725	5450	00	5902249011388	0	0	0	0	0	0	0	1
$1	50	1	2	0	0634	1.00	3025	22.09.22	10:07	1	01	3025	6050	00	2006345	0	0	0	0	0	0	0	1
$1	50	1	3	0	0582	1.00	1445	22.09.22	10:08	1	01	1445	2890	00	5902249010565	0	0	0	0	0	0	0	1
$1	50	1	4	0	2589	1.00	675	22.09.22	10:14	2	01	675	1350	00	17025898	0	0	0	0	0	0	0	1
$4	50	1	1	0	0	7870	7870
$1	50	2	1	0	0523	1.00	1445	22.09.22	10:47	1	01	1445	2890	00	5907502687645	0	0	0	0	0	0	0	1
$1	50	2	2	0	2932	1.00	6950	22.09.22	10:48	1	01	6950	6950	00	34029329	0	0	0	0	0	0	0	0
$1	50	2	3	0	2276	1.00	3750	22.09.22	10:48	1	01	3750	3750	00	10000847	0	0	0	0	0	0	0	0
$1	50	2	4	0	0472	1.00	1250	22.09.22	10:48	1	01	1250	1250	00	5907502687300	0	0	0	0	0	0	0	0
$4	50	2	2	0	0	13395	13395
$1	50	3	1	0	0002	1.000	1140	22.09.22	11:24	1	01	1140	1140	00		0	0	0	0	0	0	0	0
$1	50	3	2	0	0002	1.000	250	22.09.22	11:24	1	01	250	250	00		0	0	0	0	0	0	0	0
$1	50	3	3	0	0002	1.000	690	22.09.22	11:25	1	01	690	690	00		0	0	0	0	0	0	0	0
$1	50	3	4	0	0479	1.00	1195	22.09.22	11:26	1	01	1195	2390	00	2004792	0	0	0	0	0	0	0	1
$4	50	3	2	0	0	3275	3275
$1	50	4	1	0	1008	1.00	382	22.09.22	11:45	2	01	382	450	00	5909994311367	0	0	0	0	0	0	0	1
$1	50	4	2	0	1008	1.00	382	22.09.22	11:45	2	01	382	450	00	5909994311367	0	0	0	0	0	0	0	1
$1	50	4	3	0	1191	1.00	450	22.09.22	11:45	2	01	450	450	00	5909990628490	0	0	0	0	0	0	0	0
$1	50	4	4	0	1230	1.00	450	22.09.22	11:45	2	01	450	450	00	5909994310766	0	0	0	0	0	0	0	0
$1	50	4	5	0	1230	1.00	450	22.09.22	11:45	2	01	450	450	00	5909994310766	0	0	0	0	0	0	0	0
$1	50	4	6	0	0976	1.00	1590	22.09.22	11:45	2	01	1590	1590	00	5905279799011	0	0	0	0	0	0	0	0
$4	50	4	1	0	0	3704	3704
$1	50	5	1	0	1180	1.00	225	22.09.22	11:48	2	01	225	450	00	5909994312166	0	0	0	0	0	0	0	1
$4	50	5	1	0	0	225	225
$1	50	6	1	0	0976	1.00	1590	22.09.22	11:58	2	01	1590	1590	00	5009763	0	0	0	0	0	0	0	0
$1	50	6	2	0	0582	1.00	2456	22.09.22	11:59	1	01	2456	2890	00	5902249010565	0	0	0	0	0	0	0	1
$4	50	6	2	0	0	4046	4046
$1	50	7	1	0	3447	1.00	4990	22.09.22	12:51	1	01	4990	4990	00	10000014	0	0	0	0	0	0	0	0
$1	50	7	2	0	4139	1.00	1190	22.09.22	12:51	1	01	1190	1190	00	5906660352549	0	0	0	0	0	0	0	0
$4	50	7	2	0	0	6180	6180
$1	50	8	1	0	1184	4.00	1800	22.09.22	12:57	2	01	1800	1800	00	5909990628377	0	0	0	0	0	0	0	0
$1	50	8	2	0	4206	1.00	390	22.09.22	12:58	1	01	390	390	00	8691190801274	0	0	0	0	0	0	0	0
$4	50	8	1	0	0	2190	2190
$1	50	9	1	0	1574	6.00	3300	22.09.22	13:32	4	01	3300	3300	00	5906660817215	0	0	0	0	0	0	0	0
$1	50	9	2	0	1250	1.00	650	22.09.22	13:32	2	01	650	650	00	5909990628278	0	0	0	0	0	0	0	0
$4	50	9	2	0	0	3950	3950
$1	50	10	1	0	1133	1.00	1250	22.09.22	13:33	4	01	1250	1250	00	5905279799592	0	0	0	0	0	0	0	0
$4	50	10	2	0	0	1250	1250
$1	50	11	1	0	3901	1.00	950	22.09.22	14:13	1	01	950	950	00	28039013	0	0	0	0	0	0	0	0
$4	50	11	1	0	0	1000	1000
$4	50	11	1	0	1	050	050
$1	50	12	1	0	0626	1.00	1345	22.09.22	14:39	1	01	1345	2690	00	5902249011333	0	0	0	0	0	0	0	1
$4	50	12	1	0	0	1345	1345
$1	50	13	1	0	0048	1.000	6850	22.09.22	16:08	1	01	6850	6850	00		0	0	0	0	0	0	0	0
$4	50	13	1	0	0	10000	10000
$4	50	13	1	0	1	3150	3150
$1	50	14	1	0	2350	4.00	3000	22.09.22	16:10	1	01	3000	3000	00	15023506	0	0	0	0	0	0	0	0
$4	50	14	2	0	0	3000	3000
$1	50	15	1	0	0048	1.000	6850	22.09.22	16:39	1	01	6850	6850	00		0	0	0	0	0	0	0	0
$4	50	15	1	0	0	6850	6850
$1	50	16	1	0	1562	1.00	2550	22.09.22	17:06	4	01	2550	2550	00	7015625	0	0	0	0	0	0	0	0
$1	50	16	2	0	1479	1.00	3390	22.09.22	17:06	4	01	3390	3390	00	5907804205332	0	0	0	0	0	0	0	0
$1	50	16	3	0	1513	1.00	2050	22.09.22	17:06	4	01	2050	2050	00	5907804205271	0	0	0	0	0	0	0	0
$4	50	16	2	0	0	7990	7990
$14	01	22.09.23	09:29	4
$13	00	1	22.09.23	09:29	01	0	0	0	0	0	0	0	0	0	             
$1	51	1	1	0	0727	1.00	7990	22.09.23	09:34	1	01	7990	7990	00	3007273	0	0	0	0	0	0	0	0
$4	51	1	1	0	0	10000	10000
$4	51	1	1	0	1	2010	2010
$1	51	2	1	0	3228	2.00	8580	22.09.23	09:47	1	01	8580	8580	00	10000038	0	0	0	0	0	0	0	0
$4	51	2	2	0	0	8580	8580
$1	51	3	1	0	0002	1.000	250	22.09.23	09:48	1	01	250	250	00		0	0	0	0	0	0	0	0
$4	51	3	1	0	0	1000	1000
$4	51	3	1	0	1	750	750
$10	51	4	1	0	0510	1.00	2590	22.09.23	09:54	1	01	2590	2590	00	5902249010466	0	0	0	0	0	0	0	0
$1	51	4	1	0	4034	1.00	990	22.09.23	09:55	2	01	990	990	00	5905279799776	0	0	0	0	0	0	0	0
$1	51	4	2	0	3090	1.00	750	22.09.23	09:55	2	01	750	750	00	20030902	0	0	0	0	0	0	0	0
$4	51	4	1	0	0	10000	10000
$4	51	4	1	0	1	8260	8260
$1	51	5	1	0	2009	1.00	3290	22.09.23	10:29	1	01	3290	3290	00	9020092	0	0	0	0	0	0	0	0
$4	51	5	1	0	0	3290	3290
$1	51	6	1	0	3900	1.00	3290	22.09.23	10:46	1	01	3290	3290	00	28039006	0	0	0	0	0	0	0	0
$1	51	6	2	0	0027	1.000	2990	22.09.23	10:47	1	01	2990	2990	00		0	0	0	0	0	0	0	0
$1	51	6	3	0	0066	1.000	1190	22.09.23	10:47	1	01	1190	1190	00		0	0	0	0	0	0	0	0
$4	51	6	2	0	0	7470	7470
$1	51	7	1	0	4155	1.00	1245	22.09.23	10:55	1	01	1245	2490	00	10000885	0	0	0	0	0	0	0	1
$4	51	7	1	0	0	1245	1245
$1	51	8	1	0	2053	2.00	5100	22.09.23	10:59	1	01	5100	5100	00	11020530	0	0	0	0	0	0	0	0
$1	51	8	2	0	2050	1.00	2550	22.09.23	10:59	1	01	2550	2550	00	11020509	0	0	0	0	0	0	0	0
$4	51	8	1	0	0	10000	10000
$4	51	8	1	0	1	2350	2350
$1	51	9	1	0	2264	1.00	750	22.09.23	11:06	2	01	750	750	00	20022648	0	0	0	0	0	0	0	0
$1	51	9	2	0	1280	1.00	2150	22.09.23	11:07	3	01	2150	2150	00	6012809	0	0	0	0	0	0	0	0
$1	51	9	3	0	0093	1.000	850	22.09.23	11:07	3	01	850	850	00		0	0	0	0	0	0	0	0
$1	51	9	4	0	0031	1.000	2100	22.09.23	11:07	1	01	2100	2100	00		0	0	0	0	0	0	0	0
$1	51	9	5	0	1189	1.00	590	22.09.23	11:08	2	01	590	590	00	5909994310711	0	0	0	0	0	0	0	0
$4	51	9	1	0	0	6440	6440
$1	51	10	1	0	2350	3.00	2250	22.09.23	11:33	1	01	2250	2250	00	15023506	0	0	0	0	0	0	0	0
$4	51	10	2	0	0	2250	2250
$1	51	11	1	0	0830	1.00	4650	22.09.23	11:53	1	01	4650	4650	00	10000335	0	0	0	0	0	0	0	0
$1	51	11	2	0	0842	1.00	4050	22.09.23	11:53	1	01	4050	4050	00	10000359	0	0	0	0	0	0	0	0
$10	51	11	1	0	0691	1.00	3450	22.09.23	11:54	1	01	3450	3450	00	314	0	0	0	0	0	0	0	0
$4	51	11	2	0	0	8700	8700
$1	51	12	1	0	0691	1.00	3450	22.09.23	11:55	1	01	3450	3450	00	314	0	0	0	0	0	0	0	0
$1	51	12	2	0	0813	1.00	3090	22.09.23	11:55	1	01	3090	3090	00	352	0	0	0	0	0	0	0	0
$4	51	12	1	0	0	10000	10000
$4	51	12	1	0	1	3460	3460
$1	51	13	1	0	3576	1.00	690	22.09.23	12:03	2	01	690	690	00	20035761	0	0	0	0	0	0	0	0
$1	51	13	2	0	1593	1.00	1590	22.09.23	12:03	1	01	1590	1590	00	5906660812180	0	0	0	0	0	0	0	0
$4	51	13	2	0	0	2280	2280
$1	51	14	1	0	1068	1.00	650	22.09.23	12:10	2	01	650	650	00	5905279799400	0	0	0	0	0	0	0	0
$4	51	14	2	0	0	650	650
$1	51	15	1	0	1910	1.00	1790	22.09.23	12:18	1	01	1790	1790	00	9019102	0	0	0	0	0	0	0	0
$4	51	15	2	0	0	1790	1790
$1	51	16	1	0	2053	1.00	2550	22.09.23	12:19	1	01	2550	2550	00	11020530	0	0	0	0	0	0	0	0
$4	51	16	2	0	0	2550	2550
$10	51	17	1	0	2051	1.00	9800	22.09.23	12:37	1	01	9800	9800	00	11020516	0	0	0	0	0	0	0	0
$1	51	17	1	0	0031	1.000	7800	22.09.23	12:38	1	01	7800	7800	00		0	0	0	0	0	0	0	0
$4	51	17	2	0	0	7800	7800
$1	51	18	1	0	2932	1.00	6950	22.09.23	12:43	1	01	6950	6950	00	34029329	0	0	0	0	0	0	0	0
$4	51	18	2	0	0	6950	6950
$1	51	19	1	0	0582	1.00	2456	22.09.23	13:52	1	01	2456	2890	00	5902249010565	0	0	0	0	0	0	0	1
$4	51	19	1	0	0	2456	2456
$1	51	20	1	0	0571	1.00	903	22.09.23	14:01	1	01	903	1290	00	5902249011142	0	0	0	0	0	0	0	1
$4	51	20	1	0	0	903	903
$1	51	21	1	0	2328	1.00	750	22.09.23	14:13	2	01	750	750	00	20023287	0	0	0	0	0	0	0	0
$1	51	21	2	0	1292	1.00	2690	22.09.23	14:13	3	01	2690	2690	00	6012922	0	0	0	0	0	0	0	0
$4	51	21	1	0	0	4000	4000
$4	51	21	1	0	1	560	560
$1	51	22	1	0	3128	1.00	850	22.09.23	15:07	2	01	850	850	00	20031282	0	0	0	0	0	0	0	0
$1	51	22	2	0	0093	1.000	850	22.09.23	15:07	3	01	850	850	00	5905279799752	0	0	0	0	0	0	0	0
$4	51	22	2	0	0	1700	1700
$1	51	23	1	0	4231	1.00	1290	22.09.23	15:24	1	01	1290	1290	00	8691190864187	0	0	0	0	0	0	0	0
$4	51	23	1	0	0	1290	1290
$1	51	24	1	0	1000	1.00	590	22.09.23	16:17	2	01	590	590	00	5906365702922	0	0	0	0	0	0	0	0
$4	51	24	2	0	0	590	590
$1	51	25	1	0	1344	1.00	2150	22.09.23	16:35	1	01	2150	2150	00	8691190967208	0	0	0	0	0	0	0	0
$1	51	25	2	0	1307	1.00	2850	22.09.23	16:35	1	01	2850	2850	00	8691190157050	0	0	0	0	0	0	0	0
$1	51	25	3	0	2049	1.00	1750	22.09.23	16:43	1	01	1750	1750	00	8691190440824	0	0	0	0	0	0	0	0
$4	51	25	2	0	0	6750	6750
$14	01	22.09.25	12:13	4
$13	00	1	22.09.25	12:13	01	0	0	0	0	0	0	0	0	0	             
$14	01	22.09.27	09:29	4
$13	00	1	22.09.27	09:29	01	0	0	0	0	0	0	0	0	0	             
$10	52	1	1	0	1998	1.00	3690	22.09.27	09:37	1	01	3690	3690	00	9019980	0	0	0	0	0	0	0	0
$10	52	1	2	0	0027	1.000	3750	22.09.27	09:37	1	01	3750	3750	00		0	0	0	0	0	0	0	0
$1	52	1	1	0	1996	1.00	3950	22.09.27	09:39	1	01	3950	3950	00	9019966	0	0	0	0	0	0	0	0
$1	52	1	2	0	0027	1.000	3750	22.09.27	09:39	1	01	3750	3750	00	25690	0	0	0	0	0	0	0	0
$1	52	1	3	0	0002	1.000	250	22.09.27	09:39	1	01	250	250	00		0	0	0	0	0	0	0	0
$4	52	1	1	0	0	7950	7950
$1	52	2	1	0	1329	1.00	1190	22.09.27	10:13	1	01	1190	1190	00	8691190334529	0	0	0	0	0	0	0	0
$4	52	2	2	0	0	1190	1190
$1	52	3	1	0	3363	2.00	980	22.09.27	10:34	2	01	980	980	00	22033635	0	0	0	0	0	0	0	0
$1	52	3	2	0	2530	1.00	2250	22.09.27	10:35	2	01	2250	2250	00	17025300	0	0	0	0	0	0	0	0
$4	52	3	1	0	0	3230	3230
$1	52	4	1	0	1212	1.00	590	22.09.27	10:46	2	01	590	590	00	5909994310629	0	0	0	0	0	0	0	0
$1	52	4	2	0	1212	1.00	590	22.09.27	10:47	2	01	590	590	00	5909994310629	0	0	0	0	0	0	0	0
$1	52	4	3	0	1190	1.00	590	22.09.27	10:47	2	01	590	590	00	5011902	0	0	0	0	0	0	0	0
$4	52	4	2	0	0	1770	1770
$1	52	5	1	0	2589	1.00	1350	22.09.27	10:52	2	01	1350	1350	00	17025898	0	0	0	0	0	0	0	0
$4	52	5	1	0	0	1350	1350
$1	52	6	1	0	1179	1.00	700	22.09.27	11:17	2	01	700	700	00	5909994309524	0	0	0	0	0	0	0	0
$1	52	6	2	0	1165	1.00	490	22.09.27	11:17	2	01	490	490	00	5909994311169	0	0	0	0	0	0	0	0
$1	52	6	3	0	0980	1.00	590	22.09.27	11:17	2	01	590	590	00	5906365702410	0	0	0	0	0	0	0	0
$1	52	6	4	0	1213	1.00	590	22.09.27	11:17	2	01	590	590	00	5909990468522	0	0	0	0	0	0	0	0
$1	52	6	5	0	1200	1.00	490	22.09.27	11:17	2	01	490	490	00	5909990628544	0	0	0	0	0	0	0	0
$4	52	6	1	0	0	5000	5000
$4	52	6	1	0	1	2140	2140
$1	52	7	1	0	1106	1.00	550	22.09.27	11:18	2	01	550	550	00	5906365702960	0	0	0	0	0	0	0	0
$4	52	7	1	0	0	550	550
$1	52	8	1	0	4238	1.00	1090	22.09.27	11:45	4	01	1090	1090	00	10001066	0	0	0	0	0	0	0	0
$1	52	8	2	0	4061	1.00	3990	22.09.27	11:45	1	01	3990	3990	00	27040614	0	0	0	0	0	0	0	0
$1	52	8	3	0	1088	1.00	1190	22.09.27	11:46	4	01	1190	1190	00	5010882	0	0	0	0	0	0	0	0
$4	52	8	1	0	0	10000	10000
$4	52	8	1	0	1	3730	3730
$1	52	9	1	0	0027	1.000	2950	22.09.27	12:20	1	01	2950	2950	00		0	0	0	0	0	0	0	0
$1	52	9	2	0	0727	1.00	7990	22.09.27	12:20	1	01	7990	7990	00	3007273	0	0	0	0	0	0	0	0
$4	52	9	2	0	0	10940	10940
$1	52	10	1	0	1039	1.00	590	22.09.27	12:27	2	01	590	590	00	5010394	0	0	0	0	0	0	0	0
$1	52	10	2	0	3114	1.00	750	22.09.27	12:27	2	01	750	750	00	20031145	0	0	0	0	0	0	0	0
$4	52	10	1	0	0	1340	1340
$1	52	11	1	0	0778	2.00	7580	22.09.27	12:40	1	01	7580	7580	00	5902729032391	0	0	0	0	0	0	0	0
$4	52	11	2	0	0	7580	7580
$1	52	12	1	0	0487	1.00	1590	22.09.27	12:46	1	01	1590	1590	00	8691190704179	0	0	0	0	0	0	0	0
$4	52	12	1	0	0	2000	2000
$4	52	12	1	0	1	410	410
$1	52	13	1	0	2051	1.00	9800	22.09.27	13:20	1	01	9800	9800	00	11020516	0	0	0	0	0	0	0	0
$1	52	13	2	0	2052	1.00	9800	22.09.27	13:20	1	01	9800	9800	00	11020523	0	0	0	0	0	0	0	0
$4	52	13	1	0	0	20000	20000
$4	52	13	1	0	1	400	400
$1	52	14	1	0	3346	1.00	2890	22.09.27	14:05	1	01	2890	2890	00	5902249015850	0	0	0	0	0	0	0	0
$4	52	14	1	0	0	22500	22500
$4	52	14	1	0	1	19610	19610
$1	52	15	1	0	0225	1.000	890	22.09.27	14:06	1	01	890	890	00		0	0	0	0	0	0	0	0
$4	52	15	1	0	0	1000	1000
$4	52	15	1	0	1	110	110
$1	52	16	1	0	1503	1.00	2490	22.09.27	14:10	4	01	2490	2490	00	5907804205196	0	0	0	0	0	0	0	0
$1	52	16	2	0	1513	1.00	2050	22.09.27	14:10	4	01	2050	2050	00	5907804205271	0	0	0	0	0	0	0	0
$4	52	16	1	0	0	10000	10000
$4	52	16	1	0	1	5460	5460
$1	52	17	1	0	0989	2.00	980	22.09.27	14:45	4	01	980	980	00	5905279799486	0	0	0	0	0	0	0	0
$4	52	17	1	0	0	2000	2000
$4	52	17	1	0	1	1020	1020
$1	52	18	1	0	0371	1.00	1790	22.09.27	15:28	1	01	1790	1790	00	5906874565292	0	0	0	0	0	0	0	0
$1	52	18	2	0	3074	1.00	1850	22.09.27	15:28	1	01	1850	1850	00	5903760202453	0	0	0	0	0	0	0	0
$1	52	18	3	0	0333	1.00	1850	22.09.27	15:28	1	01	1850	1850	00	5900168907263	0	0	0	0	0	0	0	0
$1	52	18	4	0	0329	1.00	1850	22.09.27	15:28	1	01	1850	1850	00	5900168908116	0	0	0	0	0	0	0	0
$4	52	18	2	0	0	7340	7340
$1	52	19	1	0	0591	1.00	4250	22.09.27	15:31	1	01	4250	4250	00	5907502687928	0	0	0	0	0	0	0	0
$4	52	19	2	0	0	4250	4250
$1	52	20	1	0	0457	1.00	1250	22.09.27	15:48	1	01	1250	1250	00	5907502687065	0	0	0	0	0	0	0	0
$4	52	20	2	0	0	1250	1250
$1	52	21	1	0	4060	1.00	6650	22.09.27	17:31	2	01	6650	6650	00	27040607	0	0	0	0	0	0	0	0
$4	52	21	2	0	0	6650	6650
$14	01	22.09.28	09:32	4
$13	00	1	22.09.28	09:32	01	0	0	0	0	0	0	0	0	0	             
$1	53	1	1	0	0195	1.000	400	22.09.28	09:40	1	01	400	400	00		0	0	0	0	0	0	0	0
$4	53	1	1	0	0	1000	1000
$4	53	1	1	0	1	600	600
$1	53	2	1	0	1555	1.00	2890	22.09.28	09:42	4	01	2890	2890	00	7015557	0	0	0	0	0	0	0	0
$4	53	2	2	0	0	2890	2890
$1	53	3	1	0	1573	1.00	550	22.09.28	09:55	4	01	550	550	00	5906660817208	0	0	0	0	0	0	0	0
$4	53	3	1	0	0	550	550
$1	53	4	1	0	4174	1.00	890	22.09.28	09:58	1	01	890	890	00	8691190142063	0	0	0	0	0	0	0	0
$4	53	4	1	0	0	1000	1000
$4	53	4	1	0	1	110	110
$1	53	5	1	0	0505	1.00	3350	22.09.28	10:13	1	01	3350	3350	00	5907502687515	0	0	0	0	0	0	0	0
$1	53	5	2	0	0646	1.00	3090	22.09.28	10:13	1	01	3090	3090	00	5902249012118	0	0	0	0	0	0	0	0
$1	53	5	3	0	2053	1.00	2550	22.09.28	10:14	1	01	2550	2550	00	11020530	0	0	0	0	0	0	0	0
$4	53	5	2	0	0	8990	8990
$1	53	6	1	0	1320	1.00	2250	22.09.28	10:27	4	01	2250	2250	00	5902596671129	0	0	0	0	0	0	0	0
$4	53	6	2	0	0	2250	2250
$1	53	7	1	0	4096	1.00	5950	22.09.28	10:59	1	01	5950	5950	00	10000168	0	0	0	0	0	0	0	0
$4	53	7	2	0	0	5950	5950
$1	53	8	1	0	4113	1.00	2690	22.09.28	12:15	1	01	2690	2690	00	10000373	0	0	0	0	0	0	0	0
$1	53	8	2	0	2265	1.00	850	22.09.28	12:21	2	01	850	850	00	20022655	0	0	0	0	0	0	0	0
$1	53	8	3	0	1452	1.00	1490	22.09.28	12:21	1	01	1490	1490	00	34014523	0	0	0	0	0	0	0	0
$1	53	8	4	0	0895	1.00	4400	22.09.28	12:21	1	01	4400	4400	00	4008958	0	0	0	0	0	0	0	0
$1	53	8	5	0	1040	1.00	450	22.09.28	12:21	2	01	450	450	00	5906365702847	0	0	0	0	0	0	0	0
$4	53	8	1	0	0	10000	10000
$4	53	8	1	0	1	120	120
$1	53	9	1	0	2279	1.00	2050	22.09.28	12:22	1	01	2050	2050	00	14022791	0	0	0	0	0	0	0	0
$1	53	9	2	0	3901	2.00	1900	22.09.28	12:22	1	01	1900	1900	00	28039013	0	0	0	0	0	0	0	0
$4	53	9	2	0	0	3950	3950
$1	53	10	1	0	1689	1.00	3190	22.09.28	12:47	1	01	3190	3190	00	7016899	0	0	0	0	0	0	0	0
$1	53	10	2	0	1601	1.00	850	22.09.28	12:47	1	01	850	850	00	7016011	0	0	0	0	0	0	0	0
$1	53	10	3	0	4161	1.00	990	22.09.28	12:47	1	01	990	990	00	10000946	0	0	0	0	0	0	0	0
$1	53	10	4	0	4244	1.00	3450	22.09.28	12:47	1	01	3450	3450	00	10001127	0	0	0	0	0	0	0	0
$1	53	10	5	0	2024	1.00	1990	22.09.28	12:47	1	01	1990	2490	00	10020241	0	0	0	0	0	0	0	1
$1	53	10	6	0	2024	1.00	1990	22.09.28	12:48	1	01	1990	2490	00	10020241	0	0	0	0	0	0	0	1
$4	53	10	2	0	0	12460	12460
$1	53	11	1	0	3522	1.00	2490	22.09.28	12:52	1	01	2490	2490	00	710	0	0	0	0	0	0	0	0
$1	53	11	2	0	2668	1.00	2390	22.09.28	12:53	3	01	2390	2390	00	17026680	0	0	0	0	0	0	0	0
$4	53	11	2	0	0	4880	4880
$1	53	12	1	0	1605	1.00	1050	22.09.28	12:57	1	01	1050	1050	00	5907804205004	0	0	0	0	0	0	0	0
$4	53	12	1	0	0	1050	1050
$1	53	13	1	0	2350	2.00	1500	22.09.28	13:20	1	01	1500	1500	00	15023506	0	0	0	0	0	0	0	0
$1	53	13	2	0	1906	1.00	1790	22.09.28	13:20	1	01	1790	1790	00	9019065	0	0	0	0	0	0	0	0
$1	53	13	3	0	1289	1.00	2390	22.09.28	13:20	3	01	2390	2390	00	6012892	0	0	0	0	0	0	0	0
$4	53	13	1	0	0	10000	10000
$4	53	13	1	0	1	4320	4320
$1	53	14	1	0	1519	1.00	4990	22.09.28	13:23	4	01	4990	4990	00	5907804205318	0	0	0	0	0	0	0	0
$1	53	14	2	0	1537	1.00	1750	22.09.28	13:23	4	01	1750	1750	00	5907804205035	0	0	0	0	0	0	0	0
$4	53	14	1	0	0	10000	10000
$4	53	14	1	0	1	3260	3260
$1	53	15	1	0	1039	1.00	590	22.09.28	13:30	2	01	590	590	00	5906365702823	0	0	0	0	0	0	0	0
$1	53	15	2	0	3901	1.00	950	22.09.28	13:31	1	01	950	950	00	28039013	0	0	0	0	0	0	0	0
$4	53	15	2	0	0	1540	1540
$1	53	16	1	0	1016	1.00	450	22.09.28	13:41	4	01	450	450	00	5906365702380	0	0	0	0	0	0	0	0
$1	53	16	2	0	2484	1.00	390	22.09.28	13:42	4	01	390	390	00	20024840	0	0	0	0	0	0	0	0
$4	53	16	1	0	0	10000	10000
$4	53	16	1	0	1	9160	9160
$1	53	17	1	0	2053	1.00	2550	22.09.28	14:00	1	01	2550	2550	00	11020530	0	0	0	0	0	0	0	0
$1	53	17	2	0	2053	4.00	10200	22.09.28	14:01	1	01	10200	10200	00	11020530	0	0	0	0	0	0	0	0
$4	53	17	2	0	0	12750	12750
$1	53	18	1	0	1055	1.00	950	22.09.28	14:04	4	01	950	950	00	5010554	0	0	0	0	0	0	0	0
$4	53	18	2	0	0	950	950
$1	53	19	1	0	4161	2.00	1980	22.09.28	14:07	1	01	1980	1980	00	10000946	0	0	0	0	0	0	0	0
$1	53	19	2	0	0041	1.000	3090	22.09.28	14:08	1	01	3090	3090	00		0	0	0	0	0	0	0	0
$1	53	19	3	0	3575	1.00	4490	22.09.28	14:08	1	01	4490	4490	00	10000076	0	0	0	0	0	0	0	0
$1	53	19	4	0	0845	1.00	3690	22.09.28	14:08	1	01	3690	3690	00	24008457	0	0	0	0	0	0	0	0
$1	53	19	5	0	3578	1.00	4350	22.09.28	14:08	1	01	4350	4350	00	24035781	0	0	0	0	0	0	0	0
$4	53	19	2	0	0	17600	17600
$1	53	20	1	0	1513	1.00	2050	22.09.28	14:55	4	01	2050	2050	00	7015137	0	0	0	0	0	0	0	0
$4	53	20	1	0	0	2050	2050
$1	53	21	1	0	0726	1.00	5950	22.09.28	15:00	1	01	5950	5950	00	3007266	0	0	0	0	0	0	0	0
$4	53	21	2	0	0	5950	5950
$1	53	22	1	0	1017	1.00	550	22.09.28	15:20	2	01	550	550	00	5907752643361	0	0	0	0	0	0	0	0
$4	53	22	1	0	0	10000	10000
$4	53	22	1	0	1	9450	9450
$1	53	23	1	0	0041	1.000	2300	22.09.28	15:30	1	01	2300	2300	00		0	0	0	0	0	0	0	0
$1	53	23	2	0	3483	1.00	1550	22.09.28	15:30	1	01	1550	1550	00	5903760201838	0	0	0	0	0	0	0	0
$1	53	23	3	0	2286	1.00	1850	22.09.28	15:30	1	01	1850	1850	00	14022869	0	0	0	0	0	0	0	0
$1	53	23	4	0	2013	1.00	4950	22.09.28	15:31	1	01	4950	4950	00	9020139	0	0	0	0	0	0	0	0
$4	53	23	2	0	0	10650	10650
$1	53	24	1	0	4244	1.00	3450	22.09.28	15:39	1	01	3450	3450	00	10001127	0	0	0	0	0	0	0	0
$4	53	24	2	0	0	3450	3450
$1	53	25	1	0	2596	1.00	1050	22.09.28	15:47	2	01	1050	1050	00	17025966	0	0	0	0	0	0	0	0
$1	53	25	2	0	3459	1.00	4790	22.09.28	15:47	1	01	4790	4790	00	10000021	0	0	0	0	0	0	0	0
$4	53	25	2	0	0	5840	5840
$1	53	26	1	0	0367	1.00	1250	22.09.28	16:57	1	01	1250	1250	00	1003673	0	0	0	0	0	0	0	0
$1	53	26	2	0	0281	1.00	1350	22.09.28	16:57	1	01	1350	1350	00	5903760202897	0	0	0	0	0	0	0	0
$4	53	26	2	0	0	2600	2600
$14	01	22.09.29	09:33	4
$13	00	1	22.09.29	09:33	01	0	0	0	0	0	0	0	0	0	             
$1	54	1	1	0	1097	2.00	800	22.09.29	09:43	4	01	800	800	00	5909994310568	0	0	0	0	0	0	0	0
$1	54	1	2	0	1232	2.00	900	22.09.29	09:44	2	01	900	900	00	5909990219520	0	0	0	0	0	0	0	0
$4	54	1	1	0	0	5000	5000
$4	54	1	1	0	1	3300	3300
$1	54	2	1	0	1574	1.00	550	22.09.29	10:12	4	01	550	550	00	5906660817215	0	0	0	0	0	0	0	0
$4	54	2	1	0	0	550	550
$1	54	3	1	0	2024	1.00	2490	22.09.29	10:45	1	01	2490	2490	00	10020241	0	0	0	0	0	0	0	0
$1	54	3	2	0	2350	1.00	750	22.09.29	10:45	1	01	750	750	00	15023506	0	0	0	0	0	0	0	0
$4	54	3	1	0	0	3240	3240
$10	54	4	1	0	2259	1.00	1590	22.09.29	10:52	1	01	1590	1590	00	8691190440800	0	0	0	0	0	0	0	0
$1	54	4	1	0	0195	1.000	1690	22.09.29	10:53	1	01	1690	1690	00		0	0	0	0	0	0	0	0
$4	54	4	1	0	0	1690	1690
$1	54	5	1	0	1202	1.00	650	22.09.29	11:20	2	01	650	650	00	5909994309326	0	0	0	0	0	0	0	0
$1	54	5	2	0	1226	1.00	490	22.09.29	11:21	2	01	490	490	00	5909990219025	0	0	0	0	0	0	0	0
$1	54	5	3	0	1001	1.00	590	22.09.29	11:21	2	01	590	590	00	5909990903016	0	0	0	0	0	0	0	0
$1	54	5	4	0	1210	1.00	400	22.09.29	11:21	2	01	400	400	00	5909994310360	0	0	0	0	0	0	0	0
$1	54	5	5	0	1181	1.00	450	22.09.29	11:21	2	01	450	450	00	5909994310964	0	0	0	0	0	0	0	0
$1	54	5	6	0	1101	1.00	550	22.09.29	11:21	4	01	550	550	00	5905279799172	0	0	0	0	0	0	0	0
$1	54	5	7	0	1250	1.00	650	22.09.29	11:21	2	01	650	650	00	5909990628278	0	0	0	0	0	0	0	0
$1	54	5	8	0	0996	1.00	590	22.09.29	11:21	2	01	590	590	00	5906365702076	0	0	0	0	0	0	0	0
$1	54	5	9	0	1170	1.00	490	22.09.29	11:21	2	01	490	490	00	5909994311565	0	0	0	0	0	0	0	0
$4	54	5	2	0	0	4860	4860
$1	54	6	1	0	4034	1.00	990	22.09.29	12:22	2	01	990	990	00	19903	0	0	0	0	0	0	0	0
$4	54	6	1	0	0	2000	2000
$4	54	6	1	0	1	1010	1010
$1	54	7	1	0	2009	1.00	3350	22.09.29	12:25	1	01	3350	3350	00	680275060864	0	0	0	0	0	0	0	0
$1	54	7	2	0	1955	1.00	1750	22.09.29	12:25	2	01	1750	1750	00	9019553	0	0	0	0	0	0	0	0
$4	54	7	1	0	0	5100	5100
$1	54	8	1	0	0002	1.000	560	22.09.29	12:37	1	01	560	560	00		0	0	0	0	0	0	0	0
$1	54	8	2	0	0971	1.00	790	22.09.29	12:37	2	01	790	790	00	5009718	0	0	0	0	0	0	0	0
$4	54	8	2	0	0	1350	1350
$1	54	9	1	0	1032	1.00	890	22.09.29	12:48	4	01	890	890	00	5010325	0	0	0	0	0	0	0	0
$4	54	9	2	0	0	890	890
$1	54	10	1	0	0471	1.00	3400	22.09.29	12:59	1	01	3400	3400	00	5907502687270	0	0	0	0	0	0	0	0
$1	54	10	2	0	3191	1.00	2350	22.09.29	12:59	1	01	2350	2350	00	5905279070400	0	0	0	0	0	0	0	0
$4	54	10	1	0	0	6000	6000
$4	54	10	1	0	1	250	250
$1	54	11	1	0	0103	2.000	1220	22.09.29	13:01	1	01	1220	1220	00		0	0	0	0	0	0	0	0
$4	54	11	1	0	0	1220	1220
$1	54	12	1	0	1820	1.00	1990	22.09.29	14:10	1	01	1990	1990	00	8018205	0	0	0	0	0	0	0	0
$1	54	12	2	0	3942	1.00	3390	22.09.29	14:10	1	01	3390	3390	00	8691190832544	0	0	0	0	0	0	0	0
$4	54	12	1	0	0	5380	5380
$1	54	13	1	0	2350	1.00	750	22.09.29	14:33	1	01	750	750	00	15023506	0	0	0	0	0	0	0	0
$1	54	13	2	0	2024	1.00	2490	22.09.29	14:33	1	01	2490	2490	00	10020241	0	0	0	0	0	0	0	0
$4	54	13	2	0	0	3240	3240
$1	54	14	1	0	2759	1.00	2490	22.09.29	15:42	1	01	2490	2490	00	36027590	0	0	0	0	0	0	0	0
$4	54	14	2	0	0	2490	2490
$1	54	15	1	0	3076	1.00	490	22.09.29	16:10	2	01	490	490	00	20030766	0	0	0	0	0	0	0	0
$1	54	15	2	0	1454	1.00	1450	22.09.29	16:11	1	01	1450	1450	00	34014547	0	0	0	0	0	0	0	0
$1	54	15	3	0	1237	1.00	1150	22.09.29	16:11	4	01	1150	1150	00	5906365702670	0	0	0	0	0	0	0	0
$1	54	15	4	0	0973	1.00	450	22.09.29	16:11	2	01	450	450	00	5905279799448	0	0	0	0	0	0	0	0
$1	54	15	5	0	0952	1.00	450	22.09.29	16:11	4	01	450	450	00	5906365702472	0	0	0	0	0	0	0	0
$1	54	15	6	0	0982	1.00	490	22.09.29	16:11	2	01	490	490	00	5907752643385	0	0	0	0	0	0	0	0
$4	54	15	2	0	0	4480	4480
$1	54	16	1	0	1178	1.00	450	22.09.29	16:12	2	01	450	450	00	5909990628360	0	0	0	0	0	0	0	0
$4	54	16	1	0	0	2000	2000
$4	54	16	1	0	1	1550	1550
$1	54	17	1	0	1043	1.00	1150	22.09.29	16:14	2	01	1150	1150	00	5905279799196	0	0	0	0	0	0	0	0
$1	54	17	2	0	1181	1.00	450	22.09.29	16:14	2	01	450	450	00	5909994310964	0	0	0	0	0	0	0	0
$1	54	17	3	0	1223	1.00	590	22.09.29	16:14	2	01	590	590	00	5909990195428	0	0	0	0	0	0	0	0
$4	54	17	2	0	0	2190	2190
$1	54	18	1	0	1573	1.00	550	22.09.29	16:17	4	01	550	550	00	5906660817208	0	0	0	0	0	0	0	0
$4	54	18	2	0	0	550	550
$1	54	19	1	0	0225	1.000	890	22.09.29	16:48	1	01	890	890	00		0	0	0	0	0	0	0	0
$4	54	19	1	0	0	10000	10000
$4	54	19	1	0	1	9110	9110
$14	01	22.09.30	09:43	4
$13	00	1	22.09.30	09:43	01	0	0	0	0	0	0	0	0	0	             
$1	55	1	1	0	2053	1.00	2550	22.09.30	09:44	1	01	2550	2550	00	11020530	0	0	0	0	0	0	0	0
$1	55	1	2	0	0893	1.00	4500	22.09.30	09:45	1	01	4500	4500	00	4008934	0	0	0	0	0	0	0	0
$4	55	1	2	0	0	7050	7050
$10	55	2	1	0	1013	1.00	490	22.09.30	11:31	4	01	490	490	00	5909990628438	0	0	0	0	0	0	0	0
$10	55	2	2	0	1181	1.00	450	22.09.30	11:31	2	01	450	450	00	5909994310964	0	0	0	0	0	0	0	0
$10	55	2	3	0	0967	1.00	490	22.09.30	11:31	2	01	490	490	00	5907752643750	0	0	0	0	0	0	0	0
$10	55	2	4	0	1179	1.00	700	22.09.30	11:31	2	01	700	700	00	5909994309524	0	0	0	0	0	0	0	0
$10	55	2	5	0	1230	1.00	450	22.09.30	11:32	2	01	450	450	00	5909994310766	0	0	0	0	0	0	0	0
$1	55	2	1	0	1230	1.00	450	22.09.30	11:33	2	01	450	450	00	5909994310766	0	0	0	0	0	0	0	0
$1	55	2	2	0	1179	1.00	700	22.09.30	11:34	2	01	700	700	00	5909994309524	0	0	0	0	0	0	0	0
$1	55	2	3	0	1181	1.00	450	22.09.30	11:34	2	01	450	450	00	5909994310964	0	0	0	0	0	0	0	0
$1	55	2	4	0	1013	1.00	490	22.09.30	11:34	4	01	490	490	00	5909990628438	0	0	0	0	0	0	0	0
$1	55	2	5	0	1035	1.00	490	22.09.30	11:34	4	01	490	490	00	5909994310124	0	0	0	0	0	0	0	0
$1	55	2	6	0	0980	1.00	590	22.09.30	11:34	2	01	590	590	00	5906365702410	0	0	0	0	0	0	0	0
$1	55	2	7	0	1082	1.00	490	22.09.30	11:34	2	01	490	490	00	5907752643392	0	0	0	0	0	0	0	0
$1	55	2	8	0	1084	1.00	550	22.09.30	11:34	2	01	550	550	00	5906365702199	0	0	0	0	0	0	0	0
$1	55	2	9	0	1097	1.00	400	22.09.30	11:34	4	01	400	400	00	5909994310568	0	0	0	0	0	0	0	0
$4	55	2	1	0	0	4610	4610
$1	55	3	1	0	3665	1.00	3690	22.09.30	11:39	1	01	3690	3690	00	25676	0	0	0	0	0	0	0	0
$1	55	3	2	0	0027	1.000	4450	22.09.30	11:39	1	01	4450	4450	00	25607	0	0	0	0	0	0	0	0
$4	55	3	1	0	0	10000	10000
$4	55	3	1	0	1	1860	1860
$1	55	4	1	0	1085	1.00	650	22.09.30	12:03	2	01	650	650	00	5906365702779	0	0	0	0	0	0	0	0
$1	55	4	2	0	1193	1.00	490	22.09.30	12:03	2	01	490	490	00	5909990195725	0	0	0	0	0	0	0	0
$4	55	4	2	0	0	1140	1140
$1	55	5	1	0	1017	1.00	550	22.09.30	13:03	2	01	550	550	00	5907752643361	0	0	0	0	0	0	0	0
$4	55	5	2	0	0	550	550
$1	55	6	1	0	1039	1.00	590	22.09.30	13:16	2	01	590	590	00	5906365702823	0	0	0	0	0	0	0	0
$1	55	6	2	0	0041	1.000	2150	22.09.30	13:16	1	01	2150	2150	00		0	0	0	0	0	0	0	0
$4	55	6	2	0	0	2740	2740
$1	55	7	1	0	4240	1.00	2690	22.09.30	15:47	1	01	2690	2690	00	10001080	0	0	0	0	0	0	0	0
$1	55	7	2	0	3083	1.00	690	22.09.30	15:47	2	01	690	690	00	20030926	0	0	0	0	0	0	0	0
$1	55	7	3	0	2350	1.00	750	22.09.30	15:47	1	01	750	750	00	15023506	0	0	0	0	0	0	0	0
$4	55	7	2	0	0	4130	4130
$1	55	8	1	0	2050	1.00	1275	22.09.30	17:09	1	01	1275	2550	00	11020509	0	0	0	0	0	0	0	1
$4	55	8	1	0	0	1275	1275
$1	55	9	1	0	0502	1.00	1320	22.09.30	18:23	1	01	2400	2400	00	5907502687522	0	1	0	0	0	0	0	0
$1	55	9	2	0	0329	1.00	1017	22.09.30	18:23	1	01	1850	1850	00	5900168908116	0	1	0	0	0	0	0	0
$1	55	9	3	0	0895	1.00	2420	22.09.30	18:23	1	01	4400	4400	00	4008958	0	1	0	0	0	0	0	0
$1	55	9	4	0	2343	1.00	1094	22.09.30	18:23	1	01	1990	1990	00	5900168907706	0	1	0	0	0	0	0	0
$1	55	9	5	0	0494	1.00	2090	22.09.30	18:24	1	01	3800	3800	00	5907502687409	0	1	0	0	0	0	0	0
$1	55	9	6	0	0496	1.00	1980	22.09.30	18:24	1	01	3600	3600	00	5907502687430	0	1	0	0	0	0	0	0
$1	55	9	7	0	1731	1.00	4647	22.09.30	18:25	1	01	8450	8450	00	08017314	0	1	0	0	0	0	0	0
$1	55	9	8	0	3794	1.00	852	22.09.30	18:26	1	01	1550	1550	00	8691190517632	0	1	0	0	0	0	0	0
$4	55	9	1	0	0	15420	15420
$14	01	22.10.01	08:54	4
$13	00	1	22.10.01	08:54	01	0	0	0	0	0	0	0	0	0	             
$1	56	1	1	0	1177	1.00	650	22.10.01	09:31	2	01	650	650	00	5909994311312	0	0	0	0	0	0	0	0
$4	56	1	1	0	0	650	650
$1	56	2	1	0	4110	1.00	1556	22.10.01	09:43	1	01	3890	3890	00	10000328	0	1	0	0	0	0	0	0
$1	56	2	2	0	4110	1.00	1556	22.10.01	09:43	1	01	3890	3890	00	10000328	0	1	0	0	0	0	0	0
$1	56	2	3	0	4291	1.00	1740	22.10.01	09:43	1	01	4350	4350	00	10002544	0	1	0	0	0	0	0	0
$4	56	2	1	0	0	4852	4852
$1	56	3	1	0	2596	1.00	735	22.10.01	09:46	2	01	1050	1050	00	17025966	0	1	0	0	0	0	0	0
$1	56	3	2	0	0972	1.00	315	22.10.01	09:46	4	01	450	450	00	5906365702359	0	1	0	0	0	0	0	0
$1	56	3	3	0	1010	1.00	315	22.10.01	09:46	4	01	450	450	00	5906365702908	0	1	0	0	0	0	0	0
$4	56	3	1	0	0	1365	1365
$1	56	4	1	0	1537	1.00	1750	22.10.01	10:25	4	01	1750	1750	00	5907804205035	0	0	0	0	0	0	0	0
$1	56	4	2	0	1562	1.00	2550	22.10.01	10:25	4	01	2550	2550	00	5907804205486	0	0	0	0	0	0	0	0
$4	56	4	2	0	0	4300	4300
$1	56	5	1	0	2289	1.00	2150	22.10.01	10:40	1	01	2150	2150	00	10000458	0	0	0	0	0	0	0	0
$1	56	5	2	0	2270	1.00	4190	22.10.01	10:40	1	01	4190	4190	00	14022708	0	0	0	0	0	0	0	0
$4	56	5	2	0	0	6340	6340
$1	56	6	1	0	2336	1.00	2990	22.10.01	11:08	1	01	2990	2990	00	28023364	0	0	0	0	0	0	0	0
$4	56	6	2	0	0	2990	2990
$1	56	7	1	0	1233	1.00	700	22.10.01	11:18	2	01	700	700	00	5909990628223	0	0	0	0	0	0	0	0
$1	56	7	2	0	3158	1.00	3500	22.10.01	11:18	1	01	3500	3500	00	5902249015768	0	0	0	0	0	0	0	0
$1	56	7	3	0	0366	1.00	1150	22.10.01	11:18	1	01	1150	1150	00	5905279370159	0	0	0	0	0	0	0	0
$1	56	7	4	0	0195	1.000	400	22.10.01	11:20	1	01	400	400	00		0	0	0	0	0	0	0	0
$1	56	7	5	0	0195	2.000	780	22.10.01	11:21	1	01	780	780	00		0	0	0	0	0	0	0	0
$4	56	7	2	0	0	6530	6530
$1	56	8	1	0	2391	1.00	2890	22.10.01	11:22	1	01	2890	2890	00	16023918	0	0	0	0	0	0	0	0
$1	56	8	2	0	2360	1.00	2950	22.10.01	11:22	1	01	2950	2950	00	16023604	0	0	0	0	0	0	0	0
$4	56	8	1	0	0	5840	5840
$1	56	9	1	0	0027	1.000	1050	22.10.01	11:47	1	01	1050	1050	00		0	0	0	0	0	0	0	0
$1	56	9	2	0	1818	1.00	3190	22.10.01	11:47	1	01	3190	3190	00	8018182	0	0	0	0	0	0	0	0
$1	56	9	3	0	4266	1.00	5190	22.10.01	11:47	1	01	5190	5190	00	10002216	0	0	0	0	0	0	0	0
$1	56	9	4	0	1277	1.00	1550	22.10.01	11:47	1	01	1550	1550	00	19200	0	0	0	0	0	0	0	0
$1	56	9	5	0	3653	1.00	1990	22.10.01	11:47	1	01	1990	1990	00	9036536	0	0	0	0	0	0	0	0
$1	56	9	6	0	4288	1.00	8590	22.10.01	11:47	1	01	8590	8590	00	10002513	0	0	0	0	0	0	0	0
$1	56	9	7	0	4288	1.00	8590	22.10.01	11:48	1	01	8590	8590	00	10002513	0	0	0	0	0	0	0	0
$1	56	9	8	0	0297	1.00	2000	22.10.01	11:48	1	01	2000	2000	00	185	0	0	0	0	0	0	0	0
$4	56	9	2	0	0	32150	32150
$1	56	10	1	0	0041	1.000	3950	22.10.01	11:54	1	01	3950	3950	00		0	0	0	0	0	0	0	0
$4	56	10	1	0	0	5000	5000
$4	56	10	1	0	1	1050	1050
$1	56	11	1	0	0048	1.000	6850	22.10.01	12:10	1	01	6850	6850	00		0	0	0	0	0	0	0	0
$4	56	11	2	0	0	6850	6850
$1	56	12	1	0	4240	1.00	2690	22.10.01	12:30	1	01	2690	2690	00	10001080	0	0	0	0	0	0	0	0
$1	56	12	2	0	1900	1.00	1790	22.10.01	12:30	1	01	1790	1790	00	9019003	0	0	0	0	0	0	0	0
$4	56	12	1	0	0	4480	4480
$1	56	13	1	0	1462	1.00	1590	22.10.01	12:35	1	01	1590	1590	00	34014622	0	0	0	0	0	0	0	0
$1	56	13	2	0	0881	1.00	5490	22.10.01	12:35	1	01	5490	5490	00	4008811	0	0	0	0	0	0	0	0
$4	56	13	2	0	0	7080	7080
$14	01	22.10.03	17:26	4
$13	00	1	22.10.03	17:27	01	0	0	0	0	0	0	0	0	0	             
$14	01	22.10.03	17:56	4
$13	00	1	22.10.03	17:56	01	0	0	0	0	0	0	0	0	0	             
$14	01	22.10.03	18:02	4
$13	00	1	22.10.03	18:02	01	0	0	0	0	0	0	0	0	0	             
$14	01	22.10.03	18:04	4
$13	00	1	22.10.03	18:04	01	0	0	0	0	0	0	0	0	0	             
$14	01	22.10.03	18:08	4
$13	00	1	22.10.03	18:08	01	0	0	0	0	0	0	0	0	0	             
