#1	COM255:1:STX6:1	5	2023.02.25	21:55	OPSpRoz4	WIN 13.32.2020	OPSPROZ4IN.txt	OPSPROZ4OUT.txt
#
#ELZAB Jota online 20000 PLU II gen. ver. 01 (identyfikator odczytany z urzadzenia i pliku ECRTBUF.TXT)
$1	154	21	1	0	0489	1.00	4200	23.02.17	17:24	1	01	4200	4200	00	5902249010794	0	0	0	0	0	0	0	0
$4	154	21	2	0	0	4200	4200
$14	01	23.02.18	09:46	4
$13	00	1	23.02.18	09:46	01	0	0	0	0	0	0	0	0	0	             
$1	155	1	1	0	3904	1.00	4550	23.02.18	10:37	1	01	4550	4550	00	28039044	0	0	0	0	0	0	0	0
$1	155	1	2	0	4074	1.00	3000	23.02.18	10:38	1	01	3000	3000	00	5903760203054	0	0	0	0	0	0	0	0
$4	155	1	2	0	0	7550	7550
$1	155	2	1	0	1543	1.00	5250	23.02.18	10:44	4	01	5250	5250	00	5907804205073	0	0	0	0	0	0	0	0
$4	155	2	2	0	0	5250	5250
$1	155	3	1	0	2596	1.00	1350	23.02.18	11:24	1	01	1350	1350	00	17025966	0	0	0	0	0	0	0	0
$4	155	3	1	0	0	2000	2000
$4	155	3	1	0	1	650	650
$1	155	4	1	0	0647	1.00	3450	23.02.18	11:33	1	01	3450	3450	00	5902249012125	0	0	0	0	0	0	0	0
$1	155	4	2	0	0027	1.000	1190	23.02.18	11:33	1	01	1190	1190	00		0	0	0	0	0	0	0	0
$4	155	4	2	0	0	4640	4640
$1	155	5	1	0	1102	1.00	990	23.02.18	12:16	2	01	990	990	00	5907752643996	0	0	0	0	0	0	0	0
$4	155	5	2	0	0	990	990
$1	155	6	1	0	1922	1.00	1750	23.02.18	12:43	1	01	1750	1750	00	680275029168	0	0	0	0	0	0	0	0
$1	155	6	2	0	1955	1.00	1950	23.02.18	12:43	1	01	1950	1950	00	680275060437	0	0	0	0	0	0	0	0
$4	155	6	1	0	0	10000	10000
$4	155	6	1	0	1	6300	6300
$1	155	7	1	0	2024	1.00	1990	23.02.18	13:06	1	01	1990	2490	00	10020241	0	0	0	0	0	0	0	1
$4	155	7	1	0	0	2000	2000
$4	155	7	1	0	1	010	010
$14	01	23.02.21	09:38	4
$13	00	1	23.02.21	09:38	01	0	0	0	0	0	0	0	0	0	             
$1	156	1	1	0	1211	1.00	550	23.02.21	10:16	2	01	550	550	00	5909994309920	0	0	0	0	0	0	0	0
$1	156	1	2	0	1107	1.00	550	23.02.21	10:16	2	01	550	550	00	5909994311466	0	0	0	0	0	0	0	0
$4	156	1	2	0	0	1100	1100
$1	156	2	1	0	0195	1.000	550	23.02.21	12:37	1	01	550	650	00		0	0	0	0	0	0	0	1
$4	156	2	2	0	0	550	550
$1	156	3	1	0	2596	1.00	1350	23.02.21	12:53	1	01	1350	1350	00	17025966	0	0	0	0	0	0	0	0
$4	156	3	2	0	0	1350	1350
$1	156	4	1	0	0971	1.00	850	23.02.21	12:55	2	01	850	850	00	5009718	0	0	0	0	0	0	0	0
$4	156	4	2	0	0	850	850
$1	156	5	1	0	1112	1.00	750	23.02.21	13:04	2	01	750	750	00	5906365702267	0	0	0	0	0	0	0	0
$4	156	5	1	0	0	1000	1000
$4	156	5	1	0	1	250	250
$1	156	6	1	0	3026	1.00	1350	23.02.21	13:26	2	01	1350	1650	00	20030261	0	0	0	0	0	0	0	1
$1	156	6	2	0	1007	1.00	750	23.02.21	13:27	2	01	750	750	00	5907752643460	0	0	0	0	0	0	0	0
$1	156	6	3	0	1000	1.00	650	23.02.21	13:27	2	01	650	650	00	5906365702922	0	0	0	0	0	0	0	0
$1	156	6	4	0	1181	1.00	550	23.02.21	13:27	2	01	550	550	00	5909994310964	0	0	0	0	0	0	0	0
$4	156	6	1	0	0	4000	4000
$4	156	6	1	0	1	700	700
$1	156	7	1	0	3910	1.00	5750	23.02.21	13:59	1	01	5750	5750	00	28039105	0	0	0	0	0	0	0	0
$1	156	7	2	0	3901	1.00	1090	23.02.21	13:59	1	01	1090	1090	00	28039013	0	0	0	0	0	0	0	0
$4	156	7	2	0	0	6840	6840
$1	156	8	1	0	1816	1.00	2490	23.02.21	14:23	1	01	2490	2490	00	8018168	0	0	0	0	0	0	0	0
$1	156	8	2	0	3551	1.00	3450	23.02.21	14:23	1	01	3450	3450	00	8035516	0	0	0	0	0	0	0	0
$1	156	8	3	0	1825	1.00	2350	23.02.21	14:24	1	01	2350	2350	00	10004777	0	0	0	0	0	0	0	0
$1	156	8	4	0	3550	1.00	3450	23.02.21	14:24	1	01	3450	3450	00	8035509	0	0	0	0	0	0	0	0
$1	156	8	5	0	1826	1.00	2650	23.02.21	14:24	1	01	2650	2650	00	8018267	0	0	0	0	0	0	0	0
$4	156	8	2	0	0	14390	14390
$1	156	9	1	0	1537	1.00	1890	23.02.21	14:43	4	01	1890	1890	00	7015373	0	0	0	0	0	0	0	0
$1	156	9	2	0	1503	1.00	2690	23.02.21	14:43	4	01	2690	2690	00	7015038	0	0	0	0	0	0	0	0
$1	156	9	3	0	4362	1.00	3250	23.02.21	14:43	2	01	3250	3250	00	5904960018844	0	0	0	0	0	0	0	0
$1	156	9	4	0	2024	1.00	1990	23.02.21	14:46	1	01	1990	2490	00	10020241	0	0	0	0	0	0	0	1
$1	156	9	5	0	0297	1.00	2000	23.02.21	14:46	1	01	2000	2000	00	10004340	0	0	0	0	0	0	0	0
$1	156	9	6	0	1712	1.00	5650	23.02.21	14:50	1	01	5650	5650	00	10003299	0	0	0	0	0	0	0	0
$4	156	9	1	0	0	17470	17470
$1	156	10	1	0	1719	1.00	4500	23.02.21	14:58	1	01	4500	4500	00	10002896	0	0	0	0	0	0	0	0
$1	156	10	2	0	1437	1.00	2990	23.02.21	14:58	1	01	2990	2990	00	10002957	0	0	0	0	0	0	0	0
$4	156	10	2	0	0	7490	7490
$1	156	11	1	0	2382	1.00	4250	23.02.21	15:21	1	01	4250	4250	00	16023826	0	0	0	0	0	0	0	0
$4	156	11	1	0	0	4250	4250
$1	156	12	1	0	2350	2.00	1580	23.02.21	15:27	1	01	1580	1580	00	15023506	0	0	0	0	0	0	0	0
$4	156	12	1	0	0	2000	2000
$4	156	12	1	0	1	420	420
$1	156	13	1	0	2829	1.00	13550	23.02.21	15:54	1	01	13550	13550	00	18028294	0	0	0	0	0	0	0	0
$1	156	13	2	0	1762	1.00	6350	23.02.21	15:54	1	01	6350	6350	00	5711914160036	0	0	0	0	0	0	0	0
$4	156	13	2	0	0	19900	19900
$1	156	14	1	0	0983	1.00	850	23.02.21	16:37	4	01	850	850	00	5009831	0	0	0	0	0	0	0	0
$4	156	14	1	0	0	10000	10000
$4	156	14	1	0	1	9150	9150
$1	156	15	1	0	2050	1.00	2990	23.02.21	16:39	1	01	2990	2990	00	11020509	0	0	0	0	0	0	0	0
$4	156	15	1	0	0	2990	2990
$1	156	16	1	0	0461	1.00	2800	23.02.21	16:44	1	01	2800	2800	00	5907502687232	0	0	0	0	0	0	0	0
$1	156	16	2	0	0473	1.00	2600	23.02.21	16:44	1	01	2600	2600	00	5907502687317	0	0	0	0	0	0	0	0
$4	156	16	1	0	0	5400	5400
$1	156	17	1	0	4591	1.00	4950	23.02.21	16:45	2	01	4950	4950	00	10003527	0	0	0	0	0	0	0	0
$4	156	17	1	0	0	5000	5000
$4	156	17	1	0	1	050	050
$10	156	18	1	0	1712	1.00	5650	23.02.21	17:02	1	01	5650	5650	00	5907688710601	0	0	0	0	0	0	0	0
$1	156	18	1	0	2596	1.00	1350	23.02.21	17:10	1	01	1350	1350	00	17025966	0	0	0	0	0	0	0	0
$1	156	18	2	0	0972	1.00	450	23.02.21	17:11	4	01	450	450	00	5906365702359	0	0	0	0	0	0	0	0
$4	156	18	2	0	0	1800	1800
$14	01	23.02.22	09:33	4
$13	00	1	23.02.22	09:33	01	0	0	0	0	0	0	0	0	0	             
$1	157	1	1	0	3902	1.00	1450	23.02.22	09:45	1	01	1450	1450	00	28039020	0	0	0	0	0	0	0	0
$1	157	1	2	0	1049	1.00	1400	23.02.22	09:45	4	01	1400	1400	00	5010493	0	0	0	0	0	0	0	0
$4	157	1	1	0	0	10000	10000
$4	157	1	1	0	1	7150	7150
$1	157	2	1	0	0685	1.00	3850	23.02.22	10:15	1	01	3850	3850	00	25591	0	0	0	0	0	0	0	0
$1	157	2	2	0	0971	1.00	850	23.02.22	10:15	2	01	850	850	00	5009718	0	0	0	0	0	0	0	0
$4	157	2	2	0	0	4700	4700
$1	157	3	1	0	1135	1.00	1090	23.02.22	10:47	2	01	1090	1090	00	5907752643033	0	0	0	0	0	0	0	0
$1	157	3	2	0	0555	1.00	2900	23.02.22	10:47	1	01	2900	2900	00	5902249010398	0	0	0	0	0	0	0	0
$1	157	3	3	0	0971	1.00	850	23.02.22	10:50	2	01	850	850	00	5009718	0	0	0	0	0	0	0	0
$4	157	3	1	0	0	10000	10000
$4	157	3	1	0	1	5160	5160
$1	157	4	1	0	1055	1.00	990	23.02.22	11:18	4	01	990	990	00	5905279799141	0	0	0	0	0	0	0	0
$4	157	4	2	0	0	990	990
$1	157	5	1	0	1111	1.00	590	23.02.22	11:21	2	01	590	590	00	5906365702304	0	0	0	0	0	0	0	0
$4	157	5	2	0	0	590	590
$1	157	6	1	0	2165	1.00	1790	23.02.22	11:22	1	01	1790	1790	00	25430	0	0	0	0	0	0	0	0
$4	157	6	1	0	0	2000	2000
$4	157	6	1	0	1	210	210
$1	157	7	1	0	2611	1.00	1890	23.02.22	11:25	2	01	1890	1890	00	17026116	0	0	0	0	0	0	0	0
$1	157	7	2	0	2612	1.00	1750	23.02.22	11:25	1	01	1750	1750	00	17026123	0	0	0	0	0	0	0	0
$4	157	7	1	0	0	5000	5000
$4	157	7	1	0	1	1360	1360
$1	157	8	1	0	1040	1.00	550	23.02.22	13:12	2	01	550	550	00	5906365702847	0	0	0	0	0	0	0	0
$1	157	8	2	0	1039	1.00	650	23.02.22	13:12	2	01	650	650	00	5906365702823	0	0	0	0	0	0	0	0
$4	157	8	2	0	0	1200	1200
$1	157	9	1	0	2350	1.00	790	23.02.22	13:44	1	01	790	790	00	15023506	0	0	0	0	0	0	0	0
$4	157	9	1	0	0	1000	1000
$4	157	9	1	0	1	210	210
$1	157	10	1	0	2417	1.00	2790	23.02.22	14:21	1	01	2790	2790	00	16024175	0	0	0	0	0	0	0	0
$4	157	10	1	0	0	2790	2790
$1	157	11	1	0	1234	1.00	790	23.02.22	14:53	2	01	790	790	00	5909990311910	0	0	0	0	0	0	0	0
$4	157	11	1	0	0	1000	1000
$4	157	11	1	0	1	210	210
$1	157	12	1	0	1307	1.00	2850	23.02.22	16:07	1	01	2850	2850	00	8691190157050	0	0	0	0	0	0	0	0
$4	157	12	2	0	0	2850	2850
$1	157	13	1	0	2009	1.00	3250	23.02.22	17:02	1	01	3250	3250	00	680275060864	0	0	0	0	0	0	0	0
$4	157	13	2	0	0	3250	3250
$1	157	14	1	0	1190	1.00	455	23.02.22	17:18	2	01	455	650	00	5909990021864	0	0	0	0	0	0	0	1
$4	157	14	1	0	0	455	455
$1	157	15	1	0	2050	1.00	2990	23.02.22	17:21	1	01	2990	2990	00	11020509	0	0	0	0	0	0	0	0
$4	157	15	2	0	0	2990	2990
$14	01	23.02.23	09:30	4
$13	00	1	23.02.23	09:30	01	0	0	0	0	0	0	0	0	0	             
$1	158	1	1	0	0906	1.00	5900	23.02.23	09:39	1	01	5900	5900	00	4009061	0	0	0	0	0	0	0	0
$1	158	1	2	0	0880	1.00	6850	23.02.23	09:39	1	01	6850	6850	00	4008804	0	0	0	0	0	0	0	0
$1	158	1	3	0	1273	1.00	1650	23.02.23	09:39	1	01	1650	1650	00	8691190967253	0	0	0	0	0	0	0	0
$4	158	1	2	0	0	14400	14400
$1	158	2	1	0	4114	1.00	2550	23.02.23	10:46	1	01	2550	2550	00	10000380	0	0	0	0	0	0	0	0
$1	158	2	2	0	3188	1.00	2350	23.02.23	10:46	1	01	2350	2350	00	5905279070387	0	0	0	0	0	0	0	0
$4	158	2	1	0	0	10000	10000
$4	158	2	1	0	1	5100	5100
$10	158	3	1	0	2053	41.00	122590	23.02.23	11:49	1	01	122590	122590	00	11020530	0	0	0	0	0	0	0	0
$1	158	3	1	0	2053	1.00	2990	23.02.23	11:49	1	01	2990	2990	00	11020530	0	0	0	0	0	0	0	0
$1	158	3	2	0	0041	1.000	3500	23.02.23	11:50	1	01	3500	3500	00		0	0	0	0	0	0	0	0
$4	158	3	1	0	0	6490	6490
$1	158	4	1	0	0041	1.000	3390	23.02.23	12:01	1	01	3390	3390	00		0	0	0	0	0	0	0	0
$4	158	4	1	0	0	3500	3500
$4	158	4	1	0	1	110	110
$1	158	5	1	0	2053	1.00	2990	23.02.23	12:10	1	01	2990	2990	00	11020530	0	0	0	0	0	0	0	0
$1	158	5	2	0	0476	1.00	3090	23.02.23	12:10	1	01	3090	3090	00	5907502687348	0	0	0	0	0	0	0	0
$4	158	5	1	0	0	10000	10000
$4	158	5	1	0	1	3920	3920
$1	158	6	1	0	2596	1.00	1350	23.02.23	12:59	1	01	1350	1350	00	17025966	0	0	0	0	0	0	0	0
$4	158	6	2	0	0	1350	1350
$1	158	7	1	0	1184	1.00	550	23.02.23	14:25	2	01	550	550	00	5909990628377	0	0	0	0	0	0	0	0
$1	158	7	2	0	1027	1.00	2550	23.02.23	14:26	2	01	2550	2550	00	5010271	0	0	0	0	0	0	0	0
$4	158	7	2	0	0	3100	3100
$1	158	8	1	0	1456	1.00	1990	23.02.23	15:40	1	01	1990	1990	00	10003091	0	0	0	0	0	0	0	0
$4	158	8	2	0	0	1990	1990
$1	158	9	1	0	4357	1.00	8090	23.02.23	16:37	1	01	8090	8090	00	10003534	0	0	0	0	0	0	0	0
$4	158	9	2	0	0	8090	8090
$14	01	23.02.24	09:10	4
$13	00	1	23.02.24	09:10	01	0	0	0	0	0	0	0	0	0	             
$1	159	1	1	0	1237	3.00	3570	23.02.24	10:47	4	01	3570	3570	00	5012374	0	0	0	0	0	0	0	0
$4	159	1	2	0	0	3570	3570
$1	159	2	1	0	3026	1.00	1390	23.02.24	11:46	2	01	1390	1650	00	20030261	0	0	0	0	0	0	0	1
$4	159	2	2	0	0	1390	1390
$10	159	3	1	0	3565	1.00	550	23.02.24	12:03	2	01	550	550	00	5902741002099	0	0	0	0	0	0	0	0
$10	159	3	2	0	4570	1.00	1100	23.02.24	12:10	2	01	1100	1100	00	5902741002990	0	0	0	0	0	0	0	0
$1	159	3	1	0	1587	1.00	1650	23.02.24	12:46	1	01	1650	1650	00	7015878	0	0	0	0	0	0	0	0
$1	159	3	2	0	2011	1.00	3490	23.02.24	12:46	1	01	3490	3490	00	10007617	0	0	0	0	0	0	0	0
$1	159	3	3	0	1573	2.00	1100	23.02.24	12:47	4	01	1100	1100	00	5906660817208	0	0	0	0	0	0	0	0
$4	159	3	2	0	0	6240	6240
$1	159	4	1	0	0002	2.000	2980	23.02.24	13:25	1	01	2980	2980	00		0	0	0	0	0	0	0	0
$4	159	4	2	0	0	2980	2980
$1	159	5	1	0	3739	1.00	770	23.02.24	13:42	1	01	770	1100	00	8691190603045	0	0	0	0	0	0	0	1
$4	159	5	1	0	0	770	770
$1	159	6	1	0	4020	1.00	3090	23.02.24	13:53	1	01	3090	3090	00	8691190375041	0	0	0	0	0	0	0	0
$4	159	6	2	0	0	3090	3090
$10	159	7	1	0	2165	1.00	1790	23.02.24	14:37	1	01	1790	1790	00	25430	0	0	0	0	0	0	0	0
$10	159	7	2	0	2165	1.00	1790	23.02.24	14:37	1	01	1790	1790	00	25430	0	0	0	0	0	0	0	0
$10	159	7	3	0	4568	1.00	2950	23.02.24	14:38	1	01	2950	2950	00	10007747	0	0	0	0	0	0	0	0
$1	159	7	1	0	0002	2.000	2980	23.02.24	14:46	1	01	2980	2980	00	2	0	0	0	0	0	0	0	0
$1	159	7	2	0	4568	2.00	5900	23.02.24	14:46	1	01	5900	5900	00	10007747	0	0	0	0	0	0	0	0
$1	159	7	3	0	4339	1.00	8550	23.02.24	14:47	1	01	8550	8550	00	10004586	0	0	0	0	0	0	0	0
$1	159	7	4	0	0289	1.00	8550	23.02.24	14:47	1	01	8550	8550	00	10004609	0	0	0	0	0	0	0	0
$4	159	7	2	0	0	25980	25980
$1	159	8	1	0	3901	3.00	3270	23.02.24	14:57	1	01	3270	3270	00	28039013	0	0	0	0	0	0	0	0
$4	159	8	1	0	0	5000	5000
$4	159	8	1	0	1	1730	1730
$1	159	9	1	0	4564	1.00	6500	23.02.24	15:00	1	01	6500	6500	00	10007709	0	0	0	0	0	0	0	0
$1	159	9	2	0	4587	1.00	3790	23.02.24	15:00	1	01	3790	3790	00	10007839	0	0	0	0	0	0	0	0
$1	159	9	3	0	4586	1.00	2550	23.02.24	15:00	1	01	2550	2550	00	5904538030070	0	0	0	0	0	0	0	0
$4	159	9	2	0	0	12840	12840
$1	159	10	1	0	1133	1.00	1250	23.02.24	15:16	4	01	1250	1250	00	5011339	0	0	0	0	0	0	0	0
$4	159	10	2	0	0	1250	1250
$1	159	11	1	0	1690	1.00	3250	23.02.24	15:51	1	01	3250	3250	00	7016905	0	0	0	0	0	0	0	0
$4	159	11	2	0	0	3250	3250
$1	159	12	1	0	1032	1.00	900	23.02.24	15:54	4	01	900	900	00	5010325	0	0	0	0	0	0	0	0
$1	159	12	2	0	4168	1.00	2150	23.02.24	15:56	2	01	2150	2150	00	10000991	0	0	0	0	0	0	0	0
$4	159	12	1	0	0	5000	5000
$4	159	12	1	0	1	1950	1950
$1	160	1	1	0	4562	1.00	6390	23.02.25	10:13	1	01	6390	6390	00	10007686	0	0	0	0	0	0	0	0
$4	160	1	2	0	0	6390	6390
$1	160	2	1	0	4156	1.00	3290	23.02.25	10:28	1	01	3290	3290	00	10000892	0	0	0	0	0	0	0	0
$4	160	2	2	0	0	3290	3290
$1	160	3	1	0	3528	1.00	4850	23.02.25	10:29	1	01	4850	4850	00	5907688710885	0	0	0	0	0	0	0	0
$4	160	3	1	0	0	5000	5000
$4	160	3	1	0	1	150	150
$1	160	4	1	0	3901	2.00	2180	23.02.25	10:31	1	01	2180	2180	00	28039013	0	0	0	0	0	0	0	0
$4	160	4	2	0	0	2180	2180
$1	160	5	1	0	0001	1.000	5950	23.02.25	10:37	1	01	5950	5950	00		0	0	0	0	0	0	0	0
$4	160	5	1	0	0	6000	6000
$4	160	5	1	0	1	050	050
$1	160	6	1	0	4602	1.00	2850	23.02.25	10:38	1	01	2850	2850	00	10007983	0	0	0	0	0	0	0	0
$4	160	6	2	0	0	2850	2850
$1	160	7	1	0	1821	2.00	2365	23.02.25	10:40	1	01	4300	4300	00	5701278288149	0	1	0	0	0	0	0	0
$1	160	7	2	0	1215	2.00	759	23.02.25	10:40	2	01	1380	1380	00	5909994311213	0	1	0	0	0	0	0	0
$4	160	7	1	0	0	3124	3124
$1	160	8	1	0	3117	1.00	1290	23.02.25	10:45	2	01	1290	1290	00	20031176	0	0	0	0	0	0	0	0
$1	160	8	2	0	3902	1.00	1450	23.02.25	10:46	1	01	1450	1450	00	28039020	0	0	0	0	0	0	0	0
$4	160	8	1	0	0	3000	3000
$4	160	8	1	0	1	260	260
$1	160	9	1	0	0608	1.00	850	23.02.25	10:55	1	01	850	850	00	5902249011050	0	0	0	0	0	0	0	0
$1	160	9	2	0	3113	1.00	1000	23.02.25	10:55	2	01	1000	1000	00	20031138	0	0	0	0	0	0	0	0
$1	160	9	3	0	3091	1.00	750	23.02.25	10:55	2	01	750	750	00	10003909	0	0	0	0	0	0	0	0
$4	160	9	2	0	0	2600	2600
$1	160	10	1	0	4390	1.00	5950	23.02.25	10:57	1	01	5950	5950	00	10005293	0	0	0	0	0	0	0	0
$4	160	10	2	0	0	5950	5950
$1	160	11	1	0	1249	1.00	900	23.02.25	11:59	2	01	900	900	00	5909994310667	0	0	0	0	0	0	0	0
$4	160	11	1	0	0	2000	2000
$4	160	11	1	0	1	1100	1100
$12	160	1	1	0	1713	1.00	2990	23.02.25	12:00	1	01	2990	2990	00	10003282	0	0	0	0	0	0	0	0
$1	160	12	1	0	1711	1.00	5990	23.02.25	12:00	1	01	5990	5990	00	5907688710670	0	0	0	0	0	0	0	0
$4	160	12	1	0	0	10000	10000
$4	160	12	1	0	1	4010	4010
$1	160	13	1	0	2053	5.00	14950	23.02.25	12:20	1	01	14950	14950	00	11020530	0	0	0	0	0	0	0	0
$1	160	13	2	0	3169	1.00	3190	23.02.25	12:26	1	01	3190	3190	00	8031693	0	0	0	0	0	0	0	0
$1	160	13	3	0	3121	1.00	1350	23.02.25	12:27	4	01	1350	1350	00	10003787	0	0	0	0	0	0	0	0
$1	160	13	4	0	0554	1.00	690	23.02.25	12:27	1	01	690	690	00	5902249010442	0	0	0	0	0	0	0	0
$1	160	13	5	0	3618	1.00	250	23.02.25	12:27	1	01	250	250	00	5901887944706	0	0	0	0	0	0	0	0
$1	160	13	6	0	3968	1.00	1550	23.02.25	12:27	1	01	1550	1550	00	8691190903183	0	0	0	0	0	0	0	0
$1	160	13	7	0	2350	1.00	790	23.02.25	12:27	1	01	790	790	00	15023506	0	0	0	0	0	0	0	0
$4	160	13	2	0	0	22770	22770
$1	160	14	1	0	3669	1.00	1490	23.02.25	12:31	1	01	1490	1490	00	8691190466398	0	0	0	0	0	0	0	0
$1	160	14	2	0	2350	1.00	790	23.02.25	12:31	1	01	790	790	00	15023506	0	0	0	0	0	0	0	0
$1	160	14	3	0	4184	1.00	550	23.02.25	12:31	1	01	550	550	00	8691190643065	0	0	0	0	0	0	0	0
$4	160	14	2	0	0	2830	2830
$1	160	15	1	0	4508	2.00	900	23.02.25	12:32	2	01	900	900	00	5905279799882	0	0	0	0	0	0	0	0
$1	160	15	2	0	2433	1.00	2850	23.02.25	12:32	1	01	2850	2850	00	16024335	0	0	0	0	0	0	0	0
$1	160	15	3	0	3446	1.00	3550	23.02.25	12:32	1	01	3550	3550	00	7790387015225	0	0	0	0	0	0	0	0
$1	160	15	4	0	0988	1.00	850	23.02.25	12:34	1	01	850	850	00	5906365702441	0	0	0	0	0	0	0	0
$1	160	15	5	0	3026	1.00	1650	23.02.25	12:34	2	01	1650	1650	00	20030261	0	0	0	0	0	0	0	0
$4	160	15	2	0	0	9800	9800
$1	160	16	1	0	0960	1.00	590	23.02.25	12:44	4	01	590	590	00	5905279799608	0	0	0	0	0	0	0	0
$1	160	16	2	0	0967	1.00	650	23.02.25	12:44	2	01	650	650	00	5907752643750	0	0	0	0	0	0	0	0
$1	160	16	3	0	1170	1.00	590	23.02.25	12:44	2	01	590	590	00	5909994311565	0	0	0	0	0	0	0	0
$1	160	16	4	0	1101	1.00	550	23.02.25	12:45	4	01	550	550	00	5905279799172	0	0	0	0	0	0	0	0
$1	160	16	5	0	1191	1.00	550	23.02.25	12:45	2	01	550	550	00	5909990628490	0	0	0	0	0	0	0	0
$1	160	16	6	0	1175	1.00	850	23.02.25	12:45	2	01	850	850	00	5909994308626	0	0	0	0	0	0	0	0
$1	160	16	7	0	1210	1.00	490	23.02.25	12:45	2	01	490	490	00	5909994310360	0	0	0	0	0	0	0	0
$1	160	16	8	0	1217	1.00	500	23.02.25	12:45	2	01	500	500	00	5909990195824	0	0	0	0	0	0	0	0
$1	160	16	9	0	1206	1.00	650	23.02.25	12:45	2	01	650	650	00	5909990903115	0	0	0	0	0	0	0	0
$4	160	16	1	0	0	5500	5500
$4	160	16	1	0	1	080	080
