#1	COM12:57600:MUX0:1	3	2022.01.12	18:11	OPSpRoz4	WIN 13.32.2020	OPSPROZ4IN.txt	OPSPROZ4OUT.txt
#
#Jota E 4095 PLU II gen. ver. 01 (identyfikator odczytany z urzadzenia i pliku ECRTBUF.TXT)
$1	1618	3701	1	0	1200	2.00	980	22.01.10	10:13	2	30	980	980	00	5909990628544	0	0	0	0	0	0	0	0
$1	1618	3701	2	0	1199	1.00	550	22.01.10	10:13	2	30	550	550	00	5909990195527	0	0	0	0	0	0	0	0
$1	1618	3701	3	0	0996	1.00	590	22.01.10	10:13	2	30	590	590	00	5906365702076	0	0	0	0	0	0	0	0
$1	1618	3701	4	0	0996	1.00	590	22.01.10	10:13	2	30	590	590	00	5906365702076	0	0	0	0	0	0	0	0
$1	1618	3701	5	0	1199	1.00	550	22.01.10	10:13	2	30	550	550	00	5909990195527	0	0	0	0	0	0	0	0
$1	1618	3701	6	0	1182	1.00	550	22.01.10	10:13	2	30	550	550	00	5909990219728	0	0	0	0	0	0	0	0
$1	1618	3701	7	0	1193	2.00	980	22.01.10	10:13	2	30	980	980	00	5909990195725	0	0	0	0	0	0	0	0
$1	1618	3701	8	0	1014	2.00	900	22.01.10	10:13	2	30	900	900	00	5906365702526	0	0	0	0	0	0	0	0
$1	1618	3701	9	0	1107	1.00	450	22.01.10	10:13	2	30	450	450	00	5909994311466	0	0	0	0	0	0	0	0
$1	1618	3702	1	0	3970	1.00	1090	22.01.10	10:23	1	30	1090	1090	00	0000031039703	0	0	0	0	0	0	0	0
$1	1618	3703	1	0	3662	1.00	2990	22.01.10	11:26	1	30	2990	2990	00	0000023036628	0	0	0	0	0	0	0	0
$1	1618	3703	2	0	3689	1.00	2590	22.01.10	11:26	1	30	2590	2590	00	0000023036895	0	0	0	0	0	0	0	0
$1	1618	3703	3	0	3669	1.00	2990	22.01.10	11:26	1	30	2990	2990	00	0000023036697	0	0	0	0	0	0	0	0
$1	1618	3703	4	0	3882	1.00	3090	22.01.10	11:26	1	30	3090	3090	00	0000023038820	0	0	0	0	0	0	0	0
$1	1618	3703	5	0	3882	1.00	3090	22.01.10	11:26	1	30	3090	3090	00	0000023038820	0	0	0	0	0	0	0	0
$1	1618	3703	6	0	3681	1.00	3090	22.01.10	11:26	1	30	3090	3090	00	0000023036819	0	0	0	0	0	0	0	0
$1	1618	3703	7	0	1215	1.00	650	22.01.10	11:26	2	30	650	650	00	5909994311213	0	0	0	0	0	0	0	0
$1	1618	3704	1	0	0447	1.00	6550	22.01.10	11:30	1	30	6550	6550	00	0000024004473	0	0	0	0	0	0	0	0
$1	1618	3704	2	0	0026	1.000	2990	22.01.10	11:30	1	30	2990	2990	00	0000000000000	0	0	0	0	0	0	0	0
$1	1618	3704	3	0	0026	1.000	2950	22.01.10	11:30	1	30	2950	2950	00	0000000000000	0	0	0	0	0	0	0	0
$1	1618	3705	1	0	1564	1.00	5990	22.01.10	12:02	3	30	5990	5990	00	0000007015649	0	0	0	0	0	0	0	0
$1	1618	3706	1	0	2350	4.00	2600	22.01.10	12:08	1	30	2600	2600	00	0000015023506	0	0	0	0	0	0	0	0
$1	1618	3707	1	0	2350	1.00	650	22.01.10	12:21	1	30	650	650	00	0000015023506	0	0	0	0	0	0	0	0
$1	1618	3708	1	0	2991	1.00	1950	22.01.10	12:42	2	30	1950	1950	00	0000019029917	0	0	0	0	0	0	0	0
$1	1618	3709	1	0	2053	1.00	2550	22.01.10	12:52	1	30	2550	2550	00	0000011020530	0	0	0	0	0	0	0	0
$1	1618	3710	1	0	2668	1.00	2090	22.01.10	13:04	3	30	2090	2090	00	0000017026680	0	0	0	0	0	0	0	0
$1	1618	3711	1	0	3741	1.00	2350	22.01.10	13:05	1	30	2350	2350	00	0000025037418	0	0	0	0	0	0	0	0
$1	1618	3712	1	0	2350	1.00	650	22.01.10	13:08	1	30	650	650	00	0000015023506	0	0	0	0	0	0	0	0
$1	1618	3712	2	0	2350	1.00	650	22.01.10	13:08	1	30	650	650	00	0000015023506	0	0	0	0	0	0	0	0
$1	1618	3713	1	0	0976	1.00	1590	22.01.10	13:20	2	30	1590	1590	00	5905279799011	0	0	0	0	0	0	0	0
$1	1618	3713	2	0	3740	1.00	490	22.01.10	13:20	1	30	490	490	00	0000025037401	0	0	0	0	0	0	0	0
$1	1618	3714	1	0	2993	1.00	2290	22.01.10	13:49	2	30	2290	2290	00	0000019029931	0	0	0	0	0	0	0	0
$1	1618	3714	2	0	1821	1.00	1890	22.01.10	13:49	1	30	1890	1890	00	5701278288149	0	0	0	0	0	0	0	0
$1	1618	3714	3	0	0713	1.00	2150	22.01.10	13:49	1	30	2150	2150	00	0000003007136	0	0	0	0	0	0	0	0
$1	1618	3715	1	0	0103	2.000	1220	22.01.10	14:15	1	30	1220	1220	00	0000000000000	0	0	0	0	0	0	0	0
$1	1618	3716	1	0	2382	1.00	3800	22.01.10	14:28	1	30	3800	3800	00	0000016023826	0	0	0	0	0	0	0	0
$1	1618	3717	1	0	1203	1.00	550	22.01.10	15:05	2	30	550	550	00	0000005012039	0	0	0	0	0	0	0	0
$1	1618	3717	2	0	1185	1.00	490	22.01.10	15:05	2	30	490	490	00	5909990628391	0	0	0	0	0	0	0	0
$1	1618	3717	3	0	1132	1.00	550	22.01.10	15:05	2	30	550	550	00	5907752643491	0	0	0	0	0	0	0	0
$1	1618	3717	4	0	0953	1.00	450	22.01.10	15:05	2	30	450	450	00	0000005009534	0	0	0	0	0	0	0	0
$1	1618	3718	1	0	0314	1.00	1890	22.01.10	15:25	1	30	1890	1890	00	5900168905658	0	0	0	0	0	0	0	0
$1	1618	3719	1	0	2352	1.00	4590	22.01.10	15:31	1	30	4590	4590	00	0000008023520	0	0	0	0	0	0	0	0
$1	1618	3720	1	0	4060	1.00	5560	22.01.10	15:36	2	30	6950	6950	00	0000027040607	0	1	0	0	0	0	0	0
$1	1618	3720	2	0	2729	1.00	2712	22.01.10	15:36	2	30	3390	3390	00	0000017027298	0	1	0	0	0	0	0	0
$1	1618	3721	1	0	2432	1.00	2232	22.01.10	15:51	1	30	2232	2790	00	0000016024328	0	0	0	0	0	0	0	1
$10	1618	3722	1	0	2024	1.00	2490	22.01.10	16:30	1	30	2490	2490	00	0000010020241	0	0	0	0	0	0	0	0
$10	1618	3722	2	0	2053	1.00	2550	22.01.10	16:30	1	30	2550	2550	00	0000011020530	0	0	0	0	0	0	0	0
$1	1618	3722	1	0	2053	1.00	2550	22.01.10	16:30	1	30	2550	2550	00	0000011020530	0	0	0	0	0	0	0	0
$1	1618	3723	1	0	2834	1.00	8950	22.01.10	16:37	1	30	8950	8950	00	0000018028348	0	0	0	0	0	0	0	0
$1	1618	3723	2	0	2352	1.00	4590	22.01.10	16:37	1	30	4590	4590	00	0000008023520	0	0	0	0	0	0	0	0
$1	1619	3725	1	0	1212	1.00	550	22.01.11	09:34	2	30	550	550	00	5909994310629	0	0	0	0	0	0	0	0
$1	1619	3725	2	0	0529	1.00	2490	22.01.11	09:34	1	30	2490	2490	00	5907502687904	0	0	0	0	0	0	0	0
$1	1619	3725	3	0	3814	1.00	2550	22.01.11	09:34	1	30	2550	2550	00	0000026038148	0	0	0	0	0	0	0	0
$1	1619	3726	1	0	2663	1.00	590	22.01.11	09:45	3	30	590	590	00	5907559279169	0	0	0	0	0	0	0	0
$1	1619	3727	1	0	1238	1.00	650	22.01.11	09:47	3	30	650	650	00	0000005012381	0	0	0	0	0	0	0	0
$1	1619	3728	1	0	0624	1.00	3250	22.01.11	09:58	1	30	3250	3250	00	5902249011296	0	0	0	0	0	0	0	0
$1	1619	3728	2	0	0451	1.00	4250	22.01.11	09:58	1	30	4250	4250	00	0000002004518	0	0	0	0	0	0	0	0
$1	1619	3728	3	0	1133	1.00	750	22.01.11	09:58	3	30	750	750	00	0000005011339	0	0	0	0	0	0	0	0
$1	1619	3729	1	0	1011	3.00	1470	22.01.11	11:10	2	30	1470	1470	00	5906365702755	0	0	0	0	0	0	0	0
$1	1619	3729	2	0	1097	1.00	450	22.01.11	11:10	2	30	450	450	00	5909994310568	0	0	0	0	0	0	0	0
$1	1619	3730	1	0	0772	1.00	6690	22.01.11	11:30	1	30	6690	6690	00	0000003007723	0	0	0	0	0	0	0	0
$1	1619	3730	2	0	0977	1.00	600	22.01.11	11:30	2	30	600	600	00	0000005009770	0	0	0	0	0	0	0	0
$1	1619	3730	3	0	3790	1.00	2850	22.01.11	11:30	1	30	2850	2850	00	0000025037906	0	0	0	0	0	0	0	0
$1	1619	3731	1	0	0772	1.00	6690	22.01.11	11:39	1	30	6690	6690	00	0000003007723	0	0	0	0	0	0	0	0
$1	1619	3732	1	0	3901	1.00	950	22.01.11	11:43	1	30	950	950	00	0000028039013	0	0	0	0	0	0	0	0
$1	1619	3732	2	0	2053	1.00	2550	22.01.11	11:43	1	30	2550	2550	00	0000011020530	0	0	0	0	0	0	0	0
$1	1619	3733	1	0	1233	1.00	650	22.01.11	12:12	2	30	650	650	00	5909990628223	0	0	0	0	0	0	0	0
$1	1619	3734	1	0	3660	1.00	4650	22.01.11	13:02	1	30	4650	4650	00	0000001036602	0	0	0	0	0	0	0	0
$1	1619	3735	1	0	3901	1.00	950	22.01.11	13:31	1	30	950	950	00	0000028039013	0	0	0	0	0	0	0	0
$1	1619	3736	1	0	3898	1.00	2750	22.01.11	13:41	1	30	2750	2750	00	0000023038981	0	0	0	0	0	0	0	0
$1	1619	3737	1	0	0368	2.00	2780	22.01.11	13:54	1	30	2780	2780	00	5906874565087	0	0	0	0	0	0	0	0
$1	1619	3737	2	0	0578	1.00	3090	22.01.11	13:54	1	30	3090	3090	00	0000002005782	0	0	0	0	0	0	0	0
$1	1619	3737	3	0	0736	1.00	4390	22.01.11	13:54	1	30	4390	4390	00	0000003007365	0	0	0	0	0	0	0	0
$1	1619	3737	4	0	0025	1.000	890	22.01.11	13:54	1	30	890	890	00	0000000000000	0	0	0	0	0	0	0	0
$1	1619	3737	5	0	0204	2.000	400	22.01.11	13:54	1	30	400	400	00	0000000000000	0	0	0	0	0	0	0	0
$1	1619	3738	1	0	1189	1.00	330	22.01.11	14:46	2	30	330	550	00	0000005011896	0	0	0	0	0	0	0	1
$1	1619	3739	1	0	3969	1.00	1350	22.01.11	14:58	1	30	1350	1350	00	0000031039697	0	0	0	0	0	0	0	0
$1	1619	3740	1	0	1910	1.00	1750	22.01.11	15:01	1	30	1750	1750	00	0000009019102	0	0	0	0	0	0	0	0
$1	1619	3741	1	0	2432	1.00	2790	22.01.11	15:10	1	30	2790	2790	00	0000016024328	0	0	0	0	0	0	0	0
$1	1619	3742	1	0	3265	1.00	1750	22.01.11	16:32	3	30	1750	1750	00	0000005032655	0	0	0	0	0	0	0	0
$1	1619	3742	2	0	1632	1.00	2390	22.01.11	16:32	1	30	2390	2390	00	0000007016325	0	0	0	0	0	0	0	0
$1	1619	3743	1	0	0038	1.000	1940	22.01.11	16:45	1	30	1940	1940	00	0000000000000	0	0	0	0	0	0	0	0
$1	1619	3743	2	0	0038	1.000	1290	22.01.11	16:45	1	30	1290	1290	00	0000000000000	0	0	0	0	0	0	0	0
$1	1619	3743	3	0	0038	1.000	2550	22.01.11	16:45	1	30	2550	2550	00	0000000000000	0	0	0	0	0	0	0	0
$1	1619	3743	4	0	3089	1.00	550	22.01.11	16:45	2	30	550	550	00	0000020030896	0	0	0	0	0	0	0	0
$1	1619	3743	5	0	3022	1.00	550	22.01.11	16:45	2	30	550	550	00	0000020030223	0	0	0	0	0	0	0	0
$1	1619	3743	6	0	3136	1.00	1990	22.01.11	16:45	2	30	1990	1990	00	0000020031367	0	0	0	0	0	0	0	0
$1	1619	3743	7	0	2350	1.00	650	22.01.11	16:45	1	30	650	650	00	0000015023506	0	0	0	0	0	0	0	0
$1	1619	3744	1	0	2053	1.00	2550	22.01.11	17:08	1	30	2550	2550	00	0000011020530	0	0	0	0	0	0	0	0
$1	1619	3744	2	0	0863	1.00	5500	22.01.11	17:08	1	30	5500	5500	00	0000004008637	0	0	0	0	0	0	0	0
$1	1620	3746	1	0	2040	1.00	2890	22.01.12	09:50	1	30	2890	2890	00	0000016020405	0	0	0	0	0	0	0	0
$1	1620	3746	2	0	3145	1.00	2550	22.01.12	09:50	1	30	2550	2550	00	0000016031456	0	0	0	0	0	0	0	0
$1	1620	3747	1	0	0243	2.000	2380	22.01.12	09:55	1	30	2380	2380	00	0000000000000	0	0	0	0	0	0	0	0
$1	1620	3748	1	0	1232	1.00	400	22.01.12	10:01	2	30	400	400	00	5909990219520	0	0	0	0	0	0	0	0
$1	1620	3748	2	0	1232	1.00	400	22.01.12	10:01	2	30	400	400	00	5909990219520	0	0	0	0	0	0	0	0
$1	1620	3749	1	0	0182	1.000	390	22.01.12	10:03	2	30	390	390	00	0000000000000	0	0	0	0	0	0	0	0
$1	1620	3750	1	0	1211	1.00	450	22.01.12	10:11	2	30	450	450	00	5909994309920	0	0	0	0	0	0	0	0
$1	1620	3750	2	0	1211	1.00	450	22.01.12	10:11	2	30	450	450	00	5909994309920	0	0	0	0	0	0	0	0
$1	1620	3750	3	0	1165	3.00	1470	22.01.12	10:11	2	30	1470	1470	00	5909994311169	0	0	0	0	0	0	0	0
$1	1620	3751	1	0	1234	2.00	1300	22.01.12	10:22	2	30	1300	1300	00	5909990311910	0	0	0	0	0	0	0	0
$1	1620	3752	1	0	0331	1.00	1850	22.01.12	10:44	1	30	1850	1850	00	5900168908130	0	0	0	0	0	0	0	0
$1	1620	3752	2	0	3660	1.00	4650	22.01.12	10:44	1	30	4650	4650	00	0000001036602	0	0	0	0	0	0	0	0
$1	1620	3753	1	0	1444	1.00	1450	22.01.12	10:47	1	30	1450	1450	00	0000034014448	0	0	0	0	0	0	0	0
$1	1620	3754	1	0	0949	1.00	3850	22.01.12	11:01	1	30	3850	3850	00	0000024009492	0	0	0	0	0	0	0	0
$1	1620	3754	2	0	2011	1.00	2990	22.01.12	11:01	2	30	2990	2990	00	0000009020115	0	0	0	0	0	0	0	0
$1	1620	3754	3	0	2944	1.00	990	22.01.12	11:01	1	30	990	990	00	0000031029445	0	0	0	0	0	0	0	0
$1	1620	3755	1	0	0031	1.000	2000	22.01.12	11:23	1	30	2000	2000	00	0000000000000	0	0	0	0	0	0	0	0
$1	1620	3755	2	0	0066	1.000	1190	22.01.12	11:23	1	30	1190	1190	00	0000000000000	0	0	0	0	0	0	0	0
$1	1620	3755	3	0	0182	1.000	390	22.01.12	11:23	2	30	390	390	00	0000000000000	0	0	0	0	0	0	0	0
$1	1620	3756	1	0	0631	1.00	2202	22.01.12	12:21	1	30	2202	2590	00	5902249011364	0	0	0	0	0	0	0	1
$1	1620	3756	2	0	3793	1.00	350	22.01.12	12:21	1	30	350	350	00	0000025037937	0	0	0	0	0	0	0	0
$1	1620	3757	1	0	1251	1.00	550	22.01.12	12:59	2	30	550	550	00	5909994308527	0	0	0	0	0	0	0	0
$1	1620	3758	1	0	3351	1.00	5990	22.01.12	13:00	1	30	5990	5990	00	0000001033519	0	0	0	0	0	0	0	0
$1	1620	3759	1	0	1008	1.00	270	22.01.12	13:04	2	30	270	450	00	5909994311367	0	0	0	0	0	0	0	1
$1	1620	3759	2	0	0244	1.000	690	22.01.12	13:04	1	30	690	690	00	0000000000000	0	0	0	0	0	0	0	0
$1	1620	3760	1	0	0450	1.00	4250	22.01.12	13:07	1	30	4250	4250	00	0000002004501	0	0	0	0	0	0	0	0
$1	1620	3761	1	0	2387	1.00	2790	22.01.12	13:46	1	30	2790	2790	00	0000016023871	0	0	0	0	0	0	0	0
$1	1620	3762	1	0	3018	1.00	2850	22.01.12	15:06	1	30	2850	2850	00	0000016030183	0	0	0	0	0	0	0	0
$1	1620	3763	1	0	2350	2.00	1300	22.01.12	15:46	1	30	1300	1300	00	0000015023506	0	0	0	0	0	0	0	0
$1	1620	3764	1	0	1215	1.00	488	22.01.12	16:43	2	30	650	650	00	5909994311213	0	1	0	0	0	0	0	0
$1	1620	3764	2	0	1215	1.00	488	22.01.12	16:43	2	30	650	650	00	5909994311213	0	1	0	0	0	0	0	0
$1	1620	3765	1	0	2942	1.00	600	22.01.12	17:09	3	30	600	600	00	0000020029425	0	0	0	0	0	0	0	0
$1	1620	3766	1	0	0986	1.00	590	22.01.12	17:18	2	30	590	590	00	5906365702007	0	0	0	0	0	0	0	0
$1	1620	3767	1	0	3089	1.00	550	22.01.12	17:20	2	30	550	550	00	0000020030896	0	0	0	0	0	0	0	0
$1	1620	3768	1	0	1815	1.00	2150	22.01.12	17:24	1	30	2150	2150	00	5711914066239	0	0	0	0	0	0	0	0
