#1	COM12:57600:MUX0:1	3	2021.06.09	17:12	OPSpRoz4	WIN 13.32.2020	OPSPROZ4IN.txt	OPSPROZ4OUT.txt
#
#Jota E 4095 PLU II gen. ver. 01 (identyfikator odczytany z urzadzenia i pliku ECRTBUF.TXT)
$1	1472	157	1	0	2666	1.00	1850	21.06.01	09:47	2	30	1850	1850	00	0000017026666	0	0	0	0	0	0	0	0
$1	1472	158	1	0	2281	1.00	1950	21.06.01	10:28	1	30	1950	1950	00	0000014022814	0	0	0	0	0	0	0	0
$1	1472	158	2	0	1719	1.00	3550	21.06.01	10:28	1	30	3550	3550	00	0000034017197	0	0	0	0	0	0	0	0
$1	1472	159	1	0	0596	1.00	2650	21.06.01	10:49	1	30	2650	2650	00	5902249011012	0	0	0	0	0	0	0	0
$1	1472	159	2	0	0342	1.00	1890	21.06.01	10:49	1	30	1890	1890	00	5900168900028	0	0	0	0	0	0	0	0
$1	1472	160	1	0	3932	1.00	1590	21.06.01	11:06	1	30	1590	1590	00	0000031039321	0	0	0	0	0	0	0	0
$1	1472	160	2	0	0026	1.000	1350	21.06.01	11:06	1	30	1350	1350	00	0000000000000	0	0	0	0	0	0	0	0
$1	1472	161	1	0	0819	1.00	3350	21.06.01	11:17	1	30	3350	3350	00	0000024008198	0	0	0	0	0	0	0	0
$1	1472	161	2	0	0066	1.000	1190	21.06.01	11:17	1	30	1190	1190	00	0000000000000	0	0	0	0	0	0	0	0
$1	1472	162	1	0	2953	1.00	3090	21.06.01	11:25	1	30	3090	3090	00	0000024029537	0	0	0	0	0	0	0	0
$1	1472	162	2	0	2940	1.00	6490	21.06.01	11:25	1	30	6490	6490	00	0000024029407	0	0	0	0	0	0	0	0
$1	1472	163	1	0	1513	1.00	1900	21.06.01	11:29	3	30	1900	1900	00	5907804205271	0	0	0	0	0	0	0	0
$1	1472	163	2	0	1823	1.00	2650	21.06.01	11:29	1	30	2650	2650	00	0000008018236	0	0	0	0	0	0	0	0
$1	1472	163	3	0	3983	1.00	1450	21.06.01	11:29	1	30	1450	1450	00	0000031039833	0	0	0	0	0	0	0	0
$1	1472	164	1	0	0008	1.000	2850	21.06.01	11:34	1	30	2850	2850	00	0000000000000	0	0	0	0	0	0	0	0
$1	1472	164	2	0	2010	2.00	5780	21.06.01	11:34	2	30	5780	5780	00	0680275060871	0	0	0	0	0	0	0	0
$1	1472	164	3	0	2012	1.00	3250	21.06.01	11:34	1	30	3250	3250	00	0000009020122	0	0	0	0	0	0	0	0
$1	1472	165	1	0	1519	1.00	4950	21.06.01	11:35	3	30	4950	4950	00	5907804205318	0	0	0	0	0	0	0	0
$1	1472	166	1	0	1425	1.00	4850	21.06.01	11:38	1	30	4850	4850	00	0000024014250	0	0	0	0	0	0	0	0
$1	1472	167	1	0	2053	2.00	5100	21.06.01	11:52	1	30	5100	5100	00	0000011020530	0	0	0	0	0	0	0	0
$1	1472	168	1	0	1068	1.00	490	21.06.01	12:57	2	30	490	490	00	5905279799400	0	0	0	0	0	0	0	0
$1	1472	169	1	0	2759	1.00	4950	21.06.01	13:11	1	30	4950	4950	00	0000024027595	0	0	0	0	0	0	0	0
$1	1472	169	2	0	0225	1.000	2990	21.06.01	13:11	1	30	2990	2990	00	0000000000000	0	0	0	0	0	0	0	0
$1	1472	169	3	0	0343	1.00	1790	21.06.01	13:11	1	30	1790	1790	00	5900168900004	0	0	0	0	0	0	0	0
$1	1472	169	4	0	0346	1.00	1890	21.06.01	13:11	1	30	1890	1890	00	5900168900363	0	0	0	0	0	0	0	0
$1	1472	169	5	0	2460	1.00	200	21.06.01	13:11	2	30	200	200	00	0000033002996	0	0	0	0	0	0	0	0
$1	1472	169	6	0	2745	1.00	3450	21.06.01	13:11	1	30	3450	3450	00	0000035027454	0	0	0	0	0	0	0	0
$1	1472	170	1	0	2359	1.00	5950	21.06.01	13:56	1	30	5950	5950	00	0000001023596	0	0	0	0	0	0	0	0
$1	1472	171	1	0	2053	2.00	5100	21.06.01	14:17	1	30	5100	5100	00	0000011020530	0	0	0	0	0	0	0	0
$1	1472	172	1	0	2014	1.00	4590	21.06.01	14:39	2	30	4590	4590	00	0000009020146	0	0	0	0	0	0	0	0
$1	1472	172	2	0	2742	1.00	4490	21.06.01	14:39	1	30	4490	4490	00	0000035027423	0	0	0	0	0	0	0	0
$1	1472	172	3	0	0738	1.00	7600	21.06.01	14:39	1	30	7600	7600	00	0000003007389	0	0	0	0	0	0	0	0
$1	1472	172	4	0	2296	1.00	4890	21.06.01	14:39	1	30	4890	4890	00	0000014022968	0	0	0	0	0	0	0	0
$1	1472	173	1	0	2350	1.00	650	21.06.01	14:52	1	30	650	650	00	0000015023506	0	0	0	0	0	0	0	0
$1	1472	174	1	0	0026	1.000	23	21.06.01	15:55	1	30	23	2250	00	0000000000000	0	0	0	0	0	0	0	1
$1	1472	175	1	0	2289	1.00	1850	21.06.01	15:56	1	30	1850	1850	00	0000014022890	0	0	0	0	0	0	0	0
$1	1472	176	1	0	2043	1.00	1590	21.06.01	16:02	1	30	1590	1590	00	0000007020438	0	0	0	0	0	0	0	0
$1	1472	176	2	0	1587	1.00	1290	21.06.01	16:02	1	30	1290	1290	00	0000007015878	0	0	0	0	0	0	0	0
$1	1472	176	3	0	1589	1.00	1290	21.06.01	16:02	1	30	1290	1290	00	0000007015892	0	0	0	0	0	0	0	0
$1	1472	177	1	0	2053	1.00	26	21.06.01	16:34	1	30	26	2550	00	0000011020530	0	0	0	0	0	0	0	1
$1	1472	178	1	0	1815	1.00	22	21.06.01	16:39	1	30	22	2150	00	0000008018151	0	0	0	0	0	0	0	1
$1	1472	179	1	0	0304	1.00	1913	21.06.01	16:58	1	30	2250	2250	00	5900168908451	0	1	0	0	0	0	0	0
$1	1472	179	2	0	0303	1.00	1437	21.06.01	16:58	1	30	1690	1690	00	5900168908512	0	1	0	0	0	0	0	0
$1	1472	179	3	0	0038	1.000	1148	21.06.01	16:58	1	30	1350	1350	00	0000000000000	0	1	0	0	0	0	0	0
$1	1472	180	1	0	0447	1.00	4950	21.06.01	16:59	1	30	4950	4950	00	0000024004473	0	0	0	0	0	0	0	0
$1	1472	181	1	0	2053	1.00	2550	21.06.01	17:28	1	30	2550	2550	00	0000011020530	0	0	0	0	0	0	0	0
$1	1472	181	2	0	2050	2.00	5100	21.06.01	17:28	1	30	5100	5100	00	0000011020509	0	0	0	0	0	0	0	0
$1	1473	184	1	0	4025	1.00	2650	21.06.02	09:54	1	30	2650	2650	00	0000031040259	0	0	0	0	0	0	0	0
$1	1473	184	2	0	3791	1.00	1250	21.06.02	09:54	1	30	1250	1250	00	8691190069797	0	0	0	0	0	0	0	0
$1	1473	185	1	0	3078	1.00	250	21.06.02	09:56	2	30	250	250	00	0000020030780	0	0	0	0	0	0	0	0
$1	1473	186	1	0	2750	1.00	3250	21.06.02	10:21	1	30	3250	3250	00	0000035027508	0	0	0	0	0	0	0	0
$1	1473	186	2	0	0026	1.000	990	21.06.02	10:21	1	30	990	990	00	0000000000000	0	0	0	0	0	0	0	0
$1	1473	187	1	0	2612	1.00	1450	21.06.02	10:22	2	30	1450	1450	00	0000017026123	0	0	0	0	0	0	0	0
$1	1473	188	1	0	2350	1.00	650	21.06.02	10:30	1	30	650	650	00	0000015023506	0	0	0	0	0	0	0	0
$1	1473	189	1	0	0504	1.00	3190	21.06.02	10:34	1	30	3190	3190	00	5907502687508	0	0	0	0	0	0	0	0
$1	1473	189	2	0	0505	1.00	3190	21.06.02	10:34	1	30	3190	3190	00	5907502687515	0	0	0	0	0	0	0	0
$1	1473	189	3	0	0311	1.00	1850	21.06.02	10:34	1	30	1850	1850	00	5903111747039	0	0	0	0	0	0	0	0
$1	1473	190	1	0	2524	1.00	19	21.06.02	11:18	2	30	1850	1850	00	0000017025249	0	1	0	0	0	0	0	0
$1	1473	190	2	0	0203	1.000	13	21.06.02	11:18	1	30	1250	1250	00	0000000000000	0	1	0	0	0	0	0	0
$1	1473	191	1	0	2968	1.00	2090	21.06.02	11:22	2	30	2090	2090	00	0000019029689	0	0	0	0	0	0	0	0
$1	1473	192	1	0	1211	3.00	1170	21.06.02	11:28	2	30	1170	1170	00	5909994309920	0	0	0	0	0	0	0	0
$1	1473	192	2	0	1107	2.00	800	21.06.02	11:28	2	30	800	800	00	5909994311466	0	0	0	0	0	0	0	0
$1	1473	193	1	0	0450	1.00	3750	21.06.02	11:47	1	30	3750	3750	00	5907502687157	0	0	0	0	0	0	0	0
$1	1473	194	1	0	3579	1.00	3150	21.06.02	11:52	1	30	3150	3150	00	0000024035798	0	0	0	0	0	0	0	0
$1	1473	194	2	0	1269	1.00	3650	21.06.02	11:52	1	30	3650	3650	00	0000024012690	0	0	0	0	0	0	0	0
$1	1473	194	3	0	0311	1.00	1850	21.06.02	11:52	1	30	1850	1850	00	5903111747039	0	0	0	0	0	0	0	0
$1	1473	194	4	0	2342	1.00	1990	21.06.02	11:52	1	30	1990	1990	00	5903760200558	0	0	0	0	0	0	0	0
$1	1473	194	5	0	0314	1.00	1890	21.06.02	11:52	1	30	1890	1890	00	5900168905658	0	0	0	0	0	0	0	0
$1	1473	194	6	0	2577	1.00	4700	21.06.02	11:52	2	30	4700	4700	00	0000017025775	0	0	0	0	0	0	0	0
$1	1473	195	1	0	0359	1.00	990	21.06.02	12:17	1	30	990	990	00	5905279370104	0	0	0	0	0	0	0	0
$1	1473	195	2	0	0333	1.00	1850	21.06.02	12:17	1	30	1850	1850	00	5900168907263	0	0	0	0	0	0	0	0
$1	1473	195	3	0	2353	1.00	3950	21.06.02	12:17	1	30	3950	3950	00	0000001023534	0	0	0	0	0	0	0	0
$1	1473	196	1	0	2015	1.00	4690	21.06.02	12:19	1	30	4690	4690	00	0000009020153	0	0	0	0	0	0	0	0
$1	1473	197	1	0	1219	1.00	590	21.06.02	12:42	2	30	590	590	00	5909994310414	0	0	0	0	0	0	0	0
$1	1473	198	1	0	0048	1.000	3590	21.06.02	13:02	1	30	3590	3590	00	0000000000000	0	0	0	0	0	0	0	0
$1	1473	198	2	0	0048	1.000	2590	21.06.02	13:02	1	30	2590	2590	00	0000000000000	0	0	0	0	0	0	0	0
$1	1473	198	3	0	1693	1.00	2800	21.06.02	13:02	1	30	2800	2800	00	0000007016936	0	0	0	0	0	0	0	0
$1	1473	199	1	0	2350	2.00	1300	21.06.02	13:04	1	30	1300	1300	00	0000015023506	0	0	0	0	0	0	0	0
$1	1473	199	2	0	0094	1.000	1190	21.06.02	13:04	2	30	1190	1190	00	0000000000000	0	0	0	0	0	0	0	0
$1	1473	200	1	0	0663	1.00	3190	21.06.02	13:14	1	30	3190	3190	00	5902249014945	0	0	0	0	0	0	0	0
$1	1473	201	1	0	2814	1.00	6990	21.06.02	13:15	1	30	6990	6990	00	0000018028140	0	0	0	0	0	0	0	0
$1	1473	201	2	0	0048	1.000	7990	21.06.02	13:15	1	30	7990	7990	00	0000000000000	0	0	0	0	0	0	0	0
$1	1473	201	3	0	3901	2.00	1900	21.06.02	13:15	1	30	1900	1900	00	0000028039013	0	0	0	0	0	0	0	0
$1	1473	202	1	0	2323	1.00	4800	21.06.02	13:18	1	30	4800	4800	00	0000014023231	0	0	0	0	0	0	0	0
$1	1473	203	1	0	2053	1.00	2550	21.06.02	13:21	1	30	2550	2550	00	0000011020530	0	0	0	0	0	0	0	0
$1	1473	203	2	0	2050	1.00	2550	21.06.02	13:21	1	30	2550	2550	00	0000011020509	0	0	0	0	0	0	0	0
$1	1473	204	1	0	2371	1.00	2150	21.06.02	14:06	1	30	2150	2150	00	0000016023710	0	0	0	0	0	0	0	0
$1	1473	205	1	0	3605	4.00	10760	21.06.02	14:14	1	30	10760	10760	00	0000024036054	0	0	0	0	0	0	0	0
$1	1473	205	2	0	1261	4.00	10760	21.06.02	14:14	1	30	10760	10760	00	0000024012614	0	0	0	0	0	0	0	0
$1	1473	205	3	0	3532	1.00	11090	21.06.02	14:14	1	30	11090	11090	00	0000024035323	0	0	0	0	0	0	0	0
$1	1473	205	4	0	0225	1.000	300	21.06.02	14:14	1	30	300	300	00	0000000000000	0	0	0	0	0	0	0	0
$1	1473	205	5	0	0066	1.000	1190	21.06.02	14:14	1	30	1190	1190	00	0000000000000	0	0	0	0	0	0	0	0
$1	1473	206	1	0	2732	1.00	650	21.06.02	14:49	2	30	650	650	00	0000020027322	0	0	0	0	0	0	0	0
$1	1473	207	1	0	0002	1.000	1090	21.06.02	15:01	1	30	1090	1090	00	0000000000000	0	0	0	0	0	0	0	0
$1	1473	207	2	0	1337	1.00	990	21.06.02	15:01	3	30	990	990	00	0000006013370	0	0	0	0	0	0	0	0
$1	1473	208	1	0	2447	1.00	3090	21.06.02	15:11	1	30	3090	3090	00	5902249015157	0	0	0	0	0	0	0	0
$1	1473	208	2	0	3140	1.00	950	21.06.02	15:11	2	30	950	950	00	0000020031404	0	0	0	0	0	0	0	0
$1	1473	209	1	0	0013	1.000	1490	21.06.02	15:42	3	30	1490	1490	00	0000000000000	0	0	0	0	0	0	0	0
$1	1473	210	1	0	0645	1.00	3090	21.06.02	16:25	1	30	3090	3090	00	5902249012095	0	0	0	0	0	0	0	0
$1	1473	210	2	0	2297	1.00	4850	21.06.02	16:25	1	30	4850	4850	00	0000014022975	0	0	0	0	0	0	0	0
$1	1473	211	1	0	1881	1.00	4950	21.06.02	16:42	1	30	4950	4950	00	5711914172794	0	0	0	0	0	0	0	0
$1	1473	211	2	0	3779	2.00	2780	21.06.02	16:42	1	30	2780	2780	00	0000025037791	0	0	0	0	0	0	0	0
$1	1473	212	1	0	1821	1.00	19	21.06.02	16:47	1	30	1890	1890	00	5701278288149	0	1	0	0	0	0	0	0
$1	1473	212	2	0	0008	1.000	29	21.06.02	16:47	1	30	2850	2850	00	0000000000000	0	1	0	0	0	0	0	0
$1	1473	213	1	0	0789	1.00	15950	21.06.02	17:08	1	30	15950	15950	00	0000003007891	0	0	0	0	0	0	0	0
$1	1473	214	1	0	3278	1.00	700	21.06.02	17:20	2	30	700	700	00	5903850000082	0	0	0	0	0	0	0	0
$1	1473	214	2	0	3009	1.00	2090	21.06.02	17:20	1	30	2090	2090	00	0000019030098	0	0	0	0	0	0	0	0
$1	1473	214	3	0	0628	1.00	690	21.06.02	17:20	1	30	690	690	00	5902249011326	0	0	0	0	0	0	0	0
$1	1473	215	1	0	3940	1.00	1790	21.06.02	17:22	1	30	1790	1790	00	0000031039406	0	0	0	0	0	0	0	0
$1	1473	216	1	0	0031	2.000	3800	21.06.02	17:27	1	30	3800	3800	00	0000000000000	0	0	0	0	0	0	0	0
$1	1473	217	1	0	2341	1.00	1990	21.06.02	17:36	1	30	1990	1990	00	5903760200572	0	0	0	0	0	0	0	0
$1	1474	219	1	0	0534	1.00	2190	21.06.02	18:34	1	30	2190	2190	00	5902249010053	0	0	0	0	0	0	0	0
$1	1474	219	2	0	2896	1.00	16008	21.06.02	18:34	1	30	16008	16850	00	6412600837599	0	0	0	0	0	0	0	1
$1	1474	219	3	0	2898	1.00	13230	21.06.02	18:34	1	30	13230	14700	00	0000018028980	0	0	0	0	0	0	0	1
$1	1474	220	1	0	1882	1.00	4050	21.06.02	18:38	1	30	4050	4050	00	0000034018828	0	0	0	0	0	0	0	0
$1	1474	220	2	0	2460	1.00	200	21.06.02	18:38	2	30	200	200	00	0000033002996	0	0	0	0	0	0	0	0
$1	1475	222	1	0	0041	1.000	2650	21.06.04	09:50	1	30	2650	2650	00	0000000000000	0	0	0	0	0	0	0	0
$1	1475	223	1	0	1361	1.00	1550	21.06.04	10:36	3	30	1550	1550	00	5904213000756	0	0	0	0	0	0	0	0
$1	1475	224	1	0	2298	1.00	4850	21.06.04	11:55	1	30	4850	4850	00	0000014022982	0	0	0	0	0	0	0	0
$1	1475	224	2	0	2277	1.00	3590	21.06.04	11:55	1	30	3590	3590	00	0000014022777	0	0	0	0	0	0	0	0
$1	1475	224	3	0	0095	1.000	1190	21.06.04	11:55	1	30	1190	1190	00	0000000000000	0	0	0	0	0	0	0	0
$1	1475	225	1	0	2460	1.00	200	21.06.04	12:07	2	30	200	200	00	0000033002996	0	0	0	0	0	0	0	0
$1	1475	225	2	0	2460	1.00	200	21.06.04	12:07	2	30	200	200	00	0000033002996	0	0	0	0	0	0	0	0
$1	1475	225	3	0	0815	1.00	3150	21.06.04	12:07	1	30	3150	3150	00	0000024008150	0	0	0	0	0	0	0	0
$1	1475	225	4	0	3578	1.00	3150	21.06.04	12:07	1	30	3150	3150	00	0000024035781	0	0	0	0	0	0	0	0
$1	1475	225	5	0	0225	1.000	100	21.06.04	12:07	1	30	100	100	00	0000000000000	0	0	0	0	0	0	0	0
$1	1475	225	6	0	2665	1.00	1090	21.06.04	12:07	3	30	1090	1090	00	0000017026659	0	0	0	0	0	0	0	0
$1	1475	225	7	0	0182	1.000	660	21.06.04	12:07	2	30	660	660	00	0000000000000	0	0	0	0	0	0	0	0
$1	1475	225	8	0	2343	1.00	1990	21.06.04	12:07	1	30	1990	1990	00	5900168907706	0	0	0	0	0	0	0	0
$1	1475	225	9	0	0642	1.00	3090	21.06.04	12:07	1	30	3090	3090	00	5902249011562	0	0	0	0	0	0	0	0
$1	1475	225	10	0	2275	1.00	3590	21.06.04	12:07	1	30	3590	3590	00	0000014022753	0	0	0	0	0	0	0	0
$1	1475	226	1	0	0705	1.00	2150	21.06.04	12:10	1	30	2150	2150	00	0000003007051	0	0	0	0	0	0	0	0
$1	1475	227	1	0	0975	1.00	700	21.06.04	12:11	2	30	700	700	00	0000005009756	0	0	0	0	0	0	0	0
$1	1475	228	1	0	0048	1.000	950	21.06.04	12:15	1	30	950	950	00	0000000000000	0	0	0	0	0	0	0	0
$1	1475	229	1	0	0775	1.00	5900	21.06.04	12:21	1	30	5900	5900	00	0000003007754	0	0	0	0	0	0	0	0
$1	1475	229	2	0	3776	1.00	1990	21.06.04	12:21	1	30	1990	1990	00	0000025037760	0	0	0	0	0	0	0	0
$1	1475	230	1	0	1461	1.00	2850	21.06.04	12:22	1	30	2850	2850	00	0000034014615	0	0	0	0	0	0	0	0
$1	1475	231	1	0	4053	2.00	500	21.06.04	12:25	1	30	500	700	00	0000099040536	0	0	0	0	0	0	0	1
$1	1475	232	1	0	1560	1.00	4250	21.06.04	12:38	3	30	4250	4250	00	5907804205363	0	0	0	0	0	0	0	0
$1	1475	233	1	0	2394	1.00	2150	21.06.04	13:11	1	30	2150	2150	00	0000016023949	0	0	0	0	0	0	0	0
$1	1475	233	2	0	3874	1.00	1250	21.06.04	13:11	1	30	1250	1250	00	0000026038742	0	0	0	0	0	0	0	0
$1	1475	233	3	0	1596	1.00	590	21.06.04	13:11	1	30	590	590	00	5903175400987	0	0	0	0	0	0	0	0
$1	1475	233	4	0	0059	1.000	660	21.06.04	13:11	1	30	660	660	00	0000000000000	0	0	0	0	0	0	0	0
$1	1475	233	5	0	0053	1.000	290	21.06.04	13:11	1	30	290	290	00	0000000000000	0	0	0	0	0	0	0	0
$1	1475	233	6	0	0510	1.00	2390	21.06.04	13:11	1	30	2390	2390	00	5902249010466	0	0	0	0	0	0	0	0
$1	1475	233	7	0	0534	1.00	2190	21.06.04	13:11	1	30	2190	2190	00	5902249010053	0	0	0	0	0	0	0	0
$1	1475	234	1	0	3852	1.00	11	21.06.04	13:19	1	30	11	1090	00	0000026038520	0	0	0	0	0	0	0	1
$1	1475	235	1	0	1715	1.00	2290	21.06.04	13:25	1	30	2290	2290	00	0000034017159	0	0	0	0	0	0	0	0
$1	1475	235	2	0	1133	1.00	750	21.06.04	13:25	3	30	750	750	00	5905279799592	0	0	0	0	0	0	0	0
$1	1475	235	3	0	2383	1.00	2250	21.06.04	13:25	1	30	2250	2250	00	0000016023833	0	0	0	0	0	0	0	0
$1	1475	236	1	0	2053	1.00	2550	21.06.04	13:34	1	30	2550	2550	00	0000011020530	0	0	0	0	0	0	0	0
$1	1475	236	2	0	3932	1.00	1590	21.06.04	13:34	1	30	1590	1590	00	0000031039321	0	0	0	0	0	0	0	0
$1	1475	236	3	0	2024	1.00	1990	21.06.04	13:34	1	30	1990	2490	00	0000010020241	0	0	0	0	0	0	0	1
$1	1475	237	1	0	1172	1.00	450	21.06.04	14:18	2	30	450	450	00	5909994308725	0	0	0	0	0	0	0	0
$1	1475	238	1	0	1178	1.00	390	21.06.04	14:18	2	30	390	390	00	5909990628360	0	0	0	0	0	0	0	0
$1	1475	239	1	0	0975	1.00	700	21.06.04	14:19	2	30	700	700	00	5905279799035	0	0	0	0	0	0	0	0
$1	1475	239	2	0	3059	1.00	550	21.06.04	14:19	2	30	550	550	00	5902581617118	0	0	0	0	0	0	0	0
$1	1475	240	1	0	2307	1.00	3590	21.06.04	15:01	1	30	3590	3590	00	0000014023071	0	0	0	0	0	0	0	0
$1	1475	240	2	0	2446	1.00	5690	21.06.04	15:01	1	30	5690	5690	00	0000003024461	0	0	0	0	0	0	0	0
$1	1475	241	1	0	2763	1.00	11950	21.06.04	15:10	1	30	11950	11950	00	0000018027631	0	0	0	0	0	0	0	0
$1	1475	241	2	0	0505	1.00	3190	21.06.04	15:10	1	30	3190	3190	00	5907502687515	0	0	0	0	0	0	0	0
$1	1475	242	1	0	3277	1.00	750	21.06.04	15:36	2	30	750	750	00	0000022032775	0	0	0	0	0	0	0	0
$1	1475	242	2	0	1162	1.00	450	21.06.04	15:36	2	30	450	450	00	5909994311763	0	0	0	0	0	0	0	0
$1	1475	242	3	0	3113	1.00	690	21.06.04	15:36	2	30	690	690	00	0000020031138	0	0	0	0	0	0	0	0
$1	1475	243	1	0	0025	1.000	490	21.06.04	16:00	1	30	490	490	00	0000000000000	0	0	0	0	0	0	0	0
$1	1475	243	2	0	0026	1.000	1650	21.06.04	16:00	1	30	1650	1650	00	0000000000000	0	0	0	0	0	0	0	0
$1	1475	243	3	0	0026	1.000	990	21.06.04	16:00	1	30	990	990	00	0000000000000	0	0	0	0	0	0	0	0
$1	1475	244	1	0	2277	1.00	3590	21.06.04	16:38	1	30	3590	3590	00	0000014022777	0	0	0	0	0	0	0	0
$1	1475	244	2	0	2050	2.00	5100	21.06.04	16:38	1	30	5100	5100	00	0000011020509	0	0	0	0	0	0	0	0
$1	1475	244	3	0	2050	1.00	2550	21.06.04	16:38	1	30	2550	2550	00	0000011020509	0	0	0	0	0	0	0	0
$1	1475	245	1	0	0790	1.00	7900	21.06.04	17:01	1	30	7900	7900	00	0000003007907	0	0	0	0	0	0	0	0
$1	1475	246	1	0	0503	1.00	2090	21.06.04	17:03	1	30	2090	2090	00	5907502687539	0	0	0	0	0	0	0	0
$1	1475	246	2	0	2035	1.00	2000	21.06.04	17:03	1	30	2000	2000	00	0000010020357	0	0	0	0	0	0	0	0
$1	1475	247	1	0	2417	1.00	2790	21.06.04	17:13	1	30	2790	2790	00	0000016024175	0	0	0	0	0	0	0	0
$1	1476	249	1	0	2350	4.00	2600	21.06.05	10:04	1	30	2600	2600	00	0000015023506	0	0	0	0	0	0	0	0
$1	1476	250	1	0	0566	1.00	2190	21.06.05	10:13	1	30	2190	2190	00	5902249010497	0	0	0	0	0	0	0	0
$1	1476	251	1	0	2663	1.00	590	21.06.05	10:25	3	30	590	590	00	0000017026635	0	0	0	0	0	0	0	0
$1	1476	252	1	0	1381	1.00	1790	21.06.05	10:31	1	30	1790	1790	00	0000006013813	0	0	0	0	0	0	0	0
$1	1476	252	2	0	1291	1.00	5450	21.06.05	10:31	3	30	5450	5450	00	0000006012915	0	0	0	0	0	0	0	0
$1	1476	252	3	0	4060	1.00	6450	21.06.05	10:31	2	30	6450	6450	00	0000027040607	0	0	0	0	0	0	0	0
$1	1476	253	1	0	2053	1.00	2550	21.06.05	10:45	1	30	2550	2550	00	0000011020530	0	0	0	0	0	0	0	0
$1	1476	253	2	0	3052	1.00	650	21.06.05	10:45	2	30	650	650	00	0000020030520	0	0	0	0	0	0	0	0
$1	1476	253	3	0	0515	1.00	2890	21.06.05	10:45	1	30	2890	2890	00	5907502687782	0	0	0	0	0	0	0	0
$1	1476	253	4	0	2349	1.00	1490	21.06.05	10:45	1	30	1490	1490	00	0000006023492	0	0	0	0	0	0	0	0
$1	1476	254	1	0	1215	1.00	550	21.06.05	11:02	2	30	550	550	00	0000005012152	0	0	0	0	0	0	0	0
$1	1476	255	1	0	0453	1.00	3990	21.06.05	11:19	1	30	3990	3990	00	5907502687027	0	0	0	0	0	0	0	0
$1	1476	256	1	0	1151	1.00	450	21.06.05	11:44	2	30	450	450	00	5909990468126	0	0	0	0	0	0	0	0
$1	1476	257	1	0	0602	1.00	2490	21.06.05	11:48	1	30	2490	2490	00	5902249010978	0	0	0	0	0	0	0	0
$1	1476	258	1	0	2050	2.00	5100	21.06.05	11:58	1	30	5100	5100	00	0000011020509	0	0	0	0	0	0	0	0
$1	1476	259	1	0	0628	1.00	690	21.06.05	12:08	1	30	690	690	00	5902249011326	0	0	0	0	0	0	0	0
$1	1476	259	2	0	0570	1.00	690	21.06.05	12:08	1	30	690	690	00	5902249010503	0	0	0	0	0	0	0	0
$1	1476	259	3	0	0459	1.00	2290	21.06.05	12:08	1	30	2290	2290	00	5907502687201	0	0	0	0	0	0	0	0
$1	1476	260	1	0	1248	1.00	1050	21.06.05	12:25	2	30	1050	1050	00	5909990628254	0	0	0	0	0	0	0	0
$1	1476	261	1	0	2066	1.00	4650	21.06.05	12:28	1	30	4650	4650	00	0000012020669	0	0	0	0	0	0	0	0
$1	1476	261	2	0	2091	1.00	7900	21.06.05	12:28	1	30	7900	7900	00	0000012020911	0	0	0	0	0	0	0	0
$1	1476	262	1	0	2006	1.00	4250	21.06.05	12:30	1	30	4250	4250	00	0000009020061	0	0	0	0	0	0	0	0
$1	1476	263	1	0	4040	1.00	20	21.06.05	12:50	1	30	1990	1990	00	0000031040402	0	1	0	0	0	0	0	0
$1	1476	263	2	0	2342	1.00	20	21.06.05	12:50	1	30	1990	1990	00	5903760200558	0	1	0	0	0	0	0	0
$1	1476	264	1	0	0335	1.00	3250	21.06.05	12:51	1	30	3250	3250	00	5900168902619	0	0	0	0	0	0	0	0
$1	1476	264	2	0	0002	1.000	1290	21.06.05	12:51	1	30	1290	1290	00	0000000000000	0	0	0	0	0	0	0	0
$1	1476	265	1	0	1133	1.00	750	21.06.05	12:54	3	30	750	750	00	0000005011339	0	0	0	0	0	0	0	0
$1	1477	267	1	0	1233	1.00	650	21.06.08	10:06	2	30	650	650	00	5909990628223	0	0	0	0	0	0	0	0
$1	1477	267	2	0	1000	1.00	550	21.06.08	10:06	2	30	550	550	00	5906365702922	0	0	0	0	0	0	0	0
$1	1477	267	3	0	1084	1.00	450	21.06.08	10:06	2	30	450	450	00	5906365702199	0	0	0	0	0	0	0	0
$1	1477	267	4	0	0994	1.00	450	21.06.08	10:06	2	30	450	450	00	5906365702854	0	0	0	0	0	0	0	0
$1	1477	267	5	0	1232	1.00	400	21.06.08	10:06	2	30	400	400	00	5909990219520	0	0	0	0	0	0	0	0
$1	1477	267	6	0	1181	1.00	390	21.06.08	10:06	2	30	390	390	00	5909994310964	0	0	0	0	0	0	0	0
$1	1477	267	7	0	1200	1.00	490	21.06.08	10:06	2	30	490	490	00	5909990628544	0	0	0	0	0	0	0	0
$1	1477	267	8	0	1197	1.00	390	21.06.08	10:06	2	30	390	390	00	5909994309128	0	0	0	0	0	0	0	0
$1	1477	267	9	0	1085	1.00	490	21.06.08	10:06	2	30	490	490	00	0000005010851	0	0	0	0	0	0	0	0
$1	1477	268	1	0	3807	1.00	2590	21.06.08	10:17	1	30	2590	2590	00	0000026038070	0	0	0	0	0	0	0	0
$1	1477	268	2	0	0203	1.000	2850	21.06.08	10:17	1	30	2850	2850	00	0000000000000	0	0	0	0	0	0	0	0
$1	1477	269	1	0	0342	1.00	1890	21.06.08	10:37	1	30	1890	1890	00	5900168900028	0	0	0	0	0	0	0	0
$1	1477	269	2	0	0555	1.00	2390	21.06.08	10:37	1	30	2390	2390	00	5902249010398	0	0	0	0	0	0	0	0
$1	1477	269	3	0	0668	1.00	5990	21.06.08	10:37	1	30	5990	5990	00	5902249014853	0	0	0	0	0	0	0	0
$1	1477	270	1	0	1507	1.00	5990	21.06.08	11:08	3	30	5990	5990	00	5907804205233	0	0	0	0	0	0	0	0
$1	1477	270	2	0	2026	1.00	2650	21.06.08	11:08	1	30	2650	2650	00	0000010020265	0	0	0	0	0	0	0	0
$1	1477	270	3	0	0516	1.00	2990	21.06.08	11:08	1	30	2990	2990	00	5907502687751	0	0	0	0	0	0	0	0
$1	1477	270	4	0	2024	1.00	2490	21.06.08	11:08	1	30	2490	2490	00	0000010020241	0	0	0	0	0	0	0	0
$1	1477	271	1	0	0983	2.00	1580	21.06.08	11:11	3	30	1580	1580	00	0000005009831	0	0	0	0	0	0	0	0
$1	1477	271	2	0	4026	1.00	2690	21.06.08	11:11	1	30	2690	2690	00	0000031040266	0	0	0	0	0	0	0	0
$1	1477	271	3	0	0095	1.000	1190	21.06.08	11:11	1	30	1190	1190	00	0000000000000	0	0	0	0	0	0	0	0
$1	1477	271	4	0	0344	1.00	1890	21.06.08	11:11	1	30	1890	1890	00	5900168900370	0	0	0	0	0	0	0	0
$1	1477	271	5	0	2447	1.00	3090	21.06.08	11:11	1	30	3090	3090	00	5902249015157	0	0	0	0	0	0	0	0
$1	1477	271	6	0	2173	1.00	850	21.06.08	11:11	1	30	850	850	00	0000013021733	0	0	0	0	0	0	0	0
$1	1477	272	1	0	2350	1.00	650	21.06.08	11:18	1	30	650	650	00	0000015023506	0	0	0	0	0	0	0	0
$1	1477	272	2	0	2704	1.00	1450	21.06.08	11:18	2	30	1450	1450	00	0000017027045	0	0	0	0	0	0	0	0
$1	1477	272	3	0	2010	1.00	2890	21.06.08	11:18	2	30	2890	2890	00	0680275060871	0	0	0	0	0	0	0	0
$10	1477	272	1	0	1537	1.00	1690	21.06.08	11:18	3	30	1690	1690	00	5907804205035	0	0	0	0	0	0	0	0
$1	1477	272	4	0	1555	1.00	2850	21.06.08	11:18	3	30	2850	2850	00	0000007015557	0	0	0	0	0	0	0	0
$1	1477	272	5	0	1230	1.00	450	21.06.08	11:18	2	30	450	450	00	5909994310766	0	0	0	0	0	0	0	0
$1	1477	272	6	0	0457	1.00	1290	21.06.08	11:18	1	30	1290	1290	00	5907502687065	0	0	0	0	0	0	0	0
$1	1477	273	1	0	3720	1.00	1750	21.06.08	11:21	1	30	1750	1750	00	0000025037203	0	0	0	0	0	0	0	0
$1	1477	274	1	0	0103	2.000	1180	21.06.08	11:27	1	30	1180	1180	00	0000000000000	0	0	0	0	0	0	0	0
$1	1477	275	1	0	1007	1.00	650	21.06.08	11:33	2	30	650	650	00	5907752643460	0	0	0	0	0	0	0	0
$1	1477	276	1	0	0182	1.000	780	21.06.08	12:41	2	30	780	780	00	0000000000000	0	0	0	0	0	0	0	0
$1	1477	277	1	0	0996	1.00	490	21.06.08	12:45	2	30	490	490	00	5906365702076	0	0	0	0	0	0	0	0
$1	1477	277	2	0	1188	1.00	490	21.06.08	12:45	2	30	490	490	00	5909994309425	0	0	0	0	0	0	0	0
$1	1477	277	3	0	1165	1.00	450	21.06.08	12:45	2	30	450	450	00	5909994311169	0	0	0	0	0	0	0	0
$1	1477	277	4	0	1081	1.00	450	21.06.08	12:45	3	30	450	450	00	5906365702816	0	0	0	0	0	0	0	0
$1	1477	277	5	0	1012	1.00	790	21.06.08	12:45	2	30	790	790	00	5909994310865	0	0	0	0	0	0	0	0
$1	1477	277	6	0	0965	1.00	450	21.06.08	12:45	2	30	450	450	00	5906365702038	0	0	0	0	0	0	0	0
$1	1477	277	7	0	1224	1.00	490	21.06.08	12:45	2	30	490	490	00	5909990628643	0	0	0	0	0	0	0	0
$1	1477	277	8	0	1208	1.00	550	21.06.08	12:45	2	30	550	550	00	5909990312016	0	0	0	0	0	0	0	0
$1	1477	277	9	0	1172	1.00	450	21.06.08	12:45	2	30	450	450	00	5909994308725	0	0	0	0	0	0	0	0
$1	1477	277	10	0	1094	1.00	450	21.06.08	12:45	2	30	450	450	00	5906365702229	0	0	0	0	0	0	0	0
$1	1477	278	1	0	0038	1.000	1360	21.06.08	13:10	1	30	1360	1360	00	0000000000000	0	0	0	0	0	0	0	0
$1	1477	279	1	0	2053	1.00	2550	21.06.08	13:11	1	30	2550	2550	00	0000011020530	0	0	0	0	0	0	0	0
$1	1477	280	1	0	2345	1.00	1990	21.06.08	13:18	1	30	1990	1990	00	5900168907683	0	0	0	0	0	0	0	0
$1	1477	280	2	0	2890	1.00	9190	21.06.08	13:18	1	30	9190	9190	00	0000018028904	0	0	0	0	0	0	0	0
$1	1477	280	3	0	0475	1.00	2590	21.06.08	13:18	1	30	2590	2590	00	5907502687331	0	0	0	0	0	0	0	0
$1	1477	280	4	0	1048	1.00	1890	21.06.08	13:18	3	30	1890	1890	00	0000005010486	0	0	0	0	0	0	0	0
$1	1477	281	1	0	0182	2.000	1560	21.06.08	13:18	2	30	1560	1560	00	0000000000000	0	0	0	0	0	0	0	0
$1	1477	282	1	0	0549	1.00	2190	21.06.08	13:23	1	30	2190	2190	00	5902249010350	0	0	0	0	0	0	0	0
$1	1477	283	1	0	0329	1.00	1890	21.06.08	13:36	1	30	1890	1890	00	5900168908116	0	0	0	0	0	0	0	0
$1	1477	283	2	0	0338	1.00	3250	21.06.08	13:36	1	30	3250	3250	00	5900168902350	0	0	0	0	0	0	0	0
$1	1477	284	1	0	0971	1.00	790	21.06.08	13:45	2	30	790	790	00	0000005009718	0	0	0	0	0	0	0	0
$1	1477	284	2	0	1016	1.00	400	21.06.08	13:45	3	30	400	400	00	5906365702380	0	0	0	0	0	0	0	0
$1	1477	284	3	0	1174	1.00	390	21.06.08	13:45	2	30	390	390	00	0000005011742	0	0	0	0	0	0	0	0
$1	1477	285	1	0	2272	1.00	4390	21.06.08	14:03	1	30	4390	4390	00	5906660352327	0	0	0	0	0	0	0	0
$1	1477	286	1	0	0503	1.00	2090	21.06.08	14:11	1	30	2090	2090	00	5907502687539	0	0	0	0	0	0	0	0
$1	1477	287	1	0	0112	1.000	3990	21.06.08	14:14	1	30	3990	3990	00	0000000000000	0	0	0	0	0	0	0	0
$1	1477	288	1	0	2106	1.00	8290	21.06.08	14:20	1	30	8290	8290	00	0000012021062	0	0	0	0	0	0	0	0
$1	1477	289	1	0	1713	1.00	3190	21.06.08	14:52	1	30	3190	3190	00	0000034017135	0	0	0	0	0	0	0	0
$1	1477	289	2	0	2352	1.00	4590	21.06.08	14:52	1	30	4590	4590	00	0000008023520	0	0	0	0	0	0	0	0
$1	1477	289	3	0	2762	1.00	11950	21.06.08	14:52	1	30	11950	11950	00	0000018027624	0	0	0	0	0	0	0	0
$1	1477	289	4	0	0774	1.00	3700	21.06.08	14:52	1	30	3700	3700	00	0000003007747	0	0	0	0	0	0	0	0
$1	1477	289	5	0	2743	1.00	2300	21.06.08	14:52	1	30	2300	2300	00	0000035027430	0	0	0	0	0	0	0	0
$1	1477	290	1	0	1215	1.00	550	21.06.08	14:58	2	30	550	550	00	0000005012152	0	0	0	0	0	0	0	0
$1	1477	290	2	0	2523	1.00	2190	21.06.08	14:58	2	30	2190	2190	00	0000017025232	0	0	0	0	0	0	0	0
$1	1477	291	1	0	1185	1.00	450	21.06.08	15:27	2	30	450	450	00	5909990628391	0	0	0	0	0	0	0	0
$1	1477	292	1	0	2350	2.00	1300	21.06.08	15:31	1	30	1300	1300	00	0000015023506	0	0	0	0	0	0	0	0
$1	1477	293	1	0	1249	1.00	750	21.06.08	15:43	2	30	750	750	00	5909994310667	0	0	0	0	0	0	0	0
$1	1477	294	1	0	1881	1.00	4950	21.06.08	16:06	1	30	4950	4950	00	5711914172794	0	0	0	0	0	0	0	0
$1	1477	294	2	0	2024	1.00	1990	21.06.08	16:06	1	30	1990	2490	00	0000010020241	0	0	0	0	0	0	0	1
$1	1477	295	1	0	2272	1.00	44	21.06.08	16:24	1	30	44	4390	00	0000014022722	0	0	0	0	0	0	0	1
$1	1477	296	1	0	2350	2.00	1300	21.06.08	16:52	1	30	1300	1300	00	0000015023506	0	0	0	0	0	0	0	0
$1	1477	296	2	0	0304	1.00	2250	21.06.08	16:52	1	30	2250	2250	00	5900168908451	0	0	0	0	0	0	0	0
$1	1477	297	1	0	0411	1.00	2250	21.06.08	16:53	1	30	2250	2250	00	5900168901506	0	0	0	0	0	0	0	0
$1	1477	297	2	0	0041	1.000	1090	21.06.08	16:53	1	30	1090	1090	00	0000000000000	0	0	0	0	0	0	0	0
$1	1477	298	1	0	2519	1.00	3350	21.06.08	17:32	2	30	3350	3350	00	0000017025195	0	0	0	0	0	0	0	0
$1	1477	299	1	0	0002	1.000	520	21.06.08	17:44	1	30	520	520	00	0000000000000	0	0	0	0	0	0	0	0
$1	1477	299	2	0	3279	1.00	700	21.06.08	17:44	2	30	700	700	00	5903850004905	0	0	0	0	0	0	0	0
$1	1477	299	3	0	1189	1.00	550	21.06.08	17:44	2	30	550	550	00	0000005011896	0	0	0	0	0	0	0	0
$1	1477	299	4	0	1190	1.00	550	21.06.08	17:44	2	30	550	550	00	5909990021864	0	0	0	0	0	0	0	0
$1	1477	299	5	0	1507	1.00	5990	21.06.08	17:44	3	30	5990	5990	00	5907804205233	0	0	0	0	0	0	0	0
$1	1477	299	6	0	0203	1.000	1550	21.06.08	17:44	1	30	1550	1550	00	0000000000000	0	0	0	0	0	0	0	0
$1	1477	299	7	0	2344	1.00	1990	21.06.08	17:44	1	30	1990	1990	00	5900168907690	0	0	0	0	0	0	0	0
$1	1477	299	8	0	2506	1.00	850	21.06.08	17:44	1	30	850	850	00	0000020025069	0	0	0	0	0	0	0	0
$1	1477	299	9	0	0971	1.00	790	21.06.08	17:44	2	30	790	790	00	0000005009718	0	0	0	0	0	0	0	0
$1	1477	299	10	0	1886	1.00	1990	21.06.08	17:44	3	30	1990	1990	00	5902709520603	0	0	0	0	0	0	0	0
$1	1478	301	1	0	0026	5.000	1000	21.06.09	10:28	1	30	1000	1000	00	0000000000000	0	0	0	0	0	0	0	0
$1	1478	302	1	0	0880	1.00	6450	21.06.09	10:43	1	30	6450	6450	00	0000004008804	0	0	0	0	0	0	0	0
$1	1478	302	2	0	0026	2.000	1180	21.06.09	10:43	1	30	1180	1180	00	0000000000000	0	0	0	0	0	0	0	0
$1	1478	302	3	0	0038	2.000	2900	21.06.09	10:43	1	30	2900	2900	00	0000000000000	0	0	0	0	0	0	0	0
$1	1478	302	4	0	3860	1.00	1090	21.06.09	10:43	1	30	1090	1090	00	0000026038605	0	0	0	0	0	0	0	0
$1	1478	303	1	0	4053	2.00	500	21.06.09	10:47	1	30	500	700	00	0000099040536	0	0	0	0	0	0	0	1
$1	1478	304	1	0	0026	2.000	1180	21.06.09	10:51	1	30	1180	1180	00	0000000000000	0	0	0	0	0	0	0	0
$1	1478	304	2	0	0026	1.000	2190	21.06.09	10:51	1	30	2190	2190	00	0000000000000	0	0	0	0	0	0	0	0
$1	1478	304	3	0	0026	2.000	3980	21.06.09	10:51	1	30	3980	3980	00	0000000000000	0	0	0	0	0	0	0	0
$1	1478	305	1	0	1133	1.00	750	21.06.09	11:08	3	30	750	750	00	0000005011339	0	0	0	0	0	0	0	0
$1	1478	305	2	0	3028	1.00	590	21.06.09	11:08	2	30	590	590	00	0000020030285	0	0	0	0	0	0	0	0
$1	1478	305	3	0	3085	1.00	690	21.06.09	11:08	2	30	690	690	00	0000020030858	0	0	0	0	0	0	0	0
$1	1478	305	4	0	3035	1.00	490	21.06.09	11:08	2	30	490	490	00	0000020030353	0	0	0	0	0	0	0	0
$1	1478	305	5	0	3026	1.00	1290	21.06.09	11:08	2	30	1290	1290	00	0000020030261	0	0	0	0	0	0	0	0
$1	1478	305	6	0	0225	1.000	100	21.06.09	11:08	1	30	100	100	00	0000000000000	0	0	0	0	0	0	0	0
$1	1478	306	1	0	1035	1.00	490	21.06.09	11:33	2	30	490	490	00	5909994310124	0	0	0	0	0	0	0	0
$1	1478	307	1	0	1162	2.00	900	21.06.09	11:50	2	30	900	900	00	5909994311763	0	0	0	0	0	0	0	0
$1	1478	308	1	0	2024	2.00	3980	21.06.09	12:02	1	30	3980	4980	00	0000010020241	0	0	0	0	0	0	0	1
$1	1478	308	2	0	3906	1.00	3850	21.06.09	12:02	1	30	3850	3850	00	0000028039068	0	0	0	0	0	0	0	0
$1	1478	309	1	0	1727	1.00	6790	21.06.09	12:30	1	30	6790	6790	00	0000008017277	0	0	0	0	0	0	0	0
$1	1478	309	2	0	2447	1.00	3090	21.06.09	12:30	1	30	3090	3090	00	5902249015157	0	0	0	0	0	0	0	0
$1	1478	310	1	0	1861	1.00	121	21.06.09	12:49	1	30	121	12050	00	0000008018618	0	0	0	0	0	0	0	1
$1	1478	311	1	0	2053	1.00	2550	21.06.09	13:01	1	30	2550	2550	00	0000011020530	0	0	0	0	0	0	0	0
$1	1478	312	1	0	1115	1.00	5	21.06.09	13:41	2	30	450	450	00	5905279799615	0	1	0	0	0	0	0	0
$1	1478	312	2	0	1014	1.00	4	21.06.09	13:41	2	30	390	390	00	5906365702526	0	1	0	0	0	0	0	0
$1	1478	312	3	0	1014	1.00	4	21.06.09	13:41	2	30	390	390	00	5906365702526	0	1	0	0	0	0	0	0
$1	1478	312	4	0	0980	1.00	5	21.06.09	13:41	2	30	450	450	00	5906365702410	0	1	0	0	0	0	0	0
$1	1478	313	1	0	1119	2.00	980	21.06.09	13:46	2	30	980	980	00	5906365702892	0	0	0	0	0	0	0	0
$1	1478	313	2	0	1051	1.00	1750	21.06.09	13:46	1	30	1750	1750	00	5905279799332	0	0	0	0	0	0	0	0
$1	1478	314	1	0	4060	1.00	6450	21.06.09	13:50	2	30	6450	6450	00	4250382200123	0	0	0	0	0	0	0	0
$1	1478	315	1	0	0557	1.00	2290	21.06.09	13:53	1	30	2290	2290	00	5902249010411	0	0	0	0	0	0	0	0
$1	1478	316	1	0	2954	1.00	4590	21.06.09	14:12	1	30	4590	4590	00	0000024029544	0	0	0	0	0	0	0	0
$1	1478	316	2	0	2928	1.00	3450	21.06.09	14:12	1	30	3450	3450	00	5907156473205	0	0	0	0	0	0	0	0
$1	1478	316	3	0	2010	1.00	2890	21.06.09	14:12	2	30	2890	2890	00	0000009020108	0	0	0	0	0	0	0	0
$1	1478	316	4	0	2011	1.00	2990	21.06.09	14:12	2	30	2990	2990	00	0000009020115	0	0	0	0	0	0	0	0
$1	1478	316	5	0	0225	2.000	400	21.06.09	14:12	1	30	400	400	00	0000000000000	0	0	0	0	0	0	0	0
$1	1478	317	1	0	1713	1.00	3190	21.06.09	14:13	1	30	3190	3190	00	0000034017135	0	0	0	0	0	0	0	0
$1	1478	318	1	0	3722	1.00	790	21.06.09	14:23	1	30	790	790	00	0000025037227	0	0	0	0	0	0	0	0
$1	1478	318	2	0	2141	1.00	2250	21.06.09	14:23	1	30	2250	2250	00	0000013021412	0	0	0	0	0	0	0	0
$1	1478	318	3	0	2053	1.00	2550	21.06.09	14:23	1	30	2550	2550	00	0000011020530	0	0	0	0	0	0	0	0
$1	1478	318	4	0	3780	1.00	2050	21.06.09	14:23	1	30	2050	2050	00	0000025037807	0	0	0	0	0	0	0	0
$1	1478	319	1	0	1327	1.00	2400	21.06.09	14:31	3	30	2400	2400	00	0000006013271	0	0	0	0	0	0	0	0
$1	1478	320	1	0	1798	1.00	2650	21.06.09	14:34	1	30	2650	2650	00	0000008017987	0	0	0	0	0	0	0	0
$1	1478	321	1	0	1965	1.00	1950	21.06.09	14:45	1	30	1950	1950	00	0000009019652	0	0	0	0	0	0	0	0
$1	1478	322	1	0	0504	1.00	3190	21.06.09	14:54	1	30	3190	3190	00	5907502687508	0	0	0	0	0	0	0	0
$1	1478	322	2	0	0505	1.00	3190	21.06.09	14:54	1	30	3190	3190	00	5907502687515	0	0	0	0	0	0	0	0
$1	1478	322	3	0	0895	1.00	3890	21.06.09	14:54	1	30	3890	3890	00	0000004008958	0	0	0	0	0	0	0	0
$1	1478	323	1	0	1561	1.00	3750	21.06.09	16:29	3	30	3750	3750	00	5907804205769	0	0	0	0	0	0	0	0
