#1	COM255:1:STX6:1	5	2023.05.30	16:14	OPSpRoz4	WIN 13.32.2020	OPSPROZ4IN.txt	OPSPROZ4OUT.txt
#
#ELZAB Jota online 20000 PLU II gen. ver. 01 (identyfikator odczytany z urzadzenia i pliku ECRTBUF.TXT)
$14	01	23.05.18	09:37	4
$13	00	1	23.05.18	09:44	01	0	0	0	0	0	0	0	0	0	             
$1	220	1	1	0	2663	1.00	850	23.05.18	09:49	2	01	850	850	00	17026635	0	0	0	0	0	0	0	0
$1	220	1	2	0	3024	1.00	650	23.05.18	09:49	2	01	650	650	00	10003695	0	0	0	0	0	0	0	0
$1	220	1	3	0	4316	1.00	1450	23.05.18	09:49	4	01	1450	1450	00	10009284	0	0	0	0	0	0	0	0
$1	220	1	4	0	0457	1.00	1400	23.05.18	09:50	1	01	1400	1400	00	5907502687065	0	0	0	0	0	0	0	0
$4	220	1	2	0	0	4350	4350
$1	220	2	1	0	0031	1.000	10950	23.05.18	10:15	1	01	10950	10950	00		0	0	0	0	0	0	0	0
$4	220	2	2	0	0	10950	10950
$1	220	3	1	0	1822	1.00	2650	23.05.18	10:18	1	01	2650	2650	00	8018229	0	0	0	0	0	0	0	0
$4	220	3	2	0	0	2650	2650
$1	220	4	1	0	0584	1.00	4400	23.05.18	10:43	1	01	4400	4400	00	5902249010596	0	0	0	0	0	0	0	0
$4	220	4	2	0	0	4400	4400
$1	220	5	1	0	1370	1.00	2150	23.05.18	10:47	1	01	2150	2150	00	6013707	0	0	0	0	0	0	0	0
$1	220	5	2	0	3043	1.00	950	23.05.18	10:47	2	01	950	950	00	10009406	0	0	0	0	0	0	0	0
$4	220	5	2	0	0	3100	3100
$1	220	6	1	0	4670	1.00	2490	23.05.18	12:08	1	01	2490	2490	00	5907502687812	0	0	0	0	0	0	0	0
$1	220	6	2	0	0788	1.00	4750	23.05.18	12:08	1	01	4750	4750	00	5902729032230	0	0	0	0	0	0	0	0
$1	220	6	3	0	2829	1.00	14250	23.05.18	12:08	1	01	14250	14250	00	18028294	0	0	0	0	0	0	0	0
$4	220	6	2	0	0	21490	21490
$1	220	7	1	0	0031	1.000	2600	23.05.18	13:11	1	01	2600	2600	00		0	0	0	0	0	0	0	0
$1	220	7	2	0	1715	1.00	2290	23.05.18	13:11	1	01	2290	2290	00	5907688710649	0	0	0	0	0	0	0	0
$4	220	7	1	0	0	10000	10000
$4	220	7	1	0	1	5110	5110
$1	220	8	1	0	4642	2.00	9400	23.05.18	13:55	1	01	9400	9400	00	208	0	0	0	0	0	0	0	0
$1	220	8	2	0	4634	2.00	14780	23.05.18	13:55	1	01	14780	14780	00	10008300	0	0	0	0	0	0	0	0
$1	220	8	3	0	0002	2.000	500	23.05.18	13:55	1	01	500	500	00		0	0	0	0	0	0	0	0
$1	220	8	4	0	0225	1.000	300	23.05.18	13:56	1	01	300	300	00		0	0	0	0	0	0	0	0
$4	220	8	1	0	0	25000	25000
$4	220	8	1	0	1	020	020
$1	220	9	1	0	2026	1.00	2650	23.05.18	14:10	1	01	2650	2650	00	10020265	0	0	0	0	0	0	0	0
$1	220	9	2	0	0798	1.00	4950	23.05.18	14:10	1	01	4950	4950	00	10005132	0	0	0	0	0	0	0	0
$1	220	9	3	0	4639	1.00	4950	23.05.18	14:10	1	01	4950	4950	00	10008355	0	0	0	0	0	0	0	0
$4	220	9	2	0	0	12550	12550
$14	01	23.05.19	09:33	4
$13	00	1	23.05.19	09:45	01	0	0	0	0	0	0	0	0	0	             
$1	221	1	1	0	4726	1.00	990	23.05.19	09:51	2	01	990	990	00	10009352	0	0	0	0	0	0	0	0
$4	221	1	2	0	0	990	990
$1	221	2	1	0	4689	1.00	1290	23.05.19	09:54	1	01	1290	1290	00	10008836	0	0	0	0	0	0	0	0
$1	221	2	2	0	4451	1.00	1350	23.05.19	09:55	1	01	1350	1350	00	10006160	0	0	0	0	0	0	0	0
$1	221	2	3	0	0988	1.00	850	23.05.19	09:55	1	01	850	850	00	5009886	0	0	0	0	0	0	0	0
$1	221	2	4	0	0002	1.000	1090	23.05.19	09:55	1	01	1090	1090	00		0	0	0	0	0	0	0	0
$4	221	2	1	0	0	4580	4580
$1	221	3	1	0	4315	1.00	1050	23.05.19	10:05	2	01	1050	1050	00	10009192	0	0	0	0	0	0	0	0
$4	221	3	1	0	0	1050	1050
$1	221	4	1	0	1250	1.00	750	23.05.19	10:20	2	01	750	750	00	5909990628278	0	0	0	0	0	0	0	0
$1	221	4	2	0	0997	1.00	550	23.05.19	10:20	2	01	550	550	00	5906365702083	0	0	0	0	0	0	0	0
$4	221	4	2	0	0	1300	1300
$1	221	5	1	0	3072	1.00	1150	23.05.19	10:44	2	01	1150	1150	00	10003572	0	0	0	0	0	0	0	0
$1	221	5	2	0	4570	1.00	1100	23.05.19	10:45	2	01	1100	1100	00	10009475	0	0	0	0	0	0	0	0
$1	221	5	3	0	3252	2.00	2580	23.05.19	10:45	1	01	2580	2580	00	22032522	0	0	0	0	0	0	0	0
$4	221	5	1	0	0	5000	5000
$4	221	5	1	0	1	170	170
$1	221	6	1	0	0679	1.00	5550	23.05.19	11:16	1	01	5550	5550	00	10002230	0	0	0	0	0	0	0	0
$1	221	6	2	0	0002	1.000	250	23.05.19	11:16	1	01	250	250	00		0	0	0	0	0	0	0	0
$4	221	6	1	0	0	10000	10000
$4	221	6	1	0	1	4200	4200
$1	221	7	1	0	0608	1.00	850	23.05.19	11:49	1	01	850	850	00	5902249011050	0	0	0	0	0	0	0	0
$1	221	7	2	0	0608	1.00	850	23.05.19	11:50	1	01	850	850	00	5902249011050	0	0	0	0	0	0	0	0
$1	221	7	3	0	2651	1.00	2850	23.05.19	11:50	1	01	2850	2850	00	17026512	0	0	0	0	0	0	0	0
$4	221	7	2	0	0	4550	4550
$1	221	8	1	0	1881	1.00	5490	23.05.19	12:22	1	01	5490	5490	00	8018816	0	0	0	0	0	0	0	0
$4	221	8	2	0	0	5490	5490
$1	221	9	1	0	0982	1.00	590	23.05.19	12:38	2	01	590	590	00	5907752643385	0	0	0	0	0	0	0	0
$1	221	9	2	0	0965	1.00	700	23.05.19	12:38	2	01	700	700	00	5906365702038	0	0	0	0	0	0	0	0
$4	221	9	1	0	0	2000	2000
$4	221	9	1	0	1	710	710
$1	221	10	1	0	4028	1.00	1550	23.05.19	12:42	1	01	1550	1550	00	14724	0	0	0	0	0	0	0	0
$4	221	10	2	0	0	1550	1550
$1	221	11	1	0	2542	1.00	1390	23.05.19	12:43	2	01	1390	1390	00	17025423	0	0	0	0	0	0	0	0
$1	221	11	2	0	4026	1.00	1550	23.05.19	12:43	1	01	1550	1550	00	14717	0	0	0	0	0	0	0	0
$4	221	11	1	0	0	3000	3000
$4	221	11	1	0	1	060	060
$1	221	12	1	0	2050	2.00	5980	23.05.19	14:53	1	01	5980	5980	00	11020509	0	0	0	0	0	0	0	0
$1	221	12	2	0	2053	1.00	2990	23.05.19	14:53	1	01	2990	2990	00	11020530	0	0	0	0	0	0	0	0
$4	221	12	2	0	0	8970	8970
$1	221	13	1	0	1706	1.00	2290	23.05.19	15:44	1	01	2290	2290	00	5907688710052	0	0	0	0	0	0	0	0
$4	221	13	1	0	0	2290	2290
$1	221	14	1	0	4341	1.00	16450	23.05.19	16:10	1	01	16450	16450	00	10004623	0	0	0	0	0	0	0	0
$1	221	14	2	0	2897	1.00	13750	23.05.19	16:11	1	01	13750	13750	00	6412600837575	0	0	0	0	0	0	0	0
$4	221	14	1	0	0	30200	30200
$1	221	15	1	0	4740	1.00	1850	23.05.19	16:16	1	01	1850	1850	00	14236	0	0	0	0	0	0	0	0
$4	221	15	1	0	0	1850	1850
$1	221	16	1	0	2705	1.00	2250	23.05.19	16:19	1	01	2250	2250	00	17027052	0	0	0	0	0	0	0	0
$1	221	16	2	0	3560	1.00	2150	23.05.19	16:19	1	01	2150	2150	00	6013769	0	0	0	0	0	0	0	0
$1	221	16	3	0	3500	1.00	1850	23.05.19	16:19	2	01	1850	1850	00	642	0	0	0	0	0	0	0	0
$1	221	16	4	0	0895	1.00	4400	23.05.19	16:19	1	01	4400	4400	00	4008958	0	0	0	0	0	0	0	0
$1	221	16	5	0	0490	1.00	1850	23.05.19	16:19	1	01	1850	1850	00	14328	0	0	0	0	0	0	0	0
$4	221	16	1	0	0	12500	12500
$1	221	17	1	0	1900	1.00	1650	23.05.19	16:25	1	01	1650	1650	00	10007310	0	0	0	0	0	0	0	0
$1	221	17	2	0	4129	1.00	5890	23.05.19	16:25	1	01	5890	5890	00	10000526	0	0	0	0	0	0	0	0
$4	221	17	2	0	0	7540	7540
$14	01	23.05.20	09:42	4
$13	00	1	23.05.20	09:42	01	0	0	0	0	0	0	0	0	0	             
$1	222	1	1	0	1461	1.00	2850	23.05.20	09:49	1	01	2850	2850	00	5907688710571	0	0	0	0	0	0	0	0
$4	222	1	2	0	0	2850	2850
$1	222	2	1	0	3304	1.00	850	23.05.20	10:07	1	01	850	850	00	22033048	0	0	0	0	0	0	0	0
$1	222	2	2	0	1925	1.00	1650	23.05.20	10:07	2	01	1650	1650	00	680275029106	0	0	0	0	0	0	0	0
$1	222	2	3	0	0971	1.00	850	23.05.20	10:07	2	01	850	850	00	5009718	0	0	0	0	0	0	0	0
$1	222	2	4	0	3038	1.00	890	23.05.20	10:07	2	01	890	890	00	10009345	0	0	0	0	0	0	0	0
$4	222	2	2	0	0	4240	4240
$1	222	3	1	0	4703	1.00	3650	23.05.20	10:41	1	01	3650	3650	00	10008973	0	0	0	0	0	0	0	0
$1	222	3	2	0	2350	1.00	790	23.05.20	10:46	1	01	790	790	00	15023506	0	0	0	0	0	0	0	0
$1	222	3	3	0	2445	1.00	10665	23.05.20	10:46	1	01	10665	11850	00	5903760200343	0	0	0	0	0	0	0	1
$1	222	3	4	0	4622	1.00	1690	23.05.20	10:47	1	01	1690	1690	00	5903760204990	0	0	0	0	0	0	0	0
$1	222	3	5	0	3487	1.00	1650	23.05.20	10:47	1	01	1650	1650	00	1034875	0	0	0	0	0	0	0	0
$4	222	3	2	0	0	18445	18445
$1	222	4	1	0	0609	1.00	4900	23.05.20	10:50	1	01	4900	4900	00	5902249011111	0	0	0	0	0	0	0	0
$4	222	4	2	0	0	4900	4900
$1	222	5	1	0	4701	1.00	1390	23.05.20	11:17	1	01	1390	1390	00	4820198879648	0	0	0	0	0	0	0	0
$1	222	5	2	0	4702	1.00	1390	23.05.20	11:17	2	01	1390	1390	00	4820198879822	0	0	0	0	0	0	0	0
$1	222	5	3	0	4180	1.00	600	23.05.20	11:18	1	01	600	600	00	5869	0	0	0	0	0	0	0	0
$1	222	5	4	0	4180	1.00	600	23.05.20	11:18	1	01	600	600	00	5869	0	0	0	0	0	0	0	0
$4	222	5	1	0	0	10000	10000
$4	222	5	1	0	1	6020	6020
$1	222	6	1	0	4636	1.00	5150	23.05.20	11:46	1	01	5150	5150	00	5907154237915	0	0	0	0	0	0	0	0
$4	222	6	2	0	0	5150	5150
$1	222	7	1	0	4455	1.00	650	23.05.20	12:05	1	01	650	650	00	5900956700366	0	0	0	0	0	0	0	0
$4	222	7	1	0	0	650	650
$1	222	8	1	0	4146	1.00	4850	23.05.20	12:13	1	01	4850	4850	00	10000779	0	0	0	0	0	0	0	0
$1	222	8	2	0	1162	1.00	500	23.05.20	12:14	2	01	500	500	00	5909994311763	0	0	0	0	0	0	0	0
$1	222	8	3	0	1249	1.00	900	23.05.20	12:14	2	01	900	900	00	5909994310667	0	0	0	0	0	0	0	0
$1	222	8	4	0	1162	1.00	500	23.05.20	12:14	2	01	500	500	00	5909994311763	0	0	0	0	0	0	0	0
$4	222	8	1	0	0	10750	10750
$4	222	8	1	0	1	4000	4000
$12	222	1	1	0	2055	1.00	6950	23.05.20	12:20	1	01	6950	6950	00	11020554	0	0	0	0	0	0	0	0
$1	222	9	1	0	2053	1.00	2990	23.05.20	12:20	1	01	2990	2990	00	11020530	0	0	0	0	0	0	0	0
$4	222	9	1	0	0	3000	3000
$4	222	9	1	0	1	010	010
$1	222	10	1	0	1785	1.00	5850	23.05.20	12:21	1	01	5850	5850	00	8017857	0	0	0	0	0	0	0	0
$4	222	10	1	0	0	10000	10000
$4	222	10	1	0	1	4150	4150
$1	222	11	1	0	4542	1.00	4350	23.05.20	12:22	1	01	4350	4350	00	35027461	0	0	0	0	0	0	0	0
$1	222	11	2	0	4543	1.00	4350	23.05.20	12:22	1	01	4350	4350	00	35027430	0	0	0	0	0	0	0	0
$4	222	11	2	0	0	8700	8700
$1	222	12	1	0	1560	1.00	4550	23.05.20	12:23	4	01	4550	4550	00	7015601	0	0	0	0	0	0	0	0
$4	222	12	2	0	0	4550	4550
$10	222	13	1	0	2028	1.00	3290	23.05.20	12:30	1	01	3290	3290	00	10020289	0	0	0	0	0	0	0	0
$1	222	13	1	0	2028	1.00	2790	23.05.20	12:36	1	01	2790	3290	00	10020289	0	0	0	0	0	0	0	1
$1	222	13	2	0	2024	1.00	1990	23.05.20	12:37	1	01	1990	2490	00	10020241	0	0	0	0	0	0	0	1
$1	222	13	3	0	0457	1.00	1400	23.05.20	12:38	1	01	1400	1400	00	5907502687065	0	0	0	0	0	0	0	0
$1	222	13	4	0	4673	1.00	3250	23.05.20	12:39	2	01	3250	3250	00	5904960019490	0	0	0	0	0	0	0	0
$4	222	13	2	0	0	9430	9430
$1	222	14	1	0	1133	1.00	1250	23.05.20	12:43	4	01	1250	1250	00	5011339	0	0	0	0	0	0	0	0
$4	222	14	1	0	0	5000	5000
$4	222	14	1	0	1	3750	3750
$1	222	15	1	0	2663	1.00	850	23.05.20	13:11	2	01	850	850	00	5907559279169	0	0	0	0	0	0	0	0
$4	222	15	2	0	0	850	850
$14	01	23.05.22	09:37	4
$13	00	1	23.05.22	09:52	01	0	0	0	0	0	0	0	0	0	             
$1	223	1	1	0	1085	1.00	690	23.05.22	10:28	2	01	690	690	00	5906365702779	0	0	0	0	0	0	0	0
$1	223	1	2	0	0991	1.00	550	23.05.22	10:28	4	01	550	550	00	5906365702298	0	0	0	0	0	0	0	0
$1	223	1	3	0	1041	1.00	590	23.05.22	10:28	2	01	590	590	00	5906365702748	0	0	0	0	0	0	0	0
$1	223	1	4	0	1014	1.00	550	23.05.22	10:28	2	01	550	550	00	5906365702526	0	0	0	0	0	0	0	0
$1	223	1	5	0	0951	1.00	590	23.05.22	10:28	4	01	590	590	00	5907752643569	0	0	0	0	0	0	0	0
$1	223	1	6	0	1248	1.00	1250	23.05.22	10:28	2	01	1250	1250	00	5909990628254	0	0	0	0	0	0	0	0
$1	223	1	7	0	1052	1.00	450	23.05.22	10:28	4	01	450	450	00	5907752643972	0	0	0	0	0	0	0	0
$1	223	1	8	0	1210	1.00	490	23.05.22	10:29	2	01	490	490	00	5909994310360	0	0	0	0	0	0	0	0
$4	223	1	1	0	0	5160	5160
$1	223	2	1	0	2350	2.00	1580	23.05.22	11:10	1	01	1580	1580	00	15023506	0	0	0	0	0	0	0	0
$4	223	2	1	0	0	1600	1600
$4	223	2	1	0	1	020	020
$1	223	3	1	0	3882	1.00	1300	23.05.22	11:16	1	01	1300	1300	00	8691190445041	0	0	0	0	0	0	0	0
$4	223	3	1	0	0	1300	1300
$1	223	4	1	0	4712	1.00	3550	23.05.22	12:15	2	01	3550	3550	00	10009055	0	0	0	0	0	0	0	0
$4	223	4	2	0	0	3550	3550
$1	223	5	1	0	1035	4.00	2360	23.05.22	12:20	2	01	2360	2360	00	5909994310124	0	0	0	0	0	0	0	0
$4	223	5	2	0	0	2360	2360
$1	223	6	1	0	3059	1.00	750	23.05.22	13:57	2	01	750	750	00	10003978	0	0	0	0	0	0	0	0
$1	223	6	2	0	1230	1.00	550	23.05.22	13:57	2	01	550	550	00	5909994310766	0	0	0	0	0	0	0	0
$4	223	6	1	0	0	10000	10000
$4	223	6	1	0	1	8700	8700
$1	223	7	1	0	2668	1.00	2450	23.05.22	15:03	2	01	2450	2450	00	5904960017540	0	0	0	0	0	0	0	0
$1	223	7	2	0	1165	1.00	590	23.05.22	15:03	2	01	590	590	00	5909994311169	0	0	0	0	0	0	0	0
$1	223	7	3	0	1232	1.00	490	23.05.22	15:03	2	01	490	490	00	5909990219520	0	0	0	0	0	0	0	0
$1	223	7	4	0	0976	1.00	1650	23.05.22	15:03	2	01	1650	1650	00	5905279799011	0	0	0	0	0	0	0	0
$1	223	7	5	0	3251	1.00	1490	23.05.22	15:04	1	01	1490	1490	00	5902781001182	0	0	0	0	0	0	0	0
$1	223	7	6	0	2530	1.00	2250	23.05.22	15:05	2	01	2250	2250	00	17025300	0	0	0	0	0	0	0	0
$1	223	7	7	0	0972	1.00	450	23.05.22	15:05	4	01	450	450	00	5009725	0	0	0	0	0	0	0	0
$4	223	7	2	0	0	9370	9370
$1	223	8	1	0	2053	1.00	2990	23.05.22	15:59	1	01	2990	2990	00	11020530	0	0	0	0	0	0	0	0
$1	223	8	2	0	3919	1.00	2490	23.05.22	15:59	1	01	2490	2490	00	10000441	0	0	0	0	0	0	0	0
$4	223	8	1	0	0	5480	5480
$1	223	9	1	0	2053	1.00	2990	23.05.22	16:00	1	01	2990	2990	00	11020530	0	0	0	0	0	0	0	0
$4	223	9	1	0	0	2990	2990
$1	223	10	1	0	1040	1.00	550	23.05.22	16:03	2	01	550	550	00	5906365702847	0	0	0	0	0	0	0	0
$1	223	10	2	0	1170	1.00	590	23.05.22	16:03	2	01	590	590	00	5909994311565	0	0	0	0	0	0	0	0
$1	223	10	3	0	0982	1.00	590	23.05.22	16:03	2	01	590	590	00	5907752643385	0	0	0	0	0	0	0	0
$4	223	10	2	0	0	1730	1730
$1	223	11	1	0	4567	1.00	3450	23.05.22	16:10	1	01	3450	3450	00	10007730	0	0	0	0	0	0	0	0
$4	223	11	1	0	0	4000	4000
$4	223	11	1	0	1	550	550
$1	223	12	1	0	4703	1.00	3650	23.05.22	16:33	1	01	3650	3650	00	10008973	0	0	0	0	0	0	0	0
$1	223	12	2	0	4226	1.00	1290	23.05.22	16:33	1	01	1290	1290	00	18227	0	0	0	0	0	0	0	0
$4	223	12	2	0	0	4940	4940
$1	223	13	1	0	0471	1.00	3700	23.05.22	16:51	1	01	3700	3700	00	5907502687270	0	0	0	0	0	0	0	0
$1	223	13	2	0	0664	1.00	2790	23.05.22	16:51	1	01	2790	2790	00	5902249014938	0	0	0	0	0	0	0	0
$1	223	13	3	0	4537	1.00	5190	23.05.22	16:51	1	01	5190	5190	00	10007136	0	0	0	0	0	0	0	0
$4	223	13	2	0	0	11680	11680
$14	01	23.05.23	09:42	4
$13	00	1	23.05.23	09:45	01	0	0	0	0	0	0	0	0	0	             
$1	224	1	1	0	1224	1.00	590	23.05.23	10:55	2	01	590	590	00	5909990628643	0	0	0	0	0	0	0	0
$1	224	1	2	0	1165	1.00	590	23.05.23	10:56	2	01	590	590	00	5909994311169	0	0	0	0	0	0	0	0
$1	224	1	3	0	0996	1.00	650	23.05.23	10:56	2	01	650	650	00	5906365702076	0	0	0	0	0	0	0	0
$1	224	1	4	0	1081	1.00	690	23.05.23	10:56	4	01	690	690	00	5906365702816	0	0	0	0	0	0	0	0
$1	224	1	5	0	1208	1.00	690	23.05.23	10:56	2	01	690	690	00	5909990312016	0	0	0	0	0	0	0	0
$1	224	1	6	0	1012	1.00	950	23.05.23	10:56	2	01	950	950	00	5909994310865	0	0	0	0	0	0	0	0
$1	224	1	7	0	1172	1.00	590	23.05.23	10:56	2	01	590	590	00	5909994308725	0	0	0	0	0	0	0	0
$1	224	1	8	0	1094	1.00	650	23.05.23	10:56	2	01	650	650	00	5906365702229	0	0	0	0	0	0	0	0
$4	224	1	1	0	0	10000	10000
$4	224	1	1	0	1	4600	4600
$1	224	2	1	0	4730	1.00	8090	23.05.23	10:59	1	01	8090	8090	00	10003541	0	0	0	0	0	0	0	0
$1	224	2	2	0	1584	1.00	1550	23.05.23	11:00	1	01	1550	1550	00	7015847	0	0	0	0	0	0	0	0
$4	224	2	2	0	0	9640	9640
$1	224	3	1	0	3100	1.00	2190	23.05.23	12:32	1	01	2190	2190	00	5903760202477	0	0	0	0	0	0	0	0
$1	224	3	2	0	4622	1.00	1690	23.05.23	12:32	1	01	1690	1690	00	10008188	0	0	0	0	0	0	0	0
$4	224	3	2	0	0	3880	3880
$1	224	4	1	0	4709	2.00	4900	23.05.23	12:38	2	01	4900	4900	00	22032560	0	0	0	0	0	0	0	0
$1	224	4	2	0	0498	2.00	5400	23.05.23	12:38	1	01	5400	5400	00	5907502687546	0	0	0	0	0	0	0	0
$1	224	4	3	0	1479	2.00	7980	23.05.23	12:38	4	01	7980	7980	00	7014796	0	0	0	0	0	0	0	0
$1	224	4	4	0	0297	1.00	2490	23.05.23	12:38	1	01	2490	2490	00	10004340	0	0	0	0	0	0	0	0
$1	224	4	5	0	2024	1.00	1990	23.05.23	12:39	1	01	1990	2490	00	10020241	0	0	0	0	0	0	0	1
$1	224	4	6	0	2024	1.00	1990	23.05.23	12:39	1	01	1990	2490	00	10020241	0	0	0	0	0	0	0	1
$1	224	4	7	0	2024	1.00	1990	23.05.23	12:39	1	01	1990	2490	00	10020241	0	0	0	0	0	0	0	1
$10	224	4	1	0	2024	1.00	2490	23.05.23	12:39	1	01	2490	2490	00	10020241	0	0	0	0	0	0	0	0
$10	224	4	2	0	2024	1.00	2490	23.05.23	12:39	1	01	2490	2490	00	10020241	0	0	0	0	0	0	0	0
$1	224	4	8	0	2024	1.00	1990	23.05.23	12:40	1	01	1990	2490	00	10020241	0	0	0	0	0	0	0	1
$4	224	4	2	0	0	28730	28730
$1	224	5	1	0	3076	1.00	590	23.05.23	12:42	2	01	590	590	00	10003664	0	0	0	0	0	0	0	0
$1	224	5	2	0	0457	1.00	1400	23.05.23	12:42	1	01	1400	1400	00	5907502687065	0	0	0	0	0	0	0	0
$1	224	5	3	0	3902	1.00	1450	23.05.23	12:42	1	01	1450	1450	00	28039020	0	0	0	0	0	0	0	0
$4	224	5	2	0	0	3440	3440
$12	224	1	1	0	0575	1.00	3550	23.05.23	12:46	1	01	3550	3550	00	5902249010008	0	0	0	0	0	0	0	0
$12	224	1	2	0	0530	1.00	2950	23.05.23	12:46	1	01	2950	2950	00	5907502687867	0	0	0	0	0	0	0	0
$1	224	6	1	0	2053	4.00	11960	23.05.23	13:42	1	01	11960	11960	00	11020530	0	0	0	0	0	0	0	0
$4	224	6	2	0	0	11960	11960
$1	224	7	1	0	3941	1.00	2650	23.05.23	14:01	1	01	2650	2650	00	13864	0	0	0	0	0	0	0	0
$1	224	7	2	0	3886	1.00	2850	23.05.23	14:01	1	01	2850	2850	00	8691190157029	0	0	0	0	0	0	0	0
$4	224	7	2	0	0	5500	5500
$1	224	8	1	0	0598	1.00	1250	23.05.23	14:17	1	01	1250	1250	00	15998	0	0	0	0	0	0	0	0
$4	224	8	2	0	0	1250	1250
$1	224	9	1	0	0041	1.000	1450	23.05.23	14:26	1	01	1450	1450	00		0	0	0	0	0	0	0	0
$4	224	9	2	0	0	1450	1450
$1	224	10	1	0	1821	1.00	2190	23.05.23	14:31	1	01	2190	2190	00	10004791	0	0	0	0	0	0	0	0
$4	224	10	1	0	0	2190	2190
$1	224	11	1	0	2015	1.00	4450	23.05.23	15:33	1	01	4450	4450	00	10007525	0	0	0	0	0	0	0	0
$1	224	11	2	0	3051	1.00	1050	23.05.23	15:33	4	01	1050	1050	00	10007785	0	0	0	0	0	0	0	0
$1	224	11	3	0	0457	1.00	1400	23.05.23	15:35	1	01	1400	1400	00	5907502687065	0	0	0	0	0	0	0	0
$4	224	11	2	0	0	6900	6900
$1	224	12	1	0	4020	1.00	3590	23.05.23	16:51	1	01	3590	3590	00	10511	0	0	0	0	0	0	0	0
$4	224	12	1	0	0	10000	10000
$4	224	12	1	0	1	6410	6410
$14	01	23.05.24	09:34	4
$13	00	1	23.05.24	09:44	01	0	0	0	0	0	0	0	0	0	             
$1	225	1	1	0	4131	1.00	5890	23.05.24	09:44	1	01	5890	5890	00	10000618	0	0	0	0	0	0	0	0
$4	225	1	2	0	0	5890	5890
$1	225	2	1	0	3252	1.00	1290	23.05.24	10:06	1	01	1290	1290	00	22032522	0	0	0	0	0	0	0	0
$4	225	2	1	0	0	1290	1290
$10	225	3	1	0	3579	1.00	1650	23.05.24	10:50	1	01	1650	1650	00	20035792	0	0	0	0	0	0	0	0
$1	225	3	1	0	0002	1.000	2050	23.05.24	10:50	1	01	2050	2050	00		0	0	0	0	0	0	0	0
$4	225	3	1	0	0	2050	2050
$1	225	4	1	0	2383	1.00	2750	23.05.24	11:32	1	01	2750	2750	00	16023833	0	0	0	0	0	0	0	0
$4	225	4	1	0	0	5000	5000
$4	225	4	1	0	1	2250	2250
$1	225	5	1	0	3026	1.00	1650	23.05.24	12:32	2	01	1650	1650	00	10009253	0	0	0	0	0	0	0	0
$4	225	5	2	0	0	1650	1650
$1	225	6	1	0	4245	1.00	3450	23.05.24	12:45	2	01	3450	3450	00	680275064213	0	0	0	0	0	0	0	0
$4	225	6	2	0	0	3450	3450
$1	225	7	1	0	2935	1.00	8390	23.05.24	12:51	1	01	8390	8390	00	34029350	0	0	0	0	0	0	0	0
$4	225	7	2	0	0	8390	8390
$1	225	8	1	0	0302	1.00	1890	23.05.24	14:08	1	01	1890	1890	00	5900168908550	0	0	0	0	0	0	0	0
$1	225	8	2	0	1513	1.00	2190	23.05.24	14:08	4	01	2190	2190	00	7015137	0	0	0	0	0	0	0	0
$1	225	8	3	0	2326	1.00	950	23.05.24	14:08	2	01	950	950	00	10003909	0	0	0	0	0	0	0	0
$1	225	8	4	0	3042	1.00	990	23.05.24	14:08	2	01	990	990	00	10009185	0	0	0	0	0	0	0	0
$4	225	8	2	0	0	6020	6020
$1	225	9	1	0	4201	1.00	450	23.05.24	15:03	1	01	450	450	00	10597	0	0	0	0	0	0	0	0
$1	225	9	2	0	4737	1.00	450	23.05.24	15:03	1	01	450	450	00	10733	0	0	0	0	0	0	0	0
$4	225	9	1	0	0	900	900
$1	225	10	1	0	4118	1.00	1590	23.05.24	15:03	1	01	1590	1590	00	10000427	0	0	0	0	0	0	0	0
$1	225	10	2	0	2053	1.00	2990	23.05.24	15:03	1	01	2990	2990	00	11020530	0	0	0	0	0	0	0	0
$4	225	10	2	0	0	4580	4580
$1	225	11	1	0	1055	2.00	1980	23.05.24	15:15	4	01	1980	1980	00	5010554	0	0	0	0	0	0	0	0
$4	225	11	2	0	0	1980	1980
$1	225	12	1	0	2350	6.00	4740	23.05.24	15:24	1	01	4740	4740	00	15023506	0	0	0	0	0	0	0	0
$1	225	12	2	0	2053	1.00	2990	23.05.24	15:24	1	01	2990	2990	00	11020530	0	0	0	0	0	0	0	0
$4	225	12	2	0	0	7730	7730
$1	225	13	1	0	3910	1.00	5750	23.05.24	16:18	1	01	5750	5750	00	28039105	0	0	0	0	0	0	0	0
$1	225	13	2	0	2350	1.00	790	23.05.24	16:18	1	01	790	790	00	15023506	0	0	0	0	0	0	0	0
$4	225	13	2	0	0	6540	6540
$1	225	14	1	0	4357	1.00	8090	23.05.24	16:37	1	01	8090	8090	00	10003534	0	0	0	0	0	0	0	0
$4	225	14	2	0	0	8090	8090
$14	01	23.05.25	09:55	4
$13	00	1	23.05.25	10:02	01	0	0	0	0	0	0	0	0	0	             
$1	226	1	1	0	0603	1.00	4450	23.05.25	10:46	1	01	4450	4450	00	5902249011074	0	0	0	0	0	0	0	0
$4	226	1	1	0	0	5000	5000
$4	226	1	1	0	1	550	550
$1	226	2	1	0	2024	1.00	1590	23.05.25	10:49	1	01	1590	2490	00	10020241	0	0	0	0	0	0	0	1
$1	226	2	2	0	4704	1.00	2490	23.05.25	10:50	2	01	2490	2490	00	10008980	0	0	0	0	0	0	0	0
$1	226	2	3	0	4722	1.00	1100	23.05.25	10:50	2	01	1100	1100	00	5904538032326	0	0	0	0	0	0	0	0
$1	226	2	4	0	0027	1.000	1190	23.05.25	10:50	1	01	1190	1190	00		0	0	0	0	0	0	0	0
$4	226	2	2	0	0	6370	6370
$1	226	3	1	0	1133	2.00	2500	23.05.25	11:33	4	01	2500	2500	00	5011339	0	0	0	0	0	0	0	0
$1	226	3	2	0	1237	1.00	1190	23.05.25	11:34	4	01	1190	1190	00	5012374	0	0	0	0	0	0	0	0
$4	226	3	1	0	0	10000	10000
$4	226	3	1	0	1	6310	6310
$1	226	4	1	0	2157	1.00	2232	23.05.25	12:51	1	01	2232	2350	00	5901887006145	0	0	0	0	0	0	0	1
$4	226	4	1	0	0	2232	2232
$1	226	5	1	0	1181	1.00	550	23.05.25	13:13	2	01	550	550	00	5909994310964	0	0	0	0	0	0	0	0
$4	226	5	1	0	0	1050	1050
$4	226	5	1	0	1	500	500
$1	226	6	1	0	2053	2.00	5980	23.05.25	14:04	1	01	5980	5980	00	11020530	0	0	0	0	0	0	0	0
$4	226	6	1	0	0	20000	20000
$4	226	6	1	0	1	14020	14020
$1	226	7	1	0	2372	1.00	2590	23.05.25	14:18	1	01	2590	2590	00	16023727	0	0	0	0	0	0	0	0
$4	226	7	2	0	0	2590	2590
$1	226	8	1	0	2053	2.00	5980	23.05.25	14:19	1	01	5980	5980	00	11020530	0	0	0	0	0	0	0	0
$1	226	8	2	0	2276	1.00	3750	23.05.25	14:21	1	01	3750	3750	00	10000854	0	0	0	0	0	0	0	0
$10	226	8	1	0	0499	1.00	3000	23.05.25	14:21	1	01	3000	3000	00	5907502687553	0	0	0	0	0	0	0	0
$1	226	8	3	0	3550	1.00	3450	23.05.25	14:21	1	01	3450	3450	00	5711914181291	0	0	0	0	0	0	0	0
$1	226	8	4	0	2024	1.00	1990	23.05.25	14:23	1	01	1990	2490	00	10020241	0	0	0	0	0	0	0	1
$1	226	8	5	0	0297	1.00	1990	23.05.25	14:23	1	01	1990	2490	00	800307842750	0	0	0	0	0	0	0	1
$4	226	8	2	0	0	17160	17160
$1	226	9	1	0	1719	1.00	4500	23.05.25	14:23	1	01	4500	4500	00	5907688710274	0	0	0	0	0	0	0	0
$4	226	9	2	0	0	4500	4500
$1	226	10	1	0	4649	1.00	3590	23.05.25	14:37	1	01	3590	3590	00	10008478	0	0	0	0	0	0	0	0
$1	226	10	2	0	4686	1.00	3550	23.05.25	14:41	1	01	3550	3550	00	10008805	0	0	0	0	0	0	0	0
$1	226	10	3	0	2053	1.00	2990	23.05.25	14:42	1	01	2990	2990	00	11020530	0	0	0	0	0	0	0	0
$1	226	10	4	0	1589	1.00	1590	23.05.25	14:42	1	01	1590	1590	00	7015892	0	0	0	0	0	0	0	0
$1	226	10	5	0	0031	1.000	2000	23.05.25	14:42	1	01	2000	2000	00		0	0	0	0	0	0	0	0
$4	226	10	2	0	0	13720	13720
$1	226	11	1	0	1230	1.00	550	23.05.25	14:45	2	01	550	550	00	5909994310766	0	0	0	0	0	0	0	0
$1	226	11	2	0	1008	1.00	550	23.05.25	14:46	2	01	550	550	00	5909994311367	0	0	0	0	0	0	0	0
$1	226	11	3	0	1008	1.00	550	23.05.25	14:46	2	01	550	550	00	5909994311367	0	0	0	0	0	0	0	0
$1	226	11	4	0	1000	1.00	650	23.05.25	14:46	2	01	650	650	00	5906365702922	0	0	0	0	0	0	0	0
$1	226	11	5	0	1181	1.00	550	23.05.25	14:46	2	01	550	550	00	5909994310964	0	0	0	0	0	0	0	0
$1	226	11	6	0	1191	2.00	1100	23.05.25	14:48	2	01	1100	1100	00	5909990628490	0	0	0	0	0	0	0	0
$4	226	11	2	0	0	3950	3950
$1	226	12	1	0	2024	1.00	2490	23.05.25	15:09	1	01	2490	2490	00	10020241	0	0	0	0	0	0	0	0
$4	226	12	2	0	0	2490	2490
$1	226	13	1	0	4357	1.00	8090	23.05.25	15:16	1	01	8090	8090	00	10003534	0	0	0	0	0	0	0	0
$4	226	13	2	0	0	8090	8090
$1	226	14	1	0	0727	1.00	8650	23.05.25	15:19	1	01	8650	8650	00	3007273	0	0	0	0	0	0	0	0
$1	226	14	2	0	4141	1.00	1190	23.05.25	15:19	1	01	1190	1190	00	5903641980357	0	0	0	0	0	0	0	0
$4	226	14	1	0	0	10000	10000
$4	226	14	1	0	1	160	160
$1	226	15	1	0	4669	1.00	14090	23.05.25	16:42	1	01	14090	14090	00	10008645	0	0	0	0	0	0	0	0
$4	226	15	2	0	0	14090	14090
$1	226	16	1	0	4702	1.00	1390	23.05.25	16:44	2	01	1390	1390	00	10008966	0	0	0	0	0	0	0	0
$1	226	16	2	0	4700	1.00	1390	23.05.25	16:44	1	01	1390	1390	00	10008942	0	0	0	0	0	0	0	0
$1	226	16	3	0	4701	1.00	1390	23.05.25	16:44	1	01	1390	1390	00	10008959	0	0	0	0	0	0	0	0
$1	226	16	4	0	2284	1.00	2990	23.05.25	16:48	1	01	2990	2990	00	5907502687768	0	0	0	0	0	0	0	0
$1	226	16	5	0	2282	1.00	2600	23.05.25	16:48	1	01	2600	2600	00	5907502687775	0	0	0	0	0	0	0	0
$1	226	16	6	0	0528	1.00	2500	23.05.25	16:48	1	01	2500	2500	00	5907502687881	0	0	0	0	0	0	0	0
$1	226	16	7	0	0559	1.00	3850	23.05.25	16:48	1	01	3850	3850	00	5907502687980	0	0	0	0	0	0	0	0
$1	226	16	8	0	2293	1.00	4290	23.05.25	16:49	1	01	4290	4290	00	5906660352266	0	0	0	0	0	0	0	0
$4	226	16	2	0	0	20400	20400
$1	226	17	1	0	0294	1.00	8350	23.05.25	17:37	1	01	8350	8350	00	154	0	0	0	0	0	0	0	0
$1	226	17	2	0	4225	1.00	1850	23.05.25	17:37	1	01	1850	1850	00	8691190704209	0	0	0	0	0	0	0	0
$1	226	17	3	0	1732	1.00	3390	23.05.25	17:38	1	01	3390	3390	00	8017321	0	0	0	0	0	0	0	0
$10	226	17	1	0	3117	1.00	1290	23.05.25	17:39	2	01	1290	1290	00	5902741001498	0	0	0	0	0	0	0	0
$1	226	17	4	0	0530	1.00	2950	23.05.25	17:43	1	01	2950	2950	00	5907502687867	0	0	0	0	0	0	0	0
$1	226	17	5	0	4541	1.00	4100	23.05.25	17:43	1	01	4100	4100	00	35027416	0	0	0	0	0	0	0	0
$1	226	17	6	0	2447	1.00	3290	23.05.25	17:45	1	01	3290	3290	00	2024479	0	0	0	0	0	0	0	0
$1	226	17	7	0	1812	1.00	4450	23.05.25	17:48	1	01	4450	4450	00	8018120	0	0	0	0	0	0	0	0
$1	226	17	8	0	2350	1.00	790	23.05.25	17:48	1	01	790	790	00	15023506	0	0	0	0	0	0	0	0
$1	226	17	9	0	0580	1.00	3400	23.05.25	17:49	1	01	3400	3400	00	5902249011067	0	0	0	0	0	0	0	0
$1	226	17	10	0	3157	1.00	3000	23.05.25	17:52	1	01	3000	3000	00	10001370	0	0	0	0	0	0	0	0
$1	226	17	11	0	0203	1.000	990	23.05.25	17:58	1	01	990	990	00		0	0	0	0	0	0	0	0
$4	226	17	2	0	0	36560	36560
$14	01	23.05.26	10:01	4
$13	00	1	23.05.26	10:03	01	0	0	0	0	0	0	0	0	0	             
$1	228	1	1	0	2350	3.00	2370	23.05.26	10:15	1	01	2370	2370	00	15023506	0	0	0	0	0	0	0	0
$4	228	1	1	0	0	5000	5000
$4	228	1	1	0	1	2630	2630
$1	228	2	1	0	1188	1.00	600	23.05.26	10:20	2	01	600	600	00	5909994309425	0	0	0	0	0	0	0	0
$1	228	2	2	0	0965	1.00	700	23.05.26	10:20	2	01	700	700	00	5906365702038	0	0	0	0	0	0	0	0
$4	228	2	1	0	0	1300	1300
$14	01	23.05.26	10:31	4
$13	00	1	23.05.26	10:32	01	0	0	0	0	0	0	0	0	0	             
$14	01	23.05.26	10:36	4
$13	00	1	23.05.26	10:36	01	0	0	0	0	0	0	0	0	0	             
$1	228	3	1	0	4703	1.00	2190	23.05.26	10:41	1	01	3650	3650	00	10008973	0	1	0	0	0	0	0	0
$1	228	3	2	0	2752	1.00	3114	23.05.26	10:41	1	01	5190	5190	00	35027522	0	1	0	0	0	0	0	0
$1	228	3	3	0	1543	1.00	3150	23.05.26	10:42	4	01	5250	5250	00	7015434	0	1	0	0	0	0	0	0
$1	228	3	4	0	1564	1.00	3840	23.05.26	10:42	4	01	6400	6400	00	7015649	0	1	0	0	0	0	0	0
$4	228	3	1	0	0	12294	12294
$1	228	4	1	0	3500	1.00	1850	23.05.26	10:50	2	01	1850	1850	00	5908228098524	0	0	0	0	0	0	0	0
$4	228	4	1	0	0	1850	1850
$1	228	5	1	0	2343	1.00	1990	23.05.26	11:21	1	01	1990	1990	00	5900168907706	0	0	0	0	0	0	0	0
$4	228	5	2	0	0	1990	1990
$1	228	6	1	0	1178	1.00	550	23.05.26	11:26	2	01	550	550	00	5909990628360	0	0	0	0	0	0	0	0
$4	228	6	2	0	0	550	550
$1	228	7	1	0	3131	1.00	1050	23.05.26	12:06	2	01	1050	1050	00	10009482	0	0	0	0	0	0	0	0
$4	228	7	1	0	0	1050	1050
$10	228	8	1	0	0615	1.00	3550	23.05.26	12:50	1	01	3550	3550	00	5902249011210	0	0	0	0	0	0	0	0
$1	228	8	1	0	4636	1.00	5150	23.05.26	12:53	1	01	5150	5150	00	5907154237915	0	0	0	0	0	0	0	0
$4	228	8	1	0	0	6000	6000
$4	228	8	1	0	1	850	850
$1	228	9	1	0	1190	1.00	650	23.05.26	13:11	2	01	650	650	00	5909990021864	0	0	0	0	0	0	0	0
$1	228	9	2	0	4679	1.00	590	23.05.26	13:11	2	01	590	590	00	10008737	0	0	0	0	0	0	0	0
$1	228	9	3	0	1230	1.00	550	23.05.26	13:11	2	01	550	550	00	5909994310766	0	0	0	0	0	0	0	0
$4	228	9	2	0	0	1790	1790
$1	228	10	1	0	3319	1.00	1990	23.05.26	13:14	2	01	1990	1990	00	22033192	0	0	0	0	0	0	0	0
$1	228	10	2	0	3251	1.00	1490	23.05.26	13:14	1	01	1490	1490	00	22032515	0	0	0	0	0	0	0	0
$4	228	10	1	0	0	5000	5000
$4	228	10	1	0	1	1520	1520
$1	228	11	1	0	3254	1.00	1350	23.05.26	13:36	1	01	1350	1350	00	22032546	0	0	0	0	0	0	0	0
$1	228	11	2	0	3251	1.00	1490	23.05.26	13:37	1	01	1490	1490	00	22032515	0	0	0	0	0	0	0	0
$4	228	11	2	0	0	2840	2840
$1	228	12	1	0	1458	1.00	2090	23.05.26	15:05	1	01	2090	2090	00	10003114	0	0	0	0	0	0	0	0
$4	228	12	2	0	0	2090	2090
$1	228	13	1	0	0342	1.00	2250	23.05.26	15:41	1	01	2250	2250	00	5900168900028	0	0	0	0	0	0	0	0
$1	228	13	2	0	2053	1.00	2990	23.05.26	15:46	1	01	2990	2990	00	11020530	0	0	0	0	0	0	0	0
$4	228	13	2	0	0	5240	5240
$1	228	14	1	0	1821	1.00	2190	23.05.26	16:19	1	01	2190	2190	00	10004791	0	0	0	0	0	0	0	0
$1	228	14	2	0	0297	1.00	2490	23.05.26	16:19	1	01	2490	2490	00	800307842750	0	0	0	0	0	0	0	0
$1	228	14	3	0	2024	1.00	1990	23.05.26	16:20	1	01	1990	2490	00	10020241	0	0	0	0	0	0	0	1
$1	228	14	4	0	2024	1.00	1990	23.05.26	16:20	1	01	1990	2490	00	10020241	0	0	0	0	0	0	0	1
$1	228	14	5	0	2024	1.00	1990	23.05.26	16:20	1	01	1990	2490	00	10020241	0	0	0	0	0	0	0	1
$4	228	14	1	0	0	11000	11000
$4	228	14	1	0	1	350	350
$1	228	15	1	0	0790	1.00	7900	23.05.26	16:30	1	01	7900	7900	00	3007907	0	0	0	0	0	0	0	0
$1	228	15	2	0	0499	1.00	3000	23.05.26	16:31	1	01	3000	3000	00	5907502687553	0	0	0	0	0	0	0	0
$1	228	15	3	0	4245	1.00	3450	23.05.26	16:31	2	01	3450	3450	00	10001134	0	0	0	0	0	0	0	0
$4	228	15	2	0	0	14350	14350
$1	228	16	1	0	4657	1.00	3350	23.05.26	16:38	1	01	3350	3350	00	10008522	0	0	0	0	0	0	0	0
$1	228	16	2	0	4712	1.00	3550	23.05.26	16:38	2	01	3550	3550	00	10009055	0	0	0	0	0	0	0	0
$4	228	16	2	0	0	6900	6900
$14	01	23.05.27	09:56	4
$13	00	1	23.05.27	09:56	01	0	0	0	0	0	0	0	0	0	             
$1	229	1	1	0	1211	1.00	550	23.05.27	10:24	2	01	550	550	00	5909994309920	0	0	0	0	0	0	0	0
$4	229	1	2	0	0	550	550
$1	229	2	1	0	1357	1.00	3300	23.05.27	10:48	1	01	3300	3300	00	10005941	0	0	0	0	0	0	0	0
$1	229	2	2	0	1893	1.00	3550	23.05.27	10:50	1	01	3550	3550	00	10006030	0	0	0	0	0	0	0	0
$1	229	2	3	0	3089	1.00	950	23.05.27	10:50	2	01	950	950	00	10009390	0	0	0	0	0	0	0	0
$1	229	2	4	0	3042	1.00	990	23.05.27	10:50	2	01	990	990	00	10009185	0	0	0	0	0	0	0	0
$4	229	2	2	0	0	8790	8790
$1	229	3	1	0	1264	1.00	5990	23.05.27	10:54	1	01	5990	5990	00	10002452	0	0	0	0	0	0	0	0
$1	229	3	2	0	1264	1.00	5990	23.05.27	10:55	1	01	5990	5990	00	10002452	0	0	0	0	0	0	0	0
$4	229	3	2	0	0	11980	11980
$1	229	4	1	0	0297	1.00	1990	23.05.27	10:56	1	01	1990	2490	00	10004340	0	0	0	0	0	0	0	1
$1	229	4	2	0	2024	1.00	1990	23.05.27	10:56	1	01	1990	2490	00	10020241	0	0	0	0	0	0	0	1
$4	229	4	2	0	0	3980	3980
$1	229	5	1	0	1049	1.00	1400	23.05.27	10:57	4	01	1400	1400	00	5905279799110	0	0	0	0	0	0	0	0
$4	229	5	2	0	0	1400	1400
$1	229	6	1	0	1812	1.00	4450	23.05.27	11:00	1	01	4450	4450	00	8018120	0	0	0	0	0	0	0	0
$1	229	6	2	0	4660	1.00	4150	23.05.27	11:00	1	01	4150	4150	00	10008553	0	0	0	0	0	0	0	0
$4	229	6	1	0	0	10000	10000
$4	229	6	1	0	1	1400	1400
$1	229	7	1	0	1232	1.00	490	23.05.27	11:08	2	01	490	490	00	5909990219520	0	0	0	0	0	0	0	0
$1	229	7	2	0	1232	1.00	490	23.05.27	11:08	2	01	490	490	00	5909990219520	0	0	0	0	0	0	0	0
$1	229	7	3	0	1231	1.00	550	23.05.27	11:08	2	01	550	550	00	5909994310469	0	0	0	0	0	0	0	0
$1	229	7	4	0	1154	1.00	550	23.05.27	11:08	2	01	550	550	00	5909994312067	0	0	0	0	0	0	0	0
$1	229	7	5	0	0298	1.00	790	23.05.27	11:08	2	01	790	790	00	10004012	0	0	0	0	0	0	0	0
$4	229	7	1	0	0	10000	10000
$4	229	7	1	0	1	7130	7130
$1	229	8	1	0	2431	1.00	2590	23.05.27	11:37	1	01	2590	2590	00	16024311	0	0	0	0	0	0	0	0
$4	229	8	1	0	0	10000	10000
$4	229	8	1	0	1	7410	7410
$12	229	1	1	0	0489	1.00	4200	23.05.27	11:49	1	01	4200	4200	00	5902249010794	0	0	0	0	0	0	0	0
$12	229	1	2	0	3901	1.00	1090	23.05.27	11:49	1	01	1090	1090	00	28039013	0	0	0	0	0	0	0	0
$1	229	9	1	0	4723	1.00	1250	23.05.27	11:57	1	01	1250	1250	00	10004043	0	0	0	0	0	0	0	0
$4	229	9	1	0	0	1500	1500
$4	229	9	1	0	1	250	250
$12	229	2	1	0	4247	1.00	3000	23.05.27	12:03	1	01	3000	3000	00	5902249015867	0	0	0	0	0	0	0	0
$12	229	2	2	0	0634	1.00	6050	23.05.27	12:16	1	01	6050	6050	00	5902249011395	0	0	0	0	0	0	0	0
$1	229	10	1	0	1068	1.00	650	23.05.27	12:25	2	01	650	650	00	5905279799400	0	0	0	0	0	0	0	0
$4	229	10	2	0	0	650	650
$1	229	11	1	0	4247	1.00	3000	23.05.27	12:28	1	01	3000	3000	00	5902249015867	0	0	0	0	0	0	0	0
$1	229	11	2	0	2053	1.00	2990	23.05.27	12:28	1	01	2990	2990	00	11020530	0	0	0	0	0	0	0	0
$1	229	11	3	0	4469	1.00	1090	23.05.27	12:31	1	01	1090	1090	00	10006344	0	0	0	0	0	0	0	0
$1	229	11	4	0	4574	1.00	1950	23.05.27	12:32	1	01	1950	1950	00	10009369	0	0	0	0	0	0	0	0
$4	229	11	1	0	0	10030	10030
$4	229	11	1	0	1	1000	1000
$1	229	12	1	0	2053	2.00	5980	23.05.27	12:32	1	01	5980	5980	00	11020530	0	0	0	0	0	0	0	0
$1	229	12	2	0	0634	1.00	6050	23.05.27	12:32	1	01	6050	6050	00	5902249011395	0	0	0	0	0	0	0	0
$1	229	12	3	0	2660	1.00	3890	23.05.27	12:32	1	01	3890	3890	00	17026604	0	0	0	0	0	0	0	0
$4	229	12	1	0	0	20000	20000
$4	229	12	1	0	1	4080	4080
$1	229	13	1	0	1719	1.00	4500	23.05.27	12:35	1	01	4500	4500	00	10002896	0	0	0	0	0	0	0	0
$1	229	13	2	0	2053	3.00	8970	23.05.27	12:38	1	01	8970	8970	00	11020530	0	0	0	0	0	0	0	0
$4	229	13	1	0	0	13500	13500
$4	229	13	1	0	1	030	030
$14	01	23.05.27	15:09	4
$13	00	1	23.05.27	15:09	01	0	0	0	0	0	0	0	0	0	             
$14	01	23.05.29	09:35	4
$13	00	1	23.05.29	09:35	01	0	0	0	0	0	0	0	0	0	             
$1	230	1	1	0	0960	1.00	590	23.05.29	10:35	4	01	590	590	00	5905279799608	0	0	0	0	0	0	0	0
$1	230	1	2	0	3337	1.00	2190	23.05.29	10:35	1	01	2190	2190	00	5900168908192	0	0	0	0	0	0	0	0
$1	230	1	3	0	0333	1.00	2150	23.05.29	10:35	1	01	2150	2150	00	5900168907263	0	0	0	0	0	0	0	0
$4	230	1	1	0	0	5000	5000
$4	230	1	1	0	1	070	070
$1	230	2	1	0	1560	1.00	4550	23.05.29	10:38	4	01	4550	4550	00	7015601	0	0	0	0	0	0	0	0
$4	230	2	2	0	0	4550	4550
$1	230	3	1	0	1035	1.00	590	23.05.29	11:28	2	01	590	590	00	5909994310124	0	0	0	0	0	0	0	0
$4	230	3	1	0	0	590	590
$1	230	4	1	0	2285	1.00	2800	23.05.29	11:48	1	01	2800	2800	00	5907502687652	0	0	0	0	0	0	0	0
$1	230	4	2	0	2751	1.00	7550	23.05.29	11:48	1	01	7550	7550	00	35027515	0	0	0	0	0	0	0	0
$4	230	4	2	0	0	10350	10350
$1	230	5	1	0	0031	1.000	2500	23.05.29	12:45	1	01	2500	2500	00		0	0	0	0	0	0	0	0
$4	230	5	1	0	0	2500	2500
$1	230	6	1	0	0031	1.000	10950	23.05.29	13:08	1	01	10950	10950	00		0	0	0	0	0	0	0	0
$4	230	6	2	0	0	10950	10950
$1	230	7	1	0	4508	1.00	450	23.05.29	13:44	2	01	450	450	00	5905279799882	0	0	0	0	0	0	0	0
$1	230	7	2	0	1013	1.00	650	23.05.29	13:45	2	01	650	650	00	5909990628438	0	0	0	0	0	0	0	0
$1	230	7	3	0	1207	1.00	590	23.05.29	13:45	2	01	590	590	00	5909994309821	0	0	0	0	0	0	0	0
$4	230	7	1	0	0	5000	5000
$4	230	7	1	0	1	3310	3310
$1	230	8	1	0	2732	1.00	950	23.05.29	13:49	2	01	950	950	00	10009444	0	0	0	0	0	0	0	0
$1	230	8	2	0	3113	1.00	1000	23.05.29	13:49	2	01	1000	1000	00	10004036	0	0	0	0	0	0	0	0
$1	230	8	3	0	0983	1.00	850	23.05.29	13:49	4	01	850	850	00	5009831	0	0	0	0	0	0	0	0
$1	230	8	4	0	0983	1.00	850	23.05.29	13:50	4	01	850	850	00	5009831	0	0	0	0	0	0	0	0
$4	230	8	1	0	0	4000	4000
$4	230	8	1	0	1	350	350
$1	230	9	1	0	1170	1.00	590	23.05.29	14:34	2	01	590	590	00	5909994311565	0	0	0	0	0	0	0	0
$4	230	9	1	0	0	1000	1000
$4	230	9	1	0	1	410	410
$1	230	10	1	0	3242	1.00	2000	23.05.29	15:02	1	01	2000	2000	00	10003350	0	0	0	0	0	0	0	0
$4	230	10	2	0	0	2000	2000
$14	01	23.05.30	09:28	4
$13	00	1	23.05.30	09:28	01	0	0	0	0	0	0	0	0	0	             
$1	231	1	1	0	3901	2.00	2180	23.05.30	09:57	1	01	2180	2180	00	28039013	0	0	0	0	0	0	0	0
$1	231	1	2	0	4725	1.00	550	23.05.30	09:59	2	01	550	550	00	10003770	0	0	0	0	0	0	0	0
$1	231	1	3	0	4695	1.00	1090	23.05.30	10:00	2	01	1090	1090	00	10008898	0	0	0	0	0	0	0	0
$4	231	1	2	0	0	3820	3820
$1	231	2	1	0	3323	1.00	3550	23.05.30	10:32	1	01	3550	3550	00	22033239	0	0	0	0	0	0	0	0
$1	231	2	2	0	4685	1.00	3550	23.05.30	10:32	1	01	3550	3550	00	10008799	0	0	0	0	0	0	0	0
$4	231	2	2	0	0	7100	7100
$1	231	3	1	0	3900	1.00	4250	23.05.30	10:36	1	01	4250	4250	00	28039006	0	0	0	0	0	0	0	0
$1	231	3	2	0	1825	1.00	2350	23.05.30	10:38	1	01	2350	2350	00	10004777	0	0	0	0	0	0	0	0
$1	231	3	3	0	4582	1.00	2950	23.05.30	10:38	4	01	2950	2950	00	10003879	0	0	0	0	0	0	0	0
$1	231	3	4	0	2350	1.00	790	23.05.30	10:39	1	01	790	790	00	15023506	0	0	0	0	0	0	0	0
$1	231	3	5	0	4152	1.00	4250	23.05.30	10:40	1	01	4250	4250	00	10006863	0	0	0	0	0	0	0	0
$4	231	3	1	0	0	20000	20000
$4	231	3	1	0	1	5410	5410
$1	231	4	1	0	3580	1.00	900	23.05.30	11:02	2	01	900	900	00	10009499	0	0	0	0	0	0	0	0
$1	231	4	2	0	1232	1.00	490	23.05.30	11:02	2	01	490	490	00	5909990219520	0	0	0	0	0	0	0	0
$4	231	4	2	0	0	1390	1390
$1	231	5	1	0	2053	1.00	2990	23.05.30	11:42	1	01	2990	2990	00	11020530	0	0	0	0	0	0	0	0
$4	231	5	1	0	0	4000	4000
$4	231	5	1	0	1	1010	1010
$1	231	6	1	0	0972	2.00	900	23.05.30	12:37	4	01	900	900	00	5009725	0	0	0	0	0	0	0	0
$1	231	6	2	0	3312	1.00	1290	23.05.30	12:37	1	01	1290	1290	00	22033123	0	0	0	0	0	0	0	0
$1	231	6	3	0	3312	1.00	1290	23.05.30	12:37	1	01	1290	1290	00	22033123	0	0	0	0	0	0	0	0
$1	231	6	4	0	3288	1.00	1290	23.05.30	12:37	1	01	1290	1290	00	22032881	0	0	0	0	0	0	0	0
$1	231	6	5	0	1534	1.00	1250	23.05.30	12:43	1	01	1250	1250	00	7015342	0	0	0	0	0	0	0	0
$4	231	6	1	0	0	7000	7000
$4	231	6	1	0	1	980	980
$1	231	7	1	0	0297	1.00	2490	23.05.30	13:09	1	01	2490	2490	00	800307842750	0	0	0	0	0	0	0	0
$1	231	7	2	0	2053	2.00	5980	23.05.30	13:10	1	01	5980	5980	00	11020530	0	0	0	0	0	0	0	0
$4	231	7	2	0	0	8470	8470
$1	231	8	1	0	4621	1.00	1690	23.05.30	13:14	1	01	1690	1690	00	5903760204976	0	0	0	0	0	0	0	0
$4	231	8	2	0	0	1690	1690
$1	231	9	1	0	4675	1.00	6450	23.05.30	13:20	4	01	6450	6450	00	10008690	0	0	0	0	0	0	0	0
$1	231	9	2	0	1055	1.00	990	23.05.30	13:20	4	01	990	990	00	5010554	0	0	0	0	0	0	0	0
$1	231	9	3	0	1232	1.00	490	23.05.30	13:20	2	01	490	490	00	5909990219520	0	0	0	0	0	0	0	0
$4	231	9	1	0	0	10000	10000
$4	231	9	1	0	1	2070	2070
$1	231	10	1	0	3112	1.00	1090	23.05.30	13:47	2	01	1090	1090	00	10004234	0	0	0	0	0	0	0	0
$4	231	10	2	0	0	1090	1090
$1	231	11	1	0	2299	1.00	4750	23.05.30	14:20	1	01	4750	4750	00	5902249011128	0	0	0	0	0	0	0	0
$4	231	11	1	0	0	10000	10000
$4	231	11	1	0	1	5250	5250
$1	231	12	1	0	1028	1.00	1050	23.05.30	14:45	2	01	1050	1050	00	5010288	0	0	0	0	0	0	0	0
$1	231	12	2	0	2053	1.00	2990	23.05.30	14:46	1	01	2990	2990	00	11020530	0	0	0	0	0	0	0	0
$4	231	12	2	0	0	4040	4040
$1	231	13	1	0	4614	1.00	1850	23.05.30	15:03	2	01	1850	1850	00	10008102	0	0	0	0	0	0	0	0
$1	231	13	2	0	1812	1.00	4450	23.05.30	15:04	1	01	4450	4450	00	8018120	0	0	0	0	0	0	0	0
$4	231	13	2	0	0	6300	6300
$1	231	14	1	0	3910	1.00	5750	23.05.30	15:15	1	01	5750	5750	00	28039105	0	0	0	0	0	0	0	0
$4	231	14	2	0	0	5750	5750
$1	231	15	1	0	0973	1.00	490	23.05.30	15:19	2	01	490	490	00	5905279799448	0	0	0	0	0	0	0	0
$1	231	15	2	0	1035	2.00	1180	23.05.30	15:19	2	01	1180	1180	00	5909994310124	0	0	0	0	0	0	0	0
$1	231	15	3	0	1232	1.00	490	23.05.30	15:20	2	01	490	490	00	5909990219520	0	0	0	0	0	0	0	0
$1	231	15	4	0	0980	1.00	650	23.05.30	15:20	2	01	650	650	00	5906365702410	0	0	0	0	0	0	0	0
$1	231	15	5	0	4238	1.00	1190	23.05.30	15:20	4	01	1190	1190	00	10001066	0	0	0	0	0	0	0	0
$4	231	15	2	0	0	4000	4000
$1	231	16	1	0	3042	1.00	990	23.05.30	15:49	2	01	990	990	00	10009185	0	0	0	0	0	0	0	0
$4	231	16	1	0	0	990	990
$1	231	17	1	0	2024	1.00	2490	23.05.30	16:11	1	01	2490	2490	00	10020241	0	0	0	0	0	0	0	0
$4	231	17	1	0	0	10000	10000
$4	231	17	1	0	1	7510	7510
$1	231	18	1	0	1273	1.00	1900	23.05.30	16:14	1	01	1900	1900	00	19309	0	0	0	0	0	0	0	0
$4	231	18	1	0	0	1900	1900
