#1	COM255:1:STX6:1	5	2023.05.17	17:50	OPSpRoz4	WIN 13.32.2020	OPSPROZ4IN.txt	OPSPROZ4OUT.txt
#
#ELZAB Jota online 20000 PLU II gen. ver. 01 (identyfikator odczytany z urzadzenia i pliku ECRTBUF.TXT)
$29	214	8	6412225728	3528
$4	214	8	2	0	0	2590	2590
$1	214	9	1	0	0971	1.00	850	23.05.11	13:41	2	01	850	850	00	5009718	0	0	0	0	0	0	0	0
$4	214	9	2	0	0	850	850
$1	214	10	1	0	2372	1.00	2590	23.05.11	14:22	1	01	2590	2590	00	16023727	0	0	0	0	0	0	0	0
$1	214	10	2	0	2431	1.00	2590	23.05.11	14:22	1	01	2590	2590	00	16024311	0	0	0	0	0	0	0	0
$4	214	10	2	0	0	5180	5180
$1	214	11	1	0	2350	1.00	790	23.05.11	16:06	1	01	790	790	00	15023506	0	0	0	0	0	0	0	0
$4	214	11	1	0	0	2000	2000
$4	214	11	1	0	1	1210	1210
$14	01	23.05.12	09:39	4
$13	00	1	23.05.12	09:39	01	0	0	0	0	0	0	0	0	0	             
$1	215	1	1	0	1736	1.00	3490	23.05.12	10:34	1	01	3490	3490	00	8017369	0	0	0	0	0	0	0	0
$4	215	1	1	0	0	5000	5000
$4	215	1	1	0	1	1510	1510
$1	215	2	1	0	2053	1.00	2990	23.05.12	10:50	1	01	2990	2990	00	11020530	0	0	0	0	0	0	0	0
$4	215	2	1	0	0	5000	5000
$4	215	2	1	0	1	2010	2010
$1	215	3	1	0	1716	1.00	4500	23.05.12	12:06	1	01	4500	4500	00	10002889	0	0	0	0	0	0	0	0
$1	215	3	2	0	4622	1.00	1690	23.05.12	12:06	1	01	1690	1690	00	10008188	0	0	0	0	0	0	0	0
$1	215	3	3	0	1629	1.00	2690	23.05.12	12:06	1	01	2690	2690	00	7016295	0	0	0	0	0	0	0	0
$4	215	3	1	0	0	10000	10000
$4	215	3	1	0	1	1120	1120
$1	215	4	1	0	1055	1.00	990	23.05.12	12:28	4	01	990	990	00	5010554	0	0	0	0	0	0	0	0
$4	215	4	2	0	0	990	990
$1	215	5	1	0	2024	1.00	1990	23.05.12	13:22	1	01	1990	2490	00	10020241	0	0	0	0	0	0	0	1
$1	215	5	2	0	2024	1.00	1990	23.05.12	13:22	1	01	1990	2490	00	10020241	0	0	0	0	0	0	0	1
$1	215	5	3	0	3940	1.00	2250	23.05.12	13:22	1	01	2250	2250	00	8691190763015	0	0	0	0	0	0	0	0
$4	215	5	2	0	0	6230	6230
$1	215	6	1	0	2383	1.00	2750	23.05.12	14:32	1	01	2750	2750	00	16023833	0	0	0	0	0	0	0	0
$4	215	6	1	0	0	3000	3000
$4	215	6	1	0	1	250	250
$12	215	1	1	0	2052	1.00	12950	23.05.12	14:37	1	01	12950	12950	00	11020523	0	0	0	0	0	0	0	0
$12	215	1	2	0	0031	1.000	10950	23.05.12	14:37	1	01	10950	10950	00		0	0	0	0	0	0	0	0
$1	215	7	1	0	0031	1.000	10950	23.05.12	14:38	1	01	10950	10950	00		0	0	0	0	0	0	0	0
$4	215	7	1	0	0	15000	15000
$4	215	7	1	0	1	4050	4050
$1	215	8	1	0	3028	1.00	950	23.05.12	14:38	2	01	950	950	00	10003718	0	0	0	0	0	0	0	0
$4	215	8	1	0	0	2000	2000
$4	215	8	1	0	1	1050	1050
$1	215	9	1	0	2050	1.00	2990	23.05.12	14:49	1	01	2990	2990	00	11020509	0	0	0	0	0	0	0	0
$4	215	9	2	0	0	2990	2990
$1	215	10	1	0	3901	1.00	1090	23.05.12	15:11	1	01	1090	1090	00	28039013	0	0	0	0	0	0	0	0
$4	215	10	1	0	0	1090	1090
$1	215	11	1	0	2788	1.00	8590	23.05.12	15:33	1	01	8590	8590	00	10004524	0	0	0	0	0	0	0	0
$4	215	11	2	0	0	8590	8590
$1	215	12	1	0	3559	1.00	2150	23.05.12	15:39	1	01	2150	2150	00	6013783	0	0	0	0	0	0	0	0
$4	215	12	1	0	0	10000	10000
$4	215	12	1	0	1	7850	7850
$1	215	13	1	0	2383	1.00	2750	23.05.12	15:45	1	01	2750	2750	00	16023833	0	0	0	0	0	0	0	0
$4	215	13	2	0	0	2750	2750
$1	215	14	1	0	2350	3.00	2370	23.05.12	16:09	1	01	2370	2370	00	15023506	0	0	0	0	0	0	0	0
$1	215	14	2	0	1820	1.00	2190	23.05.12	16:09	1	01	2190	2190	00	10004326	0	0	0	0	0	0	0	0
$4	215	14	2	0	0	4560	4560
$1	215	15	1	0	4699	1.00	990	23.05.12	16:11	1	01	990	990	00	10008935	0	0	0	0	0	0	0	0
$4	215	15	2	0	0	990	990
$1	215	16	1	0	1710	1.00	2850	23.05.12	16:33	1	01	2850	2850	00	10003251	0	0	0	0	0	0	0	0
$4	215	16	1	0	0	3000	3000
$4	215	16	1	0	1	150	150
$1	215	17	1	0	1716	1.00	4500	23.05.12	17:06	1	01	4500	4500	00	10002889	0	0	0	0	0	0	0	0
$1	215	17	2	0	4370	1.00	1490	23.05.12	17:06	1	01	1490	1490	00	10002995	0	0	0	0	0	0	0	0
$4	215	17	2	0	0	5990	5990
$14	01	23.05.13	09:55	4
$13	00	1	23.05.13	09:55	01	0	0	0	0	0	0	0	0	0	             
$1	216	1	1	0	0331	1.00	1850	23.05.13	09:55	1	01	1850	1850	00	5900168908130	0	0	0	0	0	0	0	0
$1	216	1	2	0	2341	1.00	2350	23.05.13	09:56	1	01	2350	2350	00	5903760200572	0	0	0	0	0	0	0	0
$1	216	1	3	0	4622	1.00	1690	23.05.13	09:56	1	01	1690	1690	00	5903760204990	0	0	0	0	0	0	0	0
$1	216	1	4	0	2729	1.00	4050	23.05.13	09:56	2	01	4050	4050	00	5904960017397	0	0	0	0	0	0	0	0
$4	216	1	1	0	0	10000	10000
$4	216	1	1	0	1	060	060
$1	216	2	1	0	0008	1.000	2000	23.05.13	10:16	1	01	2000	2000	00		0	0	0	0	0	0	0	0
$4	216	2	1	0	0	2000	2000
$1	216	3	1	0	2285	2.00	5600	23.05.13	10:23	1	01	5600	5600	00	5907502687652	0	0	0	0	0	0	0	0
$4	216	3	2	0	0	5600	5600
$1	216	4	1	0	1175	2.00	1700	23.05.13	11:02	2	01	1700	1700	00	5909994308626	0	0	0	0	0	0	0	0
$1	216	4	2	0	0843	1.00	800	23.05.13	11:02	2	01	800	800	00	10003589	0	0	0	0	0	0	0	0
$4	216	4	1	0	0	4000	4000
$4	216	4	1	0	1	1500	1500
$1	216	5	1	0	2898	1.00	14700	23.05.13	11:06	1	01	14700	14700	00	6412600837582	0	0	0	0	0	0	0	0
$4	216	5	2	0	0	14700	14700
$1	216	6	1	0	1191	2.00	1100	23.05.13	11:35	2	01	1100	1100	00	5909990628490	0	0	0	0	0	0	0	0
$4	216	6	2	0	0	1100	1100
$1	216	7	1	0	2053	1.00	2990	23.05.13	11:43	1	01	2990	2990	00	11020530	0	0	0	0	0	0	0	0
$4	216	7	2	0	0	2990	2990
$1	216	8	1	0	2009	1.00	3450	23.05.13	12:34	1	01	3450	3450	00	680275060864	0	0	0	0	0	0	0	0
$4	216	8	2	0	0	3450	3450
$1	216	9	1	0	1040	5.00	2750	23.05.13	12:49	2	01	2750	2750	00	5906365702847	0	0	0	0	0	0	0	0
$4	216	9	1	0	0	3000	3000
$4	216	9	1	0	1	250	250
$14	01	23.05.13	13:52	4
$13	00	1	23.05.13	13:52	01	0	0	0	0	0	0	0	0	0	             
$14	01	23.05.15	09:33	4
$13	00	1	23.05.15	09:33	01	0	0	0	0	0	0	0	0	0	             
$1	217	1	1	0	1826	1.00	3190	23.05.15	12:06	1	01	3190	3190	00	8018267	0	0	0	0	0	0	0	0
$1	217	1	2	0	1843	1.00	2650	23.05.15	12:06	1	01	2650	2650	00	10004807	0	0	0	0	0	0	0	0
$4	217	1	2	0	0	5840	5840
$1	217	2	1	0	3089	1.00	950	23.05.15	12:09	2	01	950	950	00	10009390	0	0	0	0	0	0	0	0
$4	217	2	2	0	0	950	950
$1	217	3	1	0	0971	1.00	850	23.05.15	13:30	2	01	850	850	00	5009718	0	0	0	0	0	0	0	0
$4	217	3	2	0	0	850	850
$1	217	4	1	0	0031	1.000	2600	23.05.15	15:45	1	01	2600	2600	00		0	0	0	0	0	0	0	0
$4	217	4	1	0	0	2600	2600
$1	217	5	1	0	4194	1.00	550	23.05.15	15:47	1	01	550	550	00	8691190643379	0	0	0	0	0	0	0	0
$4	217	5	1	0	0	550	550
$12	217	1	1	0	1000	1.00	650	23.05.15	16:04	2	01	650	650	00	5906365702922	0	0	0	0	0	0	0	0
$12	217	1	2	0	1017	1.00	650	23.05.15	16:04	2	01	650	650	00	5907752643361	0	0	0	0	0	0	0	0
$12	217	1	3	0	0982	1.00	590	23.05.15	16:04	2	01	590	590	00	5907752643385	0	0	0	0	0	0	0	0
$1	217	6	1	0	0982	1.00	590	23.05.15	16:06	2	01	590	590	00	5907752643385	0	0	0	0	0	0	0	0
$1	217	6	2	0	1000	1.00	650	23.05.15	16:06	2	01	650	650	00	5906365702922	0	0	0	0	0	0	0	0
$1	217	6	3	0	1170	1.00	590	23.05.15	16:06	2	01	590	590	00	5909994311565	0	0	0	0	0	0	0	0
$1	217	6	4	0	1088	1.00	1190	23.05.15	16:06	4	01	1190	1190	00	5010882	0	0	0	0	0	0	0	0
$1	217	6	5	0	2350	2.00	1580	23.05.15	16:06	1	01	1580	1580	00	15023506	0	0	0	0	0	0	0	0
$4	217	6	1	0	0	4600	4600
$1	217	7	1	0	2326	1.00	475	23.05.15	16:51	2	01	475	950	00	5903246864519	0	0	0	0	0	0	0	1
$4	217	7	1	0	0	475	475
$14	01	23.05.16	09:40	4
$13	00	1	23.05.16	09:43	01	0	0	0	0	0	0	0	0	0	             
$1	218	1	1	0	3024	1.00	650	23.05.16	09:44	2	01	650	650	00	10003695	0	0	0	0	0	0	0	0
$1	218	1	2	0	1587	1.00	1650	23.05.16	09:45	1	01	1650	1650	00	7015878	0	0	0	0	0	0	0	0
$1	218	1	3	0	3589	1.00	1550	23.05.16	09:45	2	01	1550	1550	00	10003701	0	0	0	0	0	0	0	0
$4	218	1	2	0	0	3850	3850
$1	218	2	1	0	4600	1.00	5990	23.05.16	10:01	1	01	5990	5990	00	5903641982580	0	0	0	0	0	0	0	0
$1	218	2	2	0	4370	1.00	1490	23.05.16	10:02	1	01	1490	1490	00	5907688710724	0	0	0	0	0	0	0	0
$4	218	2	2	0	0	7480	7480
$1	218	3	1	0	2053	1.00	2990	23.05.16	10:11	1	01	2990	2990	00	11020530	0	0	0	0	0	0	0	0
$4	218	3	1	0	0	10000	10000
$4	218	3	1	0	1	7010	7010
$1	218	4	1	0	1162	1.00	500	23.05.16	12:16	2	01	500	500	00	5909994311763	0	0	0	0	0	0	0	0
$1	218	4	2	0	1097	4.00	2200	23.05.16	12:16	2	01	2200	2200	00	5909994310568	0	0	0	0	0	0	0	0
$4	218	4	1	0	0	2700	2700
$1	218	5	1	0	3322	1.00	3550	23.05.16	12:50	1	01	3550	3550	00	22033222	0	0	0	0	0	0	0	0
$4	218	5	1	0	0	5000	5000
$4	218	5	1	0	1	1450	1450
$1	218	6	1	0	1605	1.00	1050	23.05.16	12:51	1	01	1050	1050	00	7016059	0	0	0	0	0	0	0	0
$4	218	6	1	0	0	1050	1050
$1	218	7	1	0	0987	1.00	950	23.05.16	13:17	1	01	950	950	00	5906365702427	0	0	0	0	0	0	0	0
$4	218	7	2	0	0	950	950
$1	218	8	1	0	2024	1.00	1990	23.05.16	13:31	1	01	1990	2490	00	10020241	0	0	0	0	0	0	0	1
$1	218	8	2	0	2024	1.00	1990	23.05.16	13:32	1	01	1990	2490	00	10020241	0	0	0	0	0	0	0	1
$4	218	8	1	0	0	10000	10000
$4	218	8	1	0	1	6020	6020
$1	218	9	1	0	4061	1.00	4990	23.05.16	13:49	1	01	4990	4990	00	27040614	0	0	0	0	0	0	0	0
$1	218	9	2	0	2596	1.00	1350	23.05.16	13:49	1	01	1350	1350	00	17025966	0	0	0	0	0	0	0	0
$4	218	9	2	0	0	6340	6340
$1	218	10	1	0	4671	1.00	2990	23.05.16	13:52	1	01	2990	2990	00	5907688710960	0	0	0	0	0	0	0	0
$4	218	10	2	0	0	2990	2990
$1	218	11	1	0	3252	1.00	1290	23.05.16	14:39	1	01	1290	1290	00	22032522	0	0	0	0	0	0	0	0
$4	218	11	2	0	0	1290	1290
$1	218	12	1	0	1017	3.00	1950	23.05.16	15:00	2	01	1950	1950	00	5907752643361	0	0	0	0	0	0	0	0
$4	218	12	2	0	0	1950	1950
$1	218	13	1	0	2024	1.00	2490	23.05.16	15:06	1	01	2490	2490	00	10020241	0	0	0	0	0	0	0	0
$4	218	13	1	0	0	2490	2490
$1	218	14	1	0	3090	1.00	900	23.05.16	15:13	2	01	900	900	00	10003886	0	0	0	0	0	0	0	0
$4	218	14	2	0	0	900	900
$1	218	15	1	0	1513	1.00	2190	23.05.16	15:25	4	01	2190	2190	00	7015137	0	0	0	0	0	0	0	0
$4	218	15	2	0	0	2190	2190
$1	218	16	1	0	3128	1.00	1050	23.05.16	16:59	2	01	1050	1050	00	10009512	0	0	0	0	0	0	0	0
$1	218	16	2	0	3903	1.00	2590	23.05.16	16:59	1	01	2590	2590	00	28039037	0	0	0	0	0	0	0	0
$1	218	16	3	0	3901	1.00	1090	23.05.16	16:59	1	01	1090	1090	00	28039013	0	0	0	0	0	0	0	0
$1	218	16	4	0	2053	1.00	2990	23.05.16	17:02	1	01	2990	2990	00	11020530	0	0	0	0	0	0	0	0
$4	218	16	2	0	0	7720	7720
$1	218	17	1	0	0983	1.00	425	23.05.16	17:07	4	01	425	850	00	5009831	0	0	0	0	0	0	0	1
$1	218	17	2	0	0993	1.00	295	23.05.16	17:08	2	01	295	590	00	5009930	0	0	0	0	0	0	0	1
$1	218	17	3	0	3090	1.00	450	23.05.16	17:08	2	01	450	900	00	10003886	0	0	0	0	0	0	0	1
$1	218	17	4	0	2596	1.00	675	23.05.16	17:08	1	01	675	1350	00	17025966	0	0	0	0	0	0	0	1
$4	218	17	1	0	0	1845	1845
$1	218	18	1	0	1196	1.00	350	23.05.16	17:16	2	01	700	700	00	5909990468324	0	1	0	0	0	0	0	0
$1	218	18	2	0	0991	1.00	275	23.05.16	17:17	4	01	550	550	00	5906365702298	0	1	0	0	0	0	0	0
$4	218	18	1	0	0	625	625
$1	219	1	1	0	2350	2.00	1580	23.05.17	09:34	1	01	1580	1580	00	15023506	0	0	0	0	0	0	0	0
$4	219	1	1	0	0	1580	1580
$1	219	2	1	0	1560	1.00	4550	23.05.17	09:42	4	01	4550	4550	00	7015601	0	0	0	0	0	0	0	0
$4	219	2	1	0	0	4550	4550
$1	219	3	1	0	3901	2.00	2180	23.05.17	11:51	1	01	2180	2180	00	28039013	0	0	0	0	0	0	0	0
$4	219	3	1	0	0	2500	2500
$4	219	3	1	0	1	320	320
$1	219	4	1	0	1716	1.00	4500	23.05.17	12:27	1	01	4500	4500	00	10002889	0	0	0	0	0	0	0	0
$4	219	4	1	0	0	4500	4500
$1	219	5	1	0	2053	1.00	2990	23.05.17	13:08	1	01	2990	2990	00	11020530	0	0	0	0	0	0	0	0
$4	219	5	1	0	0	5000	5000
$4	219	5	1	0	1	2010	2010
$1	219	6	1	0	4232	1.00	1290	23.05.17	13:12	1	01	1290	1290	00	18128	0	0	0	0	0	0	0	0
$4	219	6	1	0	0	1290	1290
$1	219	7	1	0	3300	1.00	1050	23.05.17	13:22	1	01	1050	1050	00	22033000	0	0	0	0	0	0	0	0
$1	219	7	2	0	4168	1.00	2150	23.05.17	13:24	2	01	2150	2150	00	10000991	0	0	0	0	0	0	0	0
$4	219	7	1	0	0	3200	3200
$1	219	8	1	0	1716	1.00	4500	23.05.17	15:06	1	01	4500	4500	00	10002889	0	0	0	0	0	0	0	0
$4	219	8	1	0	0	4500	4500
$1	219	9	1	0	1215	3.00	2070	23.05.17	16:41	2	01	2070	2070	00	5909994311213	0	0	0	0	0	0	0	0
$4	219	9	1	0	0	2070	2070
$14	01	23.05.17	17:32	4
$13	00	1	23.05.17	17:32	01	0	0	0	0	0	0	0	0	0	             
$12	219	1	1	0	0001	1.000	100	23.05.17	17:34	1	01	100	100	00		0	0	0	0	0	0	0	0
$14	01	23.05.17	17:39	4
$13	00	1	23.05.17	17:39	01	0	0	0	0	0	0	0	0	0	             
