#1
#1
#1
$3538	1472/ART-170/2 Kubek              	1	1	2	1	0	5907154922576	6490	0
$3545	1599/D-964/2 Kubek                	1	1	2	1	0	5907155863113	3650	0
$696	1599/D-962/1 Kubek                	1	1	2	1	0	5907155856733	3950	0
$3358	1014/A-992A/3 Talerz              	1	1	2	1	0	5907156666768	7390	0
$3359	1080710/D-1320/2 Filizanka Spod   	1	1	2	1	0	5907157769659	4450	0
$3360	1105/D-OK112/2 Kubek              	1	1	2	1	0	5907157007980	3690	0
$3361	1105/DU-OK124/2 Kubek             	1	1	2	1	0	5907157240011	3850	0
$3362	1193/A-1179/1 Kubek               	1	1	2	1	0	5907156800339	3990	0
$3363	1195/A-297A/2 Kubek               	1	1	2	1	0	5907154883815	4950	0
$3364	1353S1353P/A-226A/3 Imbryk zPok.  	1	1	2	1	0	5907156141456	8990	0
$3365	1472/A-1154A/1 Kubek              	1	1	2	1	0	5907156430468	4650	0
$3366	1472/D-1115/1 Kubek               	1	1	2	1	0	5907156099702	3990	0
$3367	1472/D-1123/1 Kubek               	1	1	2	1	0	5907157094102	3990	0
$3368	1472/D-1127/1 Kubek               	1	1	2	1	0	5907156561568	3990	0
$3369	1472/D-1127/2 Kubek               	1	1	2	1	0	5907156561575	3950	0
$3370	1472/D-453/1 Kubek                	1	1	2	1	0	5907155443872	3990	0
$3371	1472/D-61/1 Kubek                 	1	1	2	1	0	5907157092245	3850	0
$3372	1472/D-888/1 Kubek                	1	1	2	1	0	5907155933175	3850	0
$3373	1472/DU-144/2 Kubek               	1	1	2	1	0	5907155938187	4950	0
$3374	1472/DU-155/1 Kubek               	1	1	2	1	0	5907156217632	5290	0
$3375	1518A/D-1090/1 Miska              	1	1	2	1	0	5907156291502	4450	0
$3376	1599/A-243A/3 Kubek               	1	1	2	1	0	5907156148240	3950	0
$3377	1877/A-215A/2 Kubek               	1	1	2	1	0	5907156723508	4690	0
$3378	1951A/DU-230/3 Miseczka           	1	1	2	1	0	5907157867973	3990	0
$3379	1951A/DU-246/3 Miseczka           	1	1	2	1	0	5907157867379	4190	0
$3380	597S597P/A-168A/3 Czajnik Pok.    	1	1	2	1	0	5907157813628	11190	0
$3381	597S597P/D-922/3 Czajnik Pok.     	1	1	2	1	0	5907157862664	11050	0
$3382	775836/A-243A/1 Filizanka Spod.   	1	1	2	1	0	5907156939831	5750	0
$3383	864S864P/D-809/2 Czajnik z Pokrywa	1	1	2	1	0	5907155523680	5990	0
$3384	872/D-964/1 Kubek                 	1	1	2	1	0	5907155864400	3150	0
$3385	903/D-149/1 Kubek                 	1	1	2	1	0	5907155291152	3890	0
$3386	910/A-1179/3 Kubek                	1	1	2	1	0	5907156656677	5350	0
$3387	910/D-82/2 Kubek                  	1	1	2	1	0	5907154185018	3950	0
$3388	911/A-1109A/1 Kubek               	1	1	2	1	0	5907157100599	4950	0
$3389	911/A-1154A/2 Kubek               	1	1	2	1	0	5907156585717	4650	0
$3444	912/ART-214/3 Kubek               	1	1	2	1	0	5907156304455	5190	0
$3445	912/D-46/2 Kubek                  	1	1	2	1	0	5907154260395	3390	0
$3446	912/D-963/1 Kubek                 	1	1	2	1	0	5907155602750	3590	0
$3447	912/DU-116/2 Kubek                	1	1	2	1	0	5907155529507	4450	0
$3448	912/DU-230/3 Kubek                	1	1	2	1	0	5907157374310	4290	0
$3449	912/DU-246/3 Kubek                	1	1	2	1	0	5907157867225	4250	0
