#1	COM12:57600:MUX0:1	3	2021.10.18	20:10	OPSpRoz4	WIN 13.32.2020	OPSPROZ4IN.txt	OPSPROZ4OUT.txt
#
#Jota E 4095 PLU II gen. ver. 01 (identyfikator odczytany z urzadzenia i pliku ECRTBUF.TXT)
$1	1543	1758	1	0	1183	1.00	590	21.09.18	09:52	2	30	590	590	00	5909990628414	0	0	0	0	0	0	0	0
$1	1543	1758	2	0	1249	1.00	750	21.09.18	09:52	2	30	750	750	00	5909994310667	0	0	0	0	0	0	0	0
$1	1543	1759	1	0	1818	1.00	3190	21.09.18	09:56	1	30	3190	3190	00	0000008018182	0	0	0	0	0	0	0	0
$1	1543	1760	1	0	3159	1.00	3190	21.09.18	09:59	1	30	3190	3190	00	5701278310406	0	0	0	0	0	0	0	0
$1	1543	1761	1	0	2411	1.00	13	21.09.18	10:02	1	30	1250	1250	00	0000016024113	0	1	0	0	0	0	0	0
$1	1543	1761	2	0	2069	1.00	27	21.09.18	10:02	1	30	2690	2690	00	0000012020690	0	1	0	0	0	0	0	0
$1	1543	1762	1	0	0862	1.00	4590	21.09.18	10:55	1	30	4590	4590	00	5906395235285	0	0	0	0	0	0	0	0
$1	1543	1762	2	0	0873	1.00	3090	21.09.18	10:55	1	30	3090	3090	00	0000004008736	0	0	0	0	0	0	0	0
$1	1543	1762	3	0	1503	1.00	2250	21.09.18	10:55	3	30	2250	2250	00	5907804205196	0	0	0	0	0	0	0	0
$1	1543	1762	4	0	2490	1.00	550	21.09.18	10:55	2	30	550	550	00	5902741001412	0	0	0	0	0	0	0	0
$1	1543	1762	5	0	2489	1.00	490	21.09.18	10:55	2	30	490	490	00	5902741001269	0	0	0	0	0	0	0	0
$1	1543	1762	6	0	1339	1.00	990	21.09.18	10:55	3	30	990	990	00	0000006013394	0	0	0	0	0	0	0	0
$12	1543	1	1	0	0623	1.00	2090	21.09.18	10:57	1	30	2090	2090	00	5902249011289	0	0	0	0	0	0	0	0
$1	1543	1764	1	0	0647	1.00	3090	21.09.18	11:04	1	30	3090	3090	00	5902249012125	0	0	0	0	0	0	0	0
$1	1543	1764	2	0	1969	1.00	1750	21.09.18	11:04	2	30	1750	1750	00	0000009019690	0	0	0	0	0	0	0	0
$1	1543	1764	3	0	0093	1.000	1790	21.09.18	11:04	3	30	1790	1790	00	0000000000000	0	0	0	0	0	0	0	0
$1	1543	1764	4	0	1289	1.00	2400	21.09.18	11:04	3	30	2400	2400	00	0000006012892	0	0	0	0	0	0	0	0
$1	1543	1764	5	0	2015	1.00	4690	21.09.18	11:04	1	30	4690	4690	00	0680275058281	0	0	0	0	0	0	0	0
$1	1543	1765	1	0	0834	1.00	5950	21.09.18	11:22	1	30	5950	5950	00	5907154535660	0	0	0	0	0	0	0	0
$1	1543	1765	2	0	3225	1.00	4350	21.09.18	11:22	1	30	4350	4350	00	0000024032254	0	0	0	0	0	0	0	0
$1	1543	1765	3	0	2350	1.00	650	21.09.18	11:22	1	30	650	650	00	0000015023506	0	0	0	0	0	0	0	0
$1	1543	1765	4	0	2336	1.00	2990	21.09.18	11:22	1	30	2990	2990	00	5038580087642	0	0	0	0	0	0	0	0
$1	1543	1765	5	0	3901	2.00	1900	21.09.18	11:22	1	30	1900	1900	00	0000028039013	0	0	0	0	0	0	0	0
$1	1543	1765	6	0	2350	1.00	650	21.09.18	11:22	1	30	650	650	00	0000015023506	0	0	0	0	0	0	0	0
$1	1543	1765	7	0	0628	1.00	690	21.09.18	11:22	1	30	690	690	00	5902249011326	0	0	0	0	0	0	0	0
$1	1543	1766	1	0	2350	3.00	1950	21.09.18	11:24	1	30	1950	1950	00	0000015023506	0	0	0	0	0	0	0	0
$1	1543	1766	2	0	2350	1.00	650	21.09.18	11:24	1	30	650	650	00	0000015023506	0	0	0	0	0	0	0	0
$1	1543	1767	1	0	1185	1.00	450	21.09.18	11:26	2	30	450	450	00	5909990628391	0	0	0	0	0	0	0	0
$1	1543	1768	1	0	2447	1.00	3090	21.09.18	11:36	1	30	3090	3090	00	5902249015157	0	0	0	0	0	0	0	0
$1	1543	1768	2	0	0538	1.00	2190	21.09.18	11:36	1	30	2190	2190	00	5902249010077	0	0	0	0	0	0	0	0
$1	1543	1769	1	0	0002	1.000	890	21.09.18	11:53	1	30	890	890	00	0000000000000	0	0	0	0	0	0	0	0
$1	1543	1769	2	0	2938	1.00	4490	21.09.18	11:53	1	30	4490	4490	00	0000024029384	0	0	0	0	0	0	0	0
$1	1543	1770	1	0	2648	1.00	1550	21.09.18	12:37	2	30	1550	1550	00	0000017026482	0	0	0	0	0	0	0	0
$1	1543	1771	1	0	2040	1.00	2890	21.09.18	13:05	1	30	2890	2890	00	0000016020405	0	0	0	0	0	0	0	0
$1	1543	1772	1	0	3906	1.00	3850	21.09.18	13:17	1	30	3850	3850	00	0000028039068	0	0	0	0	0	0	0	0
$1	1544	1776	1	0	1529	1.00	5590	21.09.21	09:57	3	30	5590	5590	00	0000007015298	0	0	0	0	0	0	0	0
$1	1544	1777	1	0	0038	1.000	2550	21.09.21	10:23	1	30	2550	2550	00	0000000000000	0	0	0	0	0	0	0	0
$10	1544	1777	1	0	0608	1.00	850	21.09.21	10:23	1	30	850	850	00	5902249011050	0	0	0	0	0	0	0	0
$1	1544	1777	2	0	0038	1.000	160	21.09.21	10:23	1	30	160	160	00	0000000000000	0	0	0	0	0	0	0	0
$1	1544	1778	1	0	3901	1.00	950	21.09.21	10:36	1	30	950	950	00	0000028039013	0	0	0	0	0	0	0	0
$1	1544	1778	2	0	3901	1.00	950	21.09.21	10:36	1	30	950	950	00	0000028039013	0	0	0	0	0	0	0	0
$1	1544	1779	1	0	0895	1.00	3890	21.09.21	10:59	1	30	3890	3890	00	0000004008958	0	0	0	0	0	0	0	0
$1	1544	1780	1	0	2024	2.00	3980	21.09.21	11:00	1	30	3980	4980	00	0000010020241	0	0	0	0	0	0	0	1
$1	1544	1781	1	0	0702	1.00	2150	21.09.21	11:07	1	30	2150	2150	00	0000003007020	0	0	0	0	0	0	0	0
$1	1544	1781	2	0	2448	1.00	7390	21.09.21	11:07	1	30	7390	7390	00	5902249015164	0	0	0	0	0	0	0	0
$1	1544	1782	1	0	2307	1.00	3750	21.09.21	11:41	1	30	3750	3750	00	0000014023071	0	0	0	0	0	0	0	0
$1	1544	1782	2	0	2272	1.00	4390	21.09.21	11:41	1	30	4390	4390	00	0000014022722	0	0	0	0	0	0	0	0
$1	1544	1782	3	0	3349	1.00	2990	21.09.21	11:41	1	30	2990	2990	00	0000012033492	0	0	0	0	0	0	0	0
$1	1544	1782	4	0	3268	1.00	1950	21.09.21	11:41	1	30	1950	1950	00	0000014032684	0	0	0	0	0	0	0	0
$1	1544	1782	5	0	2063	1.00	2350	21.09.21	11:41	1	30	2350	2350	00	0000012020638	0	0	0	0	0	0	0	0
$1	1544	1782	6	0	2814	1.00	6990	21.09.21	11:41	1	30	6990	6990	00	0000018028140	0	0	0	0	0	0	0	0
$1	1544	1782	7	0	0644	1.00	3090	21.09.21	11:41	1	30	3090	3090	00	5902249012088	0	0	0	0	0	0	0	0
$1	1544	1783	1	0	0726	1.00	5900	21.09.21	11:45	1	30	5900	5900	00	0000003007266	0	0	0	0	0	0	0	0
$1	1544	1783	2	0	3782	1.00	1350	21.09.21	11:45	1	30	1350	1350	00	0000025037821	0	0	0	0	0	0	0	0
$1	1544	1783	3	0	0732	1.00	3200	21.09.21	11:45	1	30	3200	3200	00	0000003007327	0	0	0	0	0	0	0	0
$1	1544	1783	4	0	3202	1.00	290	21.09.21	11:45	1	30	290	290	00	5900116074474	0	0	0	0	0	0	0	0
$1	1544	1784	1	0	0002	1.000	560	21.09.21	12:07	1	30	560	560	00	0000000000000	0	0	0	0	0	0	0	0
$1	1544	1785	1	0	0994	1.00	450	21.09.21	12:14	2	30	450	450	00	5906365702854	0	0	0	0	0	0	0	0
$1	1544	1785	2	0	1170	1.00	450	21.09.21	12:14	2	30	450	450	00	0000005011704	0	0	0	0	0	0	0	0
$1	1544	1785	3	0	1081	1.00	450	21.09.21	12:14	3	30	450	450	00	5906365702816	0	0	0	0	0	0	0	0
$1	1544	1785	4	0	1206	1.00	490	21.09.21	12:14	2	30	490	490	00	5909990903115	0	0	0	0	0	0	0	0
$1	1544	1785	5	0	1173	1.00	450	21.09.21	12:14	2	30	450	450	00	5909990468225	0	0	0	0	0	0	0	0
$1	1544	1786	1	0	0731	1.00	4150	21.09.21	12:25	1	30	4150	4150	00	0000003007310	0	0	0	0	0	0	0	0
$1	1544	1787	1	0	2983	1.00	2690	21.09.21	13:09	2	30	2690	2690	00	5908230845055	0	0	0	0	0	0	0	0
$1	1544	1787	2	0	1232	1.00	400	21.09.21	13:09	2	30	400	400	00	5909990219520	0	0	0	0	0	0	0	0
$1	1544	1788	1	0	1751	1.00	4550	21.09.21	13:18	1	30	4550	4550	00	0000008017512	0	0	0	0	0	0	0	0
$1	1544	1789	1	0	2009	1.00	2950	21.09.21	13:34	1	30	2950	2950	00	0000009020092	0	0	0	0	0	0	0	0
$1	1544	1789	2	0	0094	1.000	1190	21.09.21	13:34	2	30	1190	1190	00	0000000000000	0	0	0	0	0	0	0	0
$1	1544	1789	3	0	0225	1.000	200	21.09.21	13:34	1	30	200	200	00	0000000000000	0	0	0	0	0	0	0	0
$1	1544	1790	1	0	2448	1.00	7390	21.09.21	13:47	1	30	7390	7390	00	5902249015164	0	0	0	0	0	0	0	0
$1	1544	1790	2	0	2350	3.00	1950	21.09.21	13:47	1	30	1950	1950	00	0000015023506	0	0	0	0	0	0	0	0
$1	1544	1790	3	0	2053	1.00	2550	21.09.21	13:47	1	30	2550	2550	00	0000011020530	0	0	0	0	0	0	0	0
$1	1544	1791	1	0	3722	1.00	790	21.09.21	13:59	1	30	790	790	00	0000025037227	0	0	0	0	0	0	0	0
$1	1544	1792	1	0	3999	1.00	2750	21.09.21	14:07	1	30	2750	2750	00	0000031039994	0	0	0	0	0	0	0	0
$1	1544	1793	1	0	0227	7.000	4830	21.09.21	14:39	1	30	4830	4830	00	0000000000000	0	0	0	0	0	0	0	0
$1	1544	1793	2	0	3352	1.00	950	21.09.21	14:39	1	30	950	950	00	0000004033523	0	0	0	0	0	0	0	0
$1	1544	1793	3	0	3354	1.00	950	21.09.21	14:39	1	30	950	950	00	0000004033547	0	0	0	0	0	0	0	0
$1	1544	1793	4	0	3353	1.00	950	21.09.21	14:39	1	30	950	950	00	0000004033530	0	0	0	0	0	0	0	0
$1	1544	1793	5	0	0041	2.000	1040	21.09.21	14:39	1	30	1040	1040	00	0000000000000	0	0	0	0	0	0	0	0
$1	1544	1793	6	0	2298	1.00	4850	21.09.21	14:39	1	30	4850	4850	00	0000014022982	0	0	0	0	0	0	0	0
$1	1544	1794	1	0	0016	2.000	6380	21.09.21	14:50	1	30	6380	6380	00	0000000000000	0	0	0	0	0	0	0	0
$1	1544	1794	2	0	0016	2.000	5380	21.09.21	14:50	1	30	5380	5380	00	0000000000000	0	0	0	0	0	0	0	0
$1	1544	1794	3	0	2129	1.00	1290	21.09.21	14:50	1	30	1290	1290	00	0000013021290	0	0	0	0	0	0	0	0
$1	1544	1794	4	0	2138	1.00	1150	21.09.21	14:50	1	30	1150	1150	00	5901887000136	0	0	0	0	0	0	0	0
$1	1544	1794	5	0	0038	1.000	780	21.09.21	14:50	1	30	780	780	00	0000000000000	0	0	0	0	0	0	0	0
$1	1544	1794	6	0	0038	1.000	1890	21.09.21	14:50	1	30	1890	1890	00	0000000000000	0	0	0	0	0	0	0	0
$1	1544	1794	7	0	0038	1.000	890	21.09.21	14:50	1	30	890	890	00	0000000000000	0	0	0	0	0	0	0	0
$1	1544	1794	8	0	0038	1.000	1140	21.09.21	14:50	1	30	1140	1140	00	0000000000000	0	0	0	0	0	0	0	0
$1	1544	1794	9	0	0225	3.000	300	21.09.21	14:50	1	30	300	300	00	0000000000000	0	0	0	0	0	0	0	0
$1	1544	1795	1	0	2350	2.00	1300	21.09.21	14:54	1	30	1300	1300	00	0000015023506	0	0	0	0	0	0	0	0
$1	1544	1796	1	0	4060	1.00	6950	21.09.21	14:56	2	30	6950	6950	00	0000027040607	0	0	0	0	0	0	0	0
$1	1544	1797	1	0	0604	1.00	3750	21.09.21	16:24	1	30	3750	3750	00	5902249011081	0	0	0	0	0	0	0	0
$1	1544	1798	1	0	2053	1.00	2550	21.09.21	16:28	1	30	2550	2550	00	0000011020530	0	0	0	0	0	0	0	0
$1	1544	1799	1	0	0778	1.00	3900	21.09.21	16:33	1	30	3900	3900	00	0000003007785	0	0	0	0	0	0	0	0
$1	1544	1799	2	0	0711	1.00	6450	21.09.21	16:33	1	30	6450	6450	00	0000003007112	0	0	0	0	0	0	0	0
$1	1544	1800	1	0	0713	1.00	2150	21.09.21	16:36	1	30	2150	2150	00	0000003007136	0	0	0	0	0	0	0	0
$1	1545	1805	1	0	0082	1.000	690	21.09.22	10:03	1	30	690	690	00	0000000000000	0	0	0	0	0	0	0	0
$1	1545	1805	2	0	0082	1.000	690	21.09.22	10:03	1	30	690	690	00	0000000000000	0	0	0	0	0	0	0	0
$1	1545	1806	1	0	0002	1.000	810	21.09.22	10:38	1	30	810	810	00	0000000000000	0	0	0	0	0	0	0	0
$12	1545	1	1	0	3463	1.00	10073	21.09.22	10:54	1	30	10073	11850	00	0000024034630	0	0	0	0	0	0	0	1
$1	1545	1808	1	0	3463	1.00	9954	21.09.22	10:55	1	30	9954	11850	00	0000024034630	0	0	0	0	0	0	0	1
$1	1545	1808	2	0	3450	1.00	5690	21.09.22	10:55	1	30	5690	5690	00	0000024034500	0	0	0	0	0	0	0	0
$1	1545	1809	1	0	2350	1.00	650	21.09.22	11:17	1	30	650	650	00	0000015023506	0	0	0	0	0	0	0	0
$1	1545	1810	1	0	3992	1.00	396	21.09.22	12:00	1	30	990	1090	00	0000031039925	0	1	0	0	0	0	0	1
$1	1545	1811	1	0	3901	1.00	950	21.09.22	12:12	1	30	950	950	00	0000028039013	0	0	0	0	0	0	0	0
$1	1545	1812	1	0	1879	1.00	990	21.09.22	12:15	1	30	990	1490	00	0000008018793	0	0	0	0	0	0	0	1
$1	1545	1813	1	0	1172	1.00	450	21.09.22	12:32	2	30	450	450	00	5909994308725	0	0	0	0	0	0	0	0
$1	1545	1814	1	0	0608	1.00	850	21.09.22	12:57	1	30	850	850	00	5902249011050	0	0	0	0	0	0	0	0
$1	1545	1814	2	0	0570	1.00	690	21.09.22	12:57	1	30	690	690	00	5902249010503	0	0	0	0	0	0	0	0
$1	1545	1815	1	0	0645	1.00	3090	21.09.22	13:07	1	30	3090	3090	00	5902249012095	0	0	0	0	0	0	0	0
$1	1545	1815	2	0	0734	1.00	4750	21.09.22	13:07	1	30	4750	4750	00	0000003007341	0	0	0	0	0	0	0	0
$1	1545	1815	3	0	3340	1.00	1990	21.09.22	13:07	1	30	1990	1990	00	5902249015836	0	0	0	0	0	0	0	0
$1	1545	1815	4	0	3158	1.00	3450	21.09.22	13:07	1	30	3450	3450	00	5902249015768	0	0	0	0	0	0	0	0
$1	1545	1816	1	0	3145	1.00	2550	21.09.22	13:24	1	30	2550	2550	00	0000016031456	0	0	0	0	0	0	0	0
$1	1545	1817	1	0	0026	1.000	1390	21.09.22	13:31	1	30	1390	1390	00	0000000000000	0	0	0	0	0	0	0	0
$1	1545	1817	2	0	3341	1.00	2990	21.09.22	13:31	1	30	2990	2990	00	5902249015980	0	0	0	0	0	0	0	0
$1	1545	1818	1	0	1564	1.00	5990	21.09.22	13:43	2	30	5990	5990	00	0000007015649	0	0	0	0	0	0	0	0
$1	1545	1819	1	0	0002	1.000	2490	21.09.22	13:57	1	30	2490	2490	00	0000000000000	0	0	0	0	0	0	0	0
$1	1545	1820	1	0	1111	1.00	450	21.09.22	14:40	2	30	450	450	00	5906365702304	0	0	0	0	0	0	0	0
$1	1545	1820	2	0	1111	1.00	450	21.09.22	14:40	2	30	450	450	00	5906365702304	0	0	0	0	0	0	0	0
$1	1545	1821	1	0	2350	2.00	1300	21.09.22	15:48	1	30	1300	1300	00	0000015023506	0	0	0	0	0	0	0	0
$1	1545	1821	2	0	2350	1.00	650	21.09.22	15:48	1	30	650	650	00	0000015023506	0	0	0	0	0	0	0	0
$1	1545	1821	3	0	0455	1.00	3850	21.09.22	15:48	1	30	3850	3850	00	5907502687171	0	0	0	0	0	0	0	0
$1	1545	1822	1	0	1149	1.00	450	21.09.22	15:55	2	30	450	450	00	5909994311961	0	0	0	0	0	0	0	0
$1	1545	1822	2	0	1016	1.00	400	21.09.22	15:55	3	30	400	400	00	5906365702380	0	0	0	0	0	0	0	0
$1	1545	1822	3	0	1230	1.00	450	21.09.22	15:55	2	30	450	450	00	5909994310766	0	0	0	0	0	0	0	0
$1	1545	1822	4	0	1016	1.00	400	21.09.22	15:55	3	30	400	400	00	5906365702380	0	0	0	0	0	0	0	0
$1	1545	1823	1	0	3457	1.00	40	21.09.22	15:59	1	30	3990	3990	00	0000024034579	0	1	0	0	0	0	0	0
$1	1545	1823	2	0	3226	1.00	36	21.09.22	15:59	1	30	3590	3590	00	0000024032261	0	1	0	0	0	0	0	0
$1	1545	1823	3	0	3469	1.00	40	21.09.22	15:59	1	30	3950	3950	00	0000024034692	0	1	0	0	0	0	0	0
$1	1545	1823	4	0	3469	1.00	40	21.09.22	15:59	1	30	3950	3950	00	0000024034692	0	1	0	0	0	0	0	0
$1	1545	1824	1	0	1590	1.00	13	21.09.22	16:37	1	30	1290	1290	00	0000007015908	0	1	0	0	0	0	0	0
$1	1545	1824	2	0	2462	1.00	21	21.09.22	16:37	2	30	2090	2090	00	0680275030027	0	1	0	0	0	0	0	0
$1	1545	1825	1	0	1721	1.00	6350	21.09.22	17:05	1	30	6350	6350	00	5711914109622	0	0	0	0	0	0	0	0
$1	1545	1825	2	0	3902	1.00	1190	21.09.22	17:05	1	30	1190	1190	00	0000028039020	0	0	0	0	0	0	0	0
$1	1545	1825	3	0	3902	1.00	1190	21.09.22	17:05	1	30	1190	1190	00	0000028039020	0	0	0	0	0	0	0	0
$1	1545	1825	4	0	3903	1.00	2150	21.09.22	17:05	1	30	2150	2150	00	0000028039037	0	0	0	0	0	0	0	0
$1	1545	1825	5	0	1804	1.00	2590	21.09.22	17:05	1	30	2590	2590	00	5711914104726	0	0	0	0	0	0	0	0
$1	1545	1825	6	0	1805	1.00	2590	21.09.22	17:05	1	30	2590	2590	00	5711914104849	0	0	0	0	0	0	0	0
$1	1545	1825	7	0	0329	1.00	1890	21.09.22	17:05	1	30	1890	1890	00	5900168908116	0	0	0	0	0	0	0	0
$1	1545	1825	8	0	0225	1.000	200	21.09.22	17:05	1	30	200	200	00	0000000000000	0	0	0	0	0	0	0	0
$1	1545	1826	1	0	1820	1.00	1890	21.09.22	17:29	1	30	1890	1890	00	5701278288101	0	0	0	0	0	0	0	0
$1	1545	1827	1	0	2350	1.00	650	21.09.22	17:33	1	30	650	650	00	0000015023506	0	0	0	0	0	0	0	0
$1	1545	1827	2	0	1561	1.00	3750	21.09.22	17:33	3	30	3750	3750	00	0000007015618	0	0	0	0	0	0	0	0
$1	1546	1830	1	0	0145	1.000	490	21.09.23	10:12	1	30	490	490	00	0000000000000	0	0	0	0	0	0	0	0
$1	1546	1831	1	0	2969	1.00	2090	21.09.23	10:48	2	30	2090	2090	00	0000019029696	0	0	0	0	0	0	0	0
$1	1546	1831	2	0	1379	1.00	1850	21.09.23	10:48	1	30	1850	1850	00	0000006013790	0	0	0	0	0	0	0	0
$1	1546	1832	1	0	2969	1.00	2090	21.09.23	10:51	2	30	2090	2090	00	0000019029696	0	0	0	0	0	0	0	0
$1	1546	1833	1	0	0976	1.00	1590	21.09.23	10:59	2	30	1590	1590	00	0000005009763	0	0	0	0	0	0	0	0
$1	1546	1833	2	0	1181	1.00	390	21.09.23	10:59	2	30	390	390	00	5909994310964	0	0	0	0	0	0	0	0
$1	1546	1833	3	0	1181	1.00	390	21.09.23	10:59	2	30	390	390	00	5909994310964	0	0	0	0	0	0	0	0
$1	1546	1833	4	0	1191	1.00	450	21.09.23	10:59	2	30	450	450	00	5909990628490	0	0	0	0	0	0	0	0
$1	1546	1833	5	0	1191	1.00	450	21.09.23	10:59	2	30	450	450	00	5909990628490	0	0	0	0	0	0	0	0
$1	1546	1833	6	0	1007	1.00	650	21.09.23	10:59	2	30	650	650	00	5907752643460	0	0	0	0	0	0	0	0
$1	1546	1834	1	0	3868	1.00	750	21.09.23	11:03	1	30	750	750	00	0000026038681	0	0	0	0	0	0	0	0
$1	1546	1835	1	0	0002	1.000	660	21.09.23	11:23	1	30	660	660	00	0000000000000	0	0	0	0	0	0	0	0
$1	1546	1835	2	0	2473	1.00	390	21.09.23	11:23	2	30	390	390	00	0000020024734	0	0	0	0	0	0	0	0
$1	1546	1835	3	0	2024	1.00	2490	21.09.23	11:23	1	30	2490	2490	00	0000010020241	0	0	0	0	0	0	0	0
$1	1546	1835	4	0	3355	1.00	3990	21.09.23	11:23	1	30	3990	3990	00	0000008033550	0	0	0	0	0	0	0	0
$1	1546	1836	1	0	0063	1.000	660	21.09.23	11:33	1	30	660	660	00	0000000000000	0	0	0	0	0	0	0	0
$1	1546	1837	1	0	2743	1.00	2300	21.09.23	13:16	1	30	2300	2300	00	0000035027430	0	0	0	0	0	0	0	0
$1	1546	1837	2	0	2009	1.00	2950	21.09.23	13:16	1	30	2950	2950	00	0000009020092	0	0	0	0	0	0	0	0
$1	1546	1837	3	0	0002	1.000	2950	21.09.23	13:16	1	30	2950	2950	00	0000000000000	0	0	0	0	0	0	0	0
$1	1546	1837	4	0	0350	1.00	2790	21.09.23	13:16	1	30	2790	2790	00	5900168900202	0	0	0	0	0	0	0	0
$1	1546	1838	1	0	3459	1.00	4790	21.09.23	13:18	1	30	4790	4790	00	0000024034593	0	0	0	0	0	0	0	0
$1	1546	1838	2	0	0946	1.00	3290	21.09.23	13:18	1	30	3290	3290	00	0000024009461	0	0	0	0	0	0	0	0
$1	1546	1838	3	0	0946	1.00	3290	21.09.23	13:18	1	30	3290	3290	00	0000024009461	0	0	0	0	0	0	0	0
$1	1546	1839	1	0	3983	1.00	1450	21.09.23	13:31	1	30	1450	1450	00	0000031039833	0	0	0	0	0	0	0	0
$1	1546	1839	2	0	2053	2.00	5100	21.09.23	13:31	1	30	5100	5100	00	0000011020530	0	0	0	0	0	0	0	0
$1	1546	1840	1	0	1007	1.00	650	21.09.23	13:32	2	30	650	650	00	5907752643460	0	0	0	0	0	0	0	0
$1	1546	1840	2	0	0995	1.00	2290	21.09.23	13:32	2	30	2290	2290	00	5906365702830	0	0	0	0	0	0	0	0
$1	1546	1841	1	0	3148	1.00	2590	21.09.23	14:10	1	30	2590	2590	00	0000016031487	0	0	0	0	0	0	0	0
$1	1546	1841	2	0	3144	1.00	2590	21.09.23	14:10	1	30	2590	2590	00	0000016031449	0	0	0	0	0	0	0	0
$1	1546	1842	1	0	0604	1.00	3750	21.09.23	14:19	1	30	3750	3750	00	5902249011081	0	0	0	0	0	0	0	0
$1	1546	1842	2	0	0606	1.00	3990	21.09.23	14:19	1	30	3990	3990	00	5902249011104	0	0	0	0	0	0	0	0
$1	1546	1842	3	0	0608	1.00	850	21.09.23	14:19	1	30	850	850	00	5902249011050	0	0	0	0	0	0	0	0
$10	1546	1843	1	0	3873	29.50	79355	21.09.23	14:31	1	30	79355	79355	00	5907618131018	0	0	0	0	0	0	0	0
$1	1546	1843	1	0	3873	1.00	2690	21.09.23	14:31	1	30	2690	2690	00	5907618131018	0	0	0	0	0	0	0	0
$1	1546	1844	1	0	2350	4.00	2600	21.09.23	15:02	1	30	2600	2600	00	0000015023506	0	0	0	0	0	0	0	0
$1	1546	1845	1	0	0541	1.00	2690	21.09.23	15:26	1	30	2690	2690	00	5902249010107	0	0	0	0	0	0	0	0
$1	1546	1845	2	0	0543	1.00	2750	21.09.23	15:26	1	30	2750	2750	00	5902249010138	0	0	0	0	0	0	0	0
$1	1546	1845	3	0	1886	1.00	1990	21.09.23	15:26	3	30	1990	1990	00	0000006018863	0	0	0	0	0	0	0	0
$1	1546	1846	1	0	2430	1.00	2590	21.09.23	15:34	1	30	2590	2590	00	0000016024304	0	0	0	0	0	0	0	0
$1	1546	1847	1	0	1303	1.00	3850	21.09.23	15:43	1	30	3850	3850	00	0000006013035	0	0	0	0	0	0	0	0
$1	1546	1847	2	0	2523	1.00	2190	21.09.23	15:43	2	30	2190	2190	00	0000017025232	0	0	0	0	0	0	0	0
$1	1546	1847	3	0	1178	1.00	390	21.09.23	15:43	2	30	390	390	00	5909990628360	0	0	0	0	0	0	0	0
$1	1546	1847	4	0	1163	1.00	450	21.09.23	15:43	2	30	450	450	00	5909994308824	0	0	0	0	0	0	0	0
$1	1546	1847	5	0	1035	1.00	490	21.09.23	15:43	2	30	490	490	00	5909994310124	0	0	0	0	0	0	0	0
$1	1546	1848	1	0	0455	1.00	3850	21.09.23	15:46	1	30	3850	3850	00	5907502687171	0	0	0	0	0	0	0	0
$1	1546	1849	1	0	0182	1.000	520	21.09.23	15:51	2	30	520	520	00	0000000000000	0	0	0	0	0	0	0	0
$1	1546	1850	1	0	0094	1.000	1750	21.09.23	15:56	2	30	1750	1750	00	0000000000000	0	0	0	0	0	0	0	0
$1	1546	1851	1	0	0026	1.000	1490	21.09.23	15:57	1	30	1490	1490	00	0000000000000	0	0	0	0	0	0	0	0
$1	1546	1852	1	0	1564	1.00	5990	21.09.23	16:45	2	30	5990	5990	00	5907804205783	0	0	0	0	0	0	0	0
$1	1546	1853	1	0	0345	1.00	1890	21.09.23	16:49	1	30	1890	1890	00	5900168900387	0	0	0	0	0	0	0	0
$1	1546	1854	1	0	1055	1.00	8	21.09.23	17:42	3	30	790	790	00	0000005010554	0	1	0	0	0	0	0	0
$1	1546	1854	2	0	1010	1.00	4	21.09.23	17:42	2	30	350	350	00	5906365702908	0	1	0	0	0	0	0	0
$1	1546	1854	3	0	0972	1.00	4	21.09.23	17:42	3	30	390	390	00	5906365702359	0	1	0	0	0	0	0	0
$1	1546	1854	4	0	0993	1.00	5	21.09.23	17:42	2	30	450	450	00	5906365702991	0	1	0	0	0	0	0	0
$1	1546	1854	5	0	1164	1.00	6	21.09.23	17:42	2	30	550	550	00	5909994311121	0	1	0	0	0	0	0	0
$1	1546	1854	6	0	1190	1.00	6	21.09.23	17:42	2	30	550	550	00	0000005011902	0	1	0	0	0	0	0	0
$1	1546	1854	7	0	1203	1.00	6	21.09.23	17:42	2	30	550	550	00	5909990219612	0	1	0	0	0	0	0	0
$1	1546	1854	8	0	2596	1.00	11	21.09.23	17:42	1	30	1090	1090	00	0000017025966	0	1	0	0	0	0	0	0
$1	1546	1854	9	0	2406	1.00	26	21.09.23	17:42	1	30	2590	2590	00	0000016024069	0	1	0	0	0	0	0	0
$1	1546	1854	10	0	1564	1.00	60	21.09.23	17:42	2	30	5990	5990	00	5907804205783	0	1	0	0	0	0	0	0
$1	1547	1856	1	0	0971	1.00	790	21.09.24	10:20	2	30	790	790	00	0000005009718	0	0	0	0	0	0	0	0
$1	1547	1857	1	0	3257	1.00	2290	21.09.24	10:48	1	30	2290	2290	00	0000024032575	0	0	0	0	0	0	0	0
$1	1547	1858	1	0	1111	2.00	900	21.09.24	10:49	2	30	900	900	00	5906365702304	0	0	0	0	0	0	0	0
$1	1547	1859	1	0	0002	1.000	1090	21.09.24	10:50	1	30	1090	1090	00	0000000000000	0	0	0	0	0	0	0	0
$1	1547	1860	1	0	0002	1.000	1090	21.09.24	11:13	1	30	1090	1090	00	0000000000000	0	0	0	0	0	0	0	0
$1	1547	1860	2	0	0002	1.000	1090	21.09.24	11:13	1	30	1090	1090	00	0000000000000	0	0	0	0	0	0	0	0
$1	1547	1861	1	0	1044	2.00	780	21.09.24	11:17	3	30	780	780	00	5907752643552	0	0	0	0	0	0	0	0
$1	1547	1862	1	0	3947	1.00	2590	21.09.24	11:46	1	30	2590	2590	00	8691190967192	0	0	0	0	0	0	0	0
$1	1547	1862	2	0	3945	1.00	1490	21.09.24	11:46	1	30	1490	1490	00	8691190967253	0	0	0	0	0	0	0	0
$1	1547	1862	3	0	0472	1.00	1290	21.09.24	11:46	1	30	1290	1290	00	5907502687300	0	0	0	0	0	0	0	0
$1	1547	1862	4	0	1800	1.00	2650	21.09.24	11:46	1	30	2650	2650	00	0000008018007	0	0	0	0	0	0	0	0
$1	1547	1863	1	0	0026	4.000	800	21.09.24	12:01	1	30	800	800	00	0000000000000	0	0	0	0	0	0	0	0
$1	1547	1864	1	0	1039	1.00	550	21.09.24	12:04	2	30	550	550	00	0000005010394	0	0	0	0	0	0	0	0
$1	1547	1864	2	0	1040	1.00	450	21.09.24	12:04	2	30	450	450	00	5906365702847	0	0	0	0	0	0	0	0
$1	1547	1865	1	0	0050	1.000	3450	21.09.24	12:06	1	30	3450	3450	00	0000000000000	0	0	0	0	0	0	0	0
$1	1547	1865	2	0	3904	1.00	3450	21.09.24	12:06	1	30	3450	3450	00	0000028039044	0	0	0	0	0	0	0	0
$1	1547	1866	1	0	1629	1.00	2690	21.09.24	12:09	1	30	2690	2690	00	0000007016295	0	0	0	0	0	0	0	0
$1	1547	1867	1	0	0478	1.00	3250	21.09.24	12:14	1	30	3250	3250	00	5907502687355	0	0	0	0	0	0	0	0
$1	1547	1867	2	0	0578	1.00	2790	21.09.24	12:14	1	30	2790	2790	00	5902249010916	0	0	0	0	0	0	0	0
$1	1547	1867	3	0	3355	1.00	3990	21.09.24	12:14	1	30	3990	3990	00	0000008033550	0	0	0	0	0	0	0	0
$1	1547	1867	4	0	2897	1.00	13750	21.09.24	12:14	1	30	13750	13750	00	0000018028973	0	0	0	0	0	0	0	0
$1	1547	1868	1	0	2406	1.00	2590	21.09.24	12:23	1	30	2590	2590	00	0000016024069	0	0	0	0	0	0	0	0
$1	1547	1868	2	0	3141	1.00	3350	21.09.24	12:23	1	30	3350	3350	00	0000016031418	0	0	0	0	0	0	0	0
$1	1547	1869	1	0	2053	2.00	5100	21.09.24	12:35	1	30	5100	5100	00	0000011020530	0	0	0	0	0	0	0	0
$1	1547	1870	1	0	0668	1.00	5990	21.09.24	12:46	1	30	5990	5990	00	5902249014853	0	0	0	0	0	0	0	0
$1	1547	1871	1	0	3901	1.00	950	21.09.24	13:29	1	30	950	950	00	0000028039013	0	0	0	0	0	0	0	0
$1	1547	1871	2	0	0355	1.00	2790	21.09.24	13:29	1	30	2790	2790	00	5905279370470	0	0	0	0	0	0	0	0
$1	1547	1872	1	0	0563	1.00	2890	21.09.24	13:59	1	30	2890	2890	00	5902249010947	0	0	0	0	0	0	0	0
$1	1547	1872	2	0	0450	1.00	3750	21.09.24	13:59	1	30	3750	3750	00	5907502687157	0	0	0	0	0	0	0	0
$1	1547	1872	3	0	0555	1.00	2390	21.09.24	13:59	1	30	2390	2390	00	5902249010398	0	0	0	0	0	0	0	0
$1	1547	1872	4	0	0556	1.00	1245	21.09.24	13:59	1	30	1245	2490	00	0000002005560	0	0	0	0	0	0	0	1
$1	1547	1873	1	0	3248	1.00	2150	21.09.24	14:02	1	30	2150	2150	00	0000024032483	0	0	0	0	0	0	0	0
$1	1547	1874	1	0	1043	1.00	1050	21.09.24	14:38	2	30	1050	1050	00	5905279799196	0	0	0	0	0	0	0	0
$1	1547	1874	2	0	1232	1.00	400	21.09.24	14:38	2	30	400	400	00	5909990219520	0	0	0	0	0	0	0	0
$1	1547	1874	3	0	1252	1.00	1250	21.09.24	14:38	2	30	1250	1250	00	0000005012527	0	0	0	0	0	0	0	0
$1	1547	1875	1	0	1277	1.00	1990	21.09.24	14:40	3	30	1990	1990	00	0000006012779	0	0	0	0	0	0	0	0
$1	1547	1875	2	0	3103	1.00	2990	21.09.24	14:40	2	30	2990	2990	00	0000020031039	0	0	0	0	0	0	0	0
$1	1547	1875	3	0	0094	1.000	1190	21.09.24	14:40	2	30	1190	1190	00	0000000000000	0	0	0	0	0	0	0	0
$1	1547	1876	1	0	1736	1.00	3490	21.09.24	15:07	1	30	3490	3490	00	0000008017369	0	0	0	0	0	0	0	0
$1	1547	1876	2	0	3355	1.00	3990	21.09.24	15:07	1	30	3990	3990	00	0000008033550	0	0	0	0	0	0	0	0
$1	1547	1876	3	0	3212	1.00	590	21.09.24	15:07	1	30	590	590	00	0000008032126	0	0	0	0	0	0	0	0
$1	1547	1877	1	0	2713	1.00	1000	21.09.24	15:23	3	30	1000	1000	00	0000017027137	0	0	0	0	0	0	0	0
$1	1547	1877	2	0	0094	1.000	1190	21.09.24	15:23	2	30	1190	1190	00	0000000000000	0	0	0	0	0	0	0	0
$1	1547	1878	1	0	0562	1.00	2790	21.09.24	16:11	1	30	2790	2790	00	5902249010510	0	0	0	0	0	0	0	0
$1	1547	1879	1	0	1690	1.00	2800	21.09.24	16:23	1	30	2800	2800	00	0000007016905	0	0	0	0	0	0	0	0
$1	1547	1879	2	0	3268	1.00	1950	21.09.24	16:23	1	30	1950	1950	00	5903641980524	0	0	0	0	0	0	0	0
$10	1547	1879	1	0	3869	23.90	61901	21.09.24	16:23	1	30	61901	61901	00	5907618131049	0	0	0	0	0	0	0	0
$1	1547	1879	3	0	3869	2.00	4780	21.09.24	16:23	1	30	4780	4780	00	5907618131049	0	0	0	0	0	0	0	0
$1	1547	1880	1	0	0946	1.00	3290	21.09.24	16:40	1	30	3290	3290	00	0000024009461	0	0	0	0	0	0	0	0
$1	1547	1880	2	0	3369	1.00	3950	21.09.24	16:40	1	30	3950	3950	00	0000024033695	0	0	0	0	0	0	0	0
$1	1547	1880	3	0	2930	1.00	3250	21.09.24	16:40	1	30	3250	3250	00	0000024029308	0	0	0	0	0	0	0	0
$1	1547	1880	4	0	3370	1.00	3990	21.09.24	16:40	1	30	3990	3990	00	0000024033701	0	0	0	0	0	0	0	0
$1	1547	1880	5	0	3366	1.00	3990	21.09.24	16:40	1	30	3990	3990	00	0000024033664	0	0	0	0	0	0	0	0
$1	1547	1880	6	0	3902	1.00	1190	21.09.24	16:40	1	30	1190	1190	00	0000028039020	0	0	0	0	0	0	0	0
$10	1547	1880	1	0	1928	1.00	1450	21.09.24	16:40	2	30	1450	1450	00	0000009019287	0	0	0	0	0	0	0	0
$1	1547	1880	7	0	2007	1.00	3250	21.09.24	16:40	2	30	3250	3250	00	0000009020078	0	0	0	0	0	0	0	0
$1	1547	1881	1	0	0772	1.00	6690	21.09.24	17:02	1	30	6690	6690	00	0000003007723	0	0	0	0	0	0	0	0
$1	1547	1881	2	0	0772	1.00	6690	21.09.24	17:02	1	30	6690	6690	00	0000003007723	0	0	0	0	0	0	0	0
$1	1547	1881	3	0	0041	1.000	2590	21.09.24	17:02	1	30	2590	2590	00	0000000000000	0	0	0	0	0	0	0	0
$1	1547	1882	1	0	3901	1.00	950	21.09.24	17:13	1	30	950	950	00	0000028039013	0	0	0	0	0	0	0	0
$1	1547	1882	2	0	1718	1.00	3650	21.09.24	17:13	1	30	3650	3650	00	0000034017180	0	0	0	0	0	0	0	0
$1	1548	1884	1	0	0182	1.000	1490	21.09.25	09:43	2	30	1490	1490	00	0000000000000	0	0	0	0	0	0	0	0
$1	1548	1884	2	0	3068	1.00	1150	21.09.25	09:43	1	30	1150	1150	00	0000020030681	0	0	0	0	0	0	0	0
$1	1548	1884	3	0	1250	1.00	450	21.09.25	09:43	2	30	450	450	00	5909990628278	0	0	0	0	0	0	0	0
$10	1548	1885	1	0	1534	1.00	850	21.09.25	09:55	3	30	850	850	00	5906660810421	0	0	0	0	0	0	0	0
$1	1548	1885	1	0	1534	1.00	850	21.09.25	09:55	3	30	850	850	00	5906660810421	0	0	0	0	0	0	0	0
$1	1548	1885	2	0	2011	1.00	2990	21.09.25	09:55	2	30	2990	2990	00	0000009020115	0	0	0	0	0	0	0	0
$1	1548	1886	1	0	3471	1.00	4950	21.09.25	09:56	1	30	4950	4950	00	0000024034715	0	0	0	0	0	0	0	0
$1	1548	1886	2	0	0182	2.000	920	21.09.25	09:56	2	30	920	920	00	0000000000000	0	0	0	0	0	0	0	0
$1	1548	1887	1	0	1230	1.00	450	21.09.25	10:16	2	30	450	450	00	5909994310766	0	0	0	0	0	0	0	0
$1	1548	1888	1	0	1159	1.00	390	21.09.25	10:21	2	30	390	390	00	5909994311657	0	0	0	0	0	0	0	0
$1	1548	1888	2	0	1068	1.00	490	21.09.25	10:21	2	30	490	490	00	5905279799400	0	0	0	0	0	0	0	0
$10	1548	1889	1	0	2024	1.00	2490	21.09.25	10:31	1	30	2490	2490	00	0000010020241	0	0	0	0	0	0	0	0
$1	1548	1889	1	0	2053	1.00	2550	21.09.25	10:31	1	30	2550	2550	00	0000011020530	0	0	0	0	0	0	0	0
$1	1548	1889	2	0	0182	1.000	780	21.09.25	10:31	2	30	780	780	00	0000000000000	0	0	0	0	0	0	0	0
$1	1548	1890	1	0	0182	1.000	760	21.09.25	10:50	2	30	760	760	00	0000000000000	0	0	0	0	0	0	0	0
$1	1548	1890	2	0	0182	1.000	760	21.09.25	10:50	2	30	760	760	00	0000000000000	0	0	0	0	0	0	0	0
$1	1548	1890	3	0	1039	1.00	550	21.09.25	10:50	2	30	550	550	00	0000005010394	0	0	0	0	0	0	0	0
$1	1548	1891	1	0	0962	1.00	1050	21.09.25	10:55	2	30	1050	1050	00	0000005009626	0	0	0	0	0	0	0	0
$1	1548	1891	2	0	0962	1.00	1050	21.09.25	10:55	2	30	1050	1050	00	0000005009626	0	0	0	0	0	0	0	0
$1	1548	1891	3	0	0962	1.00	1050	21.09.25	10:55	2	30	1050	1050	00	0000005009626	0	0	0	0	0	0	0	0
$1	1548	1891	4	0	0962	1.00	1050	21.09.25	10:55	2	30	1050	1050	00	0000005009626	0	0	0	0	0	0	0	0
$1	1548	1891	5	0	0962	1.00	1050	21.09.25	10:55	2	30	1050	1050	00	0000005009626	0	0	0	0	0	0	0	0
$1	1548	1892	1	0	0664	1.00	2290	21.09.25	11:10	1	30	2290	2290	00	5902249014938	0	0	0	0	0	0	0	0
$1	1548	1893	1	0	0538	1.00	2190	21.09.25	11:24	1	30	2190	2190	00	5902249010077	0	0	0	0	0	0	0	0
$1	1548	1893	2	0	3152	1.00	2490	21.09.25	11:24	1	30	2490	2490	00	5902249015775	0	0	0	0	0	0	0	0
$1	1548	1894	1	0	0231	1.000	890	21.09.25	11:26	1	30	890	890	00	0000000000000	0	0	0	0	0	0	0	0
$1	1548	1895	1	0	3147	1.00	2590	21.09.25	11:28	1	30	2590	2590	00	0000016031470	0	0	0	0	0	0	0	0
$1	1548	1896	1	0	3931	1.00	1350	21.09.25	11:31	1	30	1350	1350	00	0000031039314	0	0	0	0	0	0	0	0
$1	1548	1897	1	0	0182	1.000	1090	21.09.25	11:42	2	30	1090	1090	00	0000000000000	0	0	0	0	0	0	0	0
$1	1548	1897	2	0	0002	2.000	2280	21.09.25	11:42	1	30	2280	2280	00	0000000000000	0	0	0	0	0	0	0	0
$1	1548	1898	1	0	0066	1.000	1190	21.09.25	11:49	1	30	1190	1190	00	0000000000000	0	0	0	0	0	0	0	0
$1	1548	1898	2	0	0002	1.000	1750	21.09.25	11:49	1	30	1750	1750	00	0000000000000	0	0	0	0	0	0	0	0
$1	1548	1898	3	0	3372	1.00	3850	21.09.25	11:49	1	30	3850	3850	00	0000024033725	0	0	0	0	0	0	0	0
$1	1548	1898	4	0	3371	1.00	3850	21.09.25	11:49	1	30	3850	3850	00	0000024033718	0	0	0	0	0	0	0	0
$1	1548	1898	5	0	0647	1.00	3090	21.09.25	11:49	1	30	3090	3090	00	5902249012125	0	0	0	0	0	0	0	0
$1	1548	1899	1	0	1247	1.00	3590	21.09.25	12:05	2	30	3590	3590	00	0000005012473	0	0	0	0	0	0	0	0
$1	1548	1899	2	0	2053	1.00	2550	21.09.25	12:05	1	30	2550	2550	00	0000011020530	0	0	0	0	0	0	0	0
$1	1548	1900	1	0	1447	1.00	1850	21.09.25	12:15	1	30	1850	1850	00	0000034014479	0	0	0	0	0	0	0	0
$1	1548	1900	2	0	0537	1.00	2490	21.09.25	12:15	1	30	2490	2490	00	5902249010121	0	0	0	0	0	0	0	0
$1	1548	1900	3	0	3464	1.00	5890	21.09.25	12:15	1	30	5890	5890	00	0000024034647	0	0	0	0	0	0	0	0
$1	1548	1901	1	0	0564	1.00	2590	21.09.25	12:18	1	30	2590	2590	00	5902249010480	0	0	0	0	0	0	0	0
$1	1548	1902	1	0	3355	1.00	3990	21.09.25	12:28	1	30	3990	3990	00	0000008033550	0	0	0	0	0	0	0	0
$1	1548	1903	1	0	0002	1.000	810	21.09.25	12:31	1	30	810	810	00	0000000000000	0	0	0	0	0	0	0	0
$1	1548	1903	2	0	0182	1.000	1190	21.09.25	12:31	2	30	1190	1190	00	0000000000000	0	0	0	0	0	0	0	0
$1	1548	1903	3	0	0182	1.000	890	21.09.25	12:31	2	30	890	890	00	0000000000000	0	0	0	0	0	0	0	0
$1	1548	1903	4	0	2702	1.00	1350	21.09.25	12:31	3	30	1350	1350	00	0000017027021	0	0	0	0	0	0	0	0
$1	1548	1903	5	0	1700	1.00	1590	21.09.25	12:31	3	30	1590	1590	00	0000007017001	0	0	0	0	0	0	0	0
$1	1548	1903	6	0	1527	1.00	3350	21.09.25	12:31	3	30	3350	3350	00	0000007015274	0	0	0	0	0	0	0	0
$1	1548	1904	1	0	2350	3.00	1950	21.09.25	12:34	1	30	1950	1950	00	0000015023506	0	0	0	0	0	0	0	0
$1	1548	1904	2	0	3907	1.00	7950	21.09.25	12:34	1	30	7950	7950	00	0000028039075	0	0	0	0	0	0	0	0
$1	1548	1904	3	0	2704	1.00	1450	21.09.25	12:34	2	30	1450	1450	00	0000017027045	0	0	0	0	0	0	0	0
$1	1548	1905	1	0	3158	1.00	3450	21.09.25	12:46	1	30	3450	3450	00	0000002031583	0	0	0	0	0	0	0	0
$1	1548	1905	2	0	0664	1.00	2290	21.09.25	12:46	1	30	2290	2290	00	5902249014938	0	0	0	0	0	0	0	0
$1	1548	1906	1	0	0081	1.000	162	21.09.25	13:52	1	30	190	190	00	0000000000000	0	1	0	0	0	0	0	0
$1	1548	1906	2	0	0049	1.000	230	21.09.25	13:52	1	30	270	270	00	0000000000000	0	1	0	0	0	0	0	0
$1	1548	1906	3	0	0081	1.000	162	21.09.25	13:52	1	30	190	190	00	0000000000000	0	1	0	0	0	0	0	0
$1	1548	1906	4	0	1881	1.00	4208	21.09.25	13:52	1	30	4950	4950	00	0000008018816	0	1	0	0	0	0	0	0
$10	1549	1908	1	0	0181	9.900	1881	21.09.28	11:12	3	30	1881	1881	00	0000000000000	0	0	0	0	0	0	0	0
$1	1549	1908	1	0	0002	1.000	990	21.09.28	11:12	1	30	990	990	00	0000000000000	0	0	0	0	0	0	0	0
$1	1549	1908	2	0	1377	1.00	1850	21.09.28	11:12	1	30	1850	1850	00	0000006013776	0	0	0	0	0	0	0	0
$1	1549	1909	1	0	1047	1.00	1190	21.09.28	11:23	3	30	1190	1190	00	0000005010479	0	0	0	0	0	0	0	0
$1	1549	1909	2	0	1047	1.00	1190	21.09.28	11:23	3	30	1190	1190	00	0000005010479	0	0	0	0	0	0	0	0
$1	1549	1909	3	0	1313	1.00	3850	21.09.28	11:23	1	30	3850	3850	00	0000006013134	0	0	0	0	0	0	0	0
$1	1549	1910	1	0	1503	1.00	2250	21.09.28	11:45	3	30	2250	2250	00	5907804205196	0	0	0	0	0	0	0	0
$1	1549	1911	1	0	2729	1.00	2990	21.09.28	11:46	2	30	2990	2990	00	0000017027298	0	0	0	0	0	0	0	0
$1	1549	1912	1	0	2692	1.00	1050	21.09.28	11:47	3	30	1050	1050	00	0000017026925	0	0	0	0	0	0	0	0
$1	1549	1912	2	0	1185	1.00	450	21.09.28	11:47	2	30	450	450	00	5909990628391	0	0	0	0	0	0	0	0
$1	1549	1912	3	0	1239	1.00	190	21.09.28	11:47	3	30	190	190	00	0000005012398	0	0	0	0	0	0	0	0
$1	1549	1913	1	0	1354	1.00	550	21.09.28	11:52	3	30	550	550	00	0000006013547	0	0	0	0	0	0	0	0
$1	1549	1914	1	0	1232	1.00	400	21.09.28	12:15	2	30	400	400	00	5909990219520	0	0	0	0	0	0	0	0
$1	1549	1915	1	0	1115	1.00	450	21.09.28	12:16	2	30	450	450	00	5905279799615	0	0	0	0	0	0	0	0
$1	1549	1916	1	0	0203	1.000	2590	21.09.28	12:30	1	30	2590	2590	00	0000000000000	0	0	0	0	0	0	0	0
$1	1549	1916	2	0	0231	3.000	1020	21.09.28	12:30	1	30	1020	1020	00	0000000000000	0	0	0	0	0	0	0	0
$1	1549	1916	3	0	3985	2.00	2500	21.09.28	12:30	1	30	2500	2500	00	0000031039857	0	0	0	0	0	0	0	0
$1	1549	1916	4	0	3756	2.00	2100	21.09.28	12:30	1	30	2100	2100	00	0000025037562	0	0	0	0	0	0	0	0
$1	1549	1916	5	0	4007	1.00	1150	21.09.28	12:30	1	30	1150	1150	00	0000031040075	0	0	0	0	0	0	0	0
$1	1549	1917	1	0	2052	1.00	9800	21.09.28	12:33	1	30	9800	9800	00	0000011020523	0	0	0	0	0	0	0	0
$1	1549	1917	2	0	2051	1.00	9800	21.09.28	12:33	1	30	9800	9800	00	0000011020516	0	0	0	0	0	0	0	0
$1	1549	1918	1	0	2350	3.00	1950	21.09.28	12:58	1	30	1950	1950	00	0000015023506	0	0	0	0	0	0	0	0
$1	1549	1919	1	0	2417	1.00	2790	21.09.28	13:02	1	30	2790	2790	00	0000016024175	0	0	0	0	0	0	0	0
$1	1549	1920	1	0	0041	1.000	550	21.09.28	14:33	1	30	550	550	00	0000000000000	0	0	0	0	0	0	0	0
$1	1549	1920	2	0	0026	1.000	590	21.09.28	14:33	1	30	590	590	00	0000000000000	0	0	0	0	0	0	0	0
$1	1549	1920	3	0	2350	2.00	1300	21.09.28	14:33	1	30	1300	1300	00	0000015023506	0	0	0	0	0	0	0	0
$1	1549	1921	1	0	2350	1.00	650	21.09.28	14:57	1	30	650	650	00	0000015023506	0	0	0	0	0	0	0	0
$1	1549	1922	1	0	1871	1.00	3250	21.09.28	15:07	1	30	3250	3250	00	0000008018717	0	0	0	0	0	0	0	0
$1	1549	1923	1	0	3903	1.00	2150	21.09.28	15:30	1	30	2150	2150	00	0000028039037	0	0	0	0	0	0	0	0
$1	1549	1923	2	0	3903	1.00	2150	21.09.28	15:30	1	30	2150	2150	00	0000028039037	0	0	0	0	0	0	0	0
$1	1549	1923	3	0	2071	1.00	4650	21.09.28	15:30	1	30	4650	4650	00	0000012020713	0	0	0	0	0	0	0	0
$1	1549	1923	4	0	3349	1.00	2990	21.09.28	15:30	1	30	2990	2990	00	0000012033492	0	0	0	0	0	0	0	0
$1	1549	1923	5	0	0041	1.000	1890	21.09.28	15:30	1	30	1890	1890	00	0000000000000	0	0	0	0	0	0	0	0
$1	1549	1923	6	0	0031	1.000	1400	21.09.28	15:30	1	30	1400	1400	00	0000000000000	0	0	0	0	0	0	0	0
$1	1549	1924	1	0	3142	1.00	2750	21.09.28	15:34	1	30	2750	2750	00	0000016031425	0	0	0	0	0	0	0	0
$1	1549	1925	1	0	1017	1.00	450	21.09.28	15:52	2	30	450	450	00	5907752643361	0	0	0	0	0	0	0	0
$1	1549	1926	1	0	0880	1.00	6450	21.09.28	16:08	1	30	6450	6450	00	0000004008804	0	0	0	0	0	0	0	0
$1	1549	1927	1	0	2024	1.00	2490	21.09.28	16:36	1	30	2490	2490	00	0000010020241	0	0	0	0	0	0	0	0
$1	1549	1927	2	0	2053	1.00	2550	21.09.28	16:36	1	30	2550	2550	00	0000011020530	0	0	0	0	0	0	0	0
$1	1549	1927	3	0	3864	1.00	350	21.09.28	16:36	1	30	350	350	00	0000026038643	0	0	0	0	0	0	0	0
$10	1550	1929	1	0	1527	1.00	3350	21.09.29	09:42	3	30	3350	3350	00	5906660817147	0	0	0	0	0	0	0	0
$1	1550	1929	1	0	1537	1.00	1690	21.09.29	09:42	3	30	1690	1690	00	0000007015373	0	0	0	0	0	0	0	0
$1	1550	1929	2	0	2289	1.00	1850	21.09.29	09:42	1	30	1850	1850	00	0000014022890	0	0	0	0	0	0	0	0
$1	1550	1929	3	0	2294	1.00	3450	21.09.29	09:42	1	30	3450	3450	00	0000014022944	0	0	0	0	0	0	0	0
$1	1550	1929	4	0	3336	1.00	3690	21.09.29	09:42	1	30	3690	3690	00	0000014033360	0	0	0	0	0	0	0	0
$1	1550	1929	5	0	0095	1.000	1190	21.09.29	09:42	1	30	1190	1190	00	0000000000000	0	0	0	0	0	0	0	0
$10	1550	1930	1	0	2350	2.00	1300	21.09.29	10:13	1	30	1300	1300	00	0000015023506	0	0	0	0	0	0	0	0
$10	1550	1930	2	0	2350	2.00	1300	21.09.29	10:13	1	30	1300	1300	00	0000015023506	0	0	0	0	0	0	0	0
$10	1550	1930	3	0	0002	1.000	1090	21.09.29	10:13	1	30	1090	1090	00	0000000000000	0	0	0	0	0	0	0	0
$10	1550	1930	4	0	0181	21.500	4085	21.09.29	10:13	3	30	4085	4085	00	0000000000000	0	0	0	0	0	0	0	0
$10	1550	1930	5	0	2350	2.00	1300	21.09.29	10:13	1	30	1300	1300	00	0000015023506	0	0	0	0	0	0	0	0
$10	1550	1930	6	0	0002	1.000	1090	21.09.29	10:13	1	30	1090	1090	00	0000000000000	0	0	0	0	0	0	0	0
$10	1550	1930	7	0	0002	1.000	2150	21.09.29	10:13	1	30	2150	2150	00	0000000000000	0	0	0	0	0	0	0	0
$10	1550	1930	8	0	2350	1.00	650	21.09.29	10:13	1	30	650	650	00	0000015023506	0	0	0	0	0	0	0	0
$1	1550	1930	1	0	2350	1.00	650	21.09.29	10:13	1	30	650	650	00	0000015023506	0	0	0	0	0	0	0	0
$1	1550	1930	2	0	0002	1.000	1090	21.09.29	10:13	1	30	1090	1090	00	0000000000000	0	0	0	0	0	0	0	0
$1	1550	1930	3	0	0002	1.000	2150	21.09.29	10:13	1	30	2150	2150	00	0000000000000	0	0	0	0	0	0	0	0
$1	1550	1931	1	0	1327	1.00	2400	21.09.29	10:18	3	30	2400	2400	00	0000006013271	0	0	0	0	0	0	0	0
$1	1550	1931	2	0	0304	1.00	2250	21.09.29	10:18	1	30	2250	2250	00	5900168908451	0	0	0	0	0	0	0	0
$1	1550	1931	3	0	2343	1.00	1990	21.09.29	10:18	1	30	1990	1990	00	5900168907706	0	0	0	0	0	0	0	0
$1	1550	1931	4	0	0602	1.00	2490	21.09.29	10:18	1	30	2490	2490	00	5902249010978	0	0	0	0	0	0	0	0
$1	1550	1932	1	0	0451	1.00	3750	21.09.29	10:21	1	30	3750	3750	00	5907502687102	0	0	0	0	0	0	0	0
$1	1550	1933	1	0	1185	1.00	450	21.09.29	10:26	2	30	450	450	00	5909990628391	0	0	0	0	0	0	0	0
$1	1550	1934	1	0	3153	1.00	2890	21.09.29	10:30	1	30	2890	2890	00	5902249015812	0	0	0	0	0	0	0	0
$1	1550	1934	2	0	0557	1.00	2290	21.09.29	10:30	1	30	2290	2290	00	5902249010411	0	0	0	0	0	0	0	0
$1	1550	1935	1	0	0016	1.000	2990	21.09.29	10:47	1	30	2990	2990	00	0000000000000	0	0	0	0	0	0	0	0
$1	1550	1935	2	0	0026	1.000	2350	21.09.29	10:47	1	30	2350	2350	00	0000000000000	0	0	0	0	0	0	0	0
$1	1550	1935	3	0	0243	1.000	1490	21.09.29	10:47	1	30	1490	1490	00	0000000000000	0	0	0	0	0	0	0	0
$1	1550	1935	4	0	0012	1.000	1640	21.09.29	10:47	1	30	1640	1640	00	0000000000000	0	0	0	0	0	0	0	0
$1	1550	1935	5	0	3945	1.00	1490	21.09.29	10:47	1	30	1490	1490	00	0000031039451	0	0	0	0	0	0	0	0
$1	1550	1936	1	0	1252	1.00	1250	21.09.29	10:48	2	30	1250	1250	00	0000005012527	0	0	0	0	0	0	0	0
$1	1550	1937	1	0	2638	1.00	4900	21.09.29	10:50	3	30	4900	4900	00	0000017026383	0	0	0	0	0	0	0	0
$10	1550	1938	1	0	2052	1.00	9800	21.09.29	12:18	1	30	9800	9800	00	0000011020523	0	0	0	0	0	0	0	0
$10	1550	1938	2	0	2055	1.00	5650	21.09.29	12:18	1	30	5650	5650	00	0000011020554	0	0	0	0	0	0	0	0
$10	1550	1938	3	0	2055	1.00	5650	21.09.29	12:18	1	30	5650	5650	00	0000011020554	0	0	0	0	0	0	0	0
$10	1550	1938	4	0	2052	1.00	9800	21.09.29	12:18	1	30	9800	9800	00	0000011020523	0	0	0	0	0	0	0	0
$10	1550	1938	5	0	2055	1.00	5650	21.09.29	12:18	1	30	5650	5650	00	0000011020554	0	0	0	0	0	0	0	0
$10	1550	1938	6	0	2055	1.00	5650	21.09.29	12:18	1	30	5650	5650	00	0000011020554	0	0	0	0	0	0	0	0
$1	1550	1938	1	0	1115	1.00	450	21.09.29	12:18	2	30	450	450	00	5905279799615	0	0	0	0	0	0	0	0
$1	1550	1938	2	0	1217	1.00	450	21.09.29	12:18	2	30	450	450	00	5909990195824	0	0	0	0	0	0	0	0
$10	1550	1939	1	0	2333	1.00	1250	21.09.29	12:22	2	30	1250	1250	00	0000020023331	0	0	0	0	0	0	0	0
$10	1550	1939	2	0	1189	1.00	550	21.09.29	12:22	2	30	550	550	00	0000005011896	0	0	0	0	0	0	0	0
$10	1550	1939	3	0	3078	1.00	250	21.09.29	12:22	2	30	250	250	00	0000020030780	0	0	0	0	0	0	0	0
$10	1550	1939	4	0	2488	1.00	5	21.09.29	12:22	2	30	5	450	00	0000020024888	0	0	0	0	0	0	0	1
$1	1550	1939	1	0	1189	1.00	550	21.09.29	12:22	2	30	550	550	00	0000005011896	0	0	0	0	0	0	0	0
$1	1550	1939	2	0	2333	1.00	1250	21.09.29	12:22	2	30	1250	1250	00	0000020023331	0	0	0	0	0	0	0	0
$1	1550	1939	3	0	3078	1.00	250	21.09.29	12:22	2	30	250	250	00	0000020030780	0	0	0	0	0	0	0	0
$1	1550	1939	4	0	2488	1.00	450	21.09.29	12:22	2	30	450	450	00	0000020024888	0	0	0	0	0	0	0	0
$1	1550	1940	1	0	1116	1.00	590	21.09.29	12:52	2	30	590	590	00	5906365702335	0	0	0	0	0	0	0	0
$1	1550	1940	2	0	1097	1.00	400	21.09.29	12:52	2	30	400	400	00	5909994310568	0	0	0	0	0	0	0	0
$1	1550	1940	3	0	1181	1.00	390	21.09.29	12:52	2	30	390	390	00	5909994310964	0	0	0	0	0	0	0	0
$1	1550	1940	4	0	1193	1.00	450	21.09.29	12:52	2	30	450	450	00	5909990195725	0	0	0	0	0	0	0	0
$1	1550	1940	5	0	1163	1.00	450	21.09.29	12:52	2	30	450	450	00	5909994308824	0	0	0	0	0	0	0	0
$1	1550	1940	6	0	1052	1.00	390	21.09.29	12:52	3	30	390	390	00	5907752643972	0	0	0	0	0	0	0	0
$1	1550	1941	1	0	0002	1.000	1090	21.09.29	13:07	1	30	1090	1090	00	0000000000000	0	0	0	0	0	0	0	0
$10	1550	1942	1	0	3495	1.00	4350	21.09.29	13:29	1	30	4350	4350	00	0000024034951	0	0	0	0	0	0	0	0
$10	1550	1942	2	0	2024	1.00	2490	21.09.29	13:29	1	30	2490	2490	00	0000010020241	0	0	0	0	0	0	0	0
$10	1550	1942	3	0	2024	1.00	2490	21.09.29	13:29	1	30	2490	2490	00	0000010020241	0	0	0	0	0	0	0	0
$1	1550	1942	1	0	2058	1.00	2550	21.09.29	13:29	1	30	2550	2550	00	0000011020585	0	0	0	0	0	0	0	0
$1	1550	1943	1	0	0002	2.000	2280	21.09.29	13:35	1	30	2280	2280	00	0000000000000	0	0	0	0	0	0	0	0
$1	1550	1943	2	0	1527	1.00	3350	21.09.29	13:35	3	30	3350	3350	00	0000007015274	0	0	0	0	0	0	0	0
$1	1550	1944	1	0	1191	1.00	450	21.09.29	15:37	2	30	450	450	00	5909990628490	0	0	0	0	0	0	0	0
$1	1550	1944	2	0	0967	1.00	450	21.09.29	15:37	2	30	450	450	00	5907752643750	0	0	0	0	0	0	0	0
$1	1550	1944	3	0	1248	1.00	1050	21.09.29	15:37	2	30	1050	1050	00	5909990628254	0	0	0	0	0	0	0	0
$1	1550	1945	1	0	3358	1.00	7390	21.09.29	15:45	1	30	7390	7390	00	0000024033589	0	0	0	0	0	0	0	0
$1	1550	1945	2	0	0094	1.000	1190	21.09.29	15:45	2	30	1190	1190	00	0000000000000	0	0	0	0	0	0	0	0
$1	1550	1945	3	0	0094	1.000	1190	21.09.29	15:45	2	30	1190	1190	00	0000000000000	0	0	0	0	0	0	0	0
$1	1550	1946	1	0	2050	3.00	7650	21.09.29	15:55	1	30	7650	7650	00	0000011020509	0	0	0	0	0	0	0	0
$1	1550	1946	2	0	0457	3.00	3870	21.09.29	15:55	1	30	3870	3870	00	5907502687065	0	0	0	0	0	0	0	0
$1	1550	1946	3	0	1605	3.00	2370	21.09.29	15:55	1	30	2370	2370	00	0000007016059	0	0	0	0	0	0	0	0
$1	1550	1947	1	0	2053	1.00	2550	21.09.29	15:56	1	30	2550	2550	00	0000011020530	0	0	0	0	0	0	0	0
$1	1550	1948	1	0	3444	1.00	5190	21.09.29	16:03	1	30	5190	5190	00	0000024034449	0	0	0	0	0	0	0	0
$1	1550	1948	2	0	0225	1.000	590	21.09.29	16:03	1	30	590	590	00	0000000000000	0	0	0	0	0	0	0	0
$1	1550	1948	3	0	1927	1.00	1450	21.09.29	16:03	2	30	1450	1450	00	0000009019270	0	0	0	0	0	0	0	0
$1	1550	1949	1	0	0461	1.00	2490	21.09.29	16:07	1	30	2490	2490	00	5907502687232	0	0	0	0	0	0	0	0
$1	1550	1950	1	0	0066	1.000	12	21.09.29	16:14	1	30	12	1190	00	0000000000000	0	0	0	0	0	0	0	1
$1	1550	1951	1	0	3269	1.00	1475	21.09.29	16:27	1	30	5900	5900	00	0000014032691	0	1	0	0	0	0	0	0
$1	1550	1952	1	0	0065	1.000	490	21.09.29	17:02	1	30	490	490	00	0000000000000	0	0	0	0	0	0	0	0
$1	1550	1953	1	0	2052	1.00	5155	21.09.29	17:34	1	30	9800	9800	00	0000011020523	0	1	0	0	0	0	0	0
$1	1550	1953	2	0	2055	2.00	5945	21.09.29	17:34	1	30	11300	11300	00	0000011020554	0	1	0	0	0	0	0	0
$1	1551	1955	1	0	3368	1.00	3990	21.09.30	09:43	1	30	3990	3990	00	0000024033688	0	0	0	0	0	0	0	0
$1	1551	1955	2	0	3374	1.00	5290	21.09.30	09:43	1	30	5290	5290	00	0000024033749	0	0	0	0	0	0	0	0
$1	1551	1955	3	0	3449	1.00	4250	21.09.30	09:43	1	30	4250	4250	00	0000024034494	0	0	0	0	0	0	0	0
$1	1551	1955	4	0	3379	1.00	4190	21.09.30	09:43	1	30	4190	4190	00	0000024033794	0	0	0	0	0	0	0	0
$1	1551	1956	1	0	2050	1.00	2550	21.09.30	09:59	1	30	2550	2550	00	0000011020509	0	0	0	0	0	0	0	0
$1	1551	1956	2	0	2053	1.00	2550	21.09.30	09:59	1	30	2550	2550	00	0000011020530	0	0	0	0	0	0	0	0
$1	1551	1956	3	0	2053	1.00	2550	21.09.30	09:59	1	30	2550	2550	00	0000011020530	0	0	0	0	0	0	0	0
$1	1551	1956	4	0	1012	1.00	790	21.09.30	09:59	2	30	790	790	00	5909994310865	0	0	0	0	0	0	0	0
$1	1551	1956	5	0	1165	1.00	450	21.09.30	09:59	2	30	450	450	00	5909994311169	0	0	0	0	0	0	0	0
$1	1551	1957	1	0	0673	1.00	2890	21.09.30	10:51	1	30	2890	2890	00	5902249014839	0	0	0	0	0	0	0	0
$1	1551	1957	2	0	0622	1.00	2090	21.09.30	10:51	1	30	2090	2090	00	5902249011272	0	0	0	0	0	0	0	0
$1	1551	1957	3	0	1928	1.00	1450	21.09.30	10:51	2	30	1450	1450	00	0000009019287	0	0	0	0	0	0	0	0
$1	1551	1957	4	0	1264	1.00	4150	21.09.30	10:51	1	30	4150	4150	00	0000024012645	0	0	0	0	0	0	0	0
$1	1551	1957	5	0	1264	1.00	4150	21.09.30	10:51	1	30	4150	4150	00	0000024012645	0	0	0	0	0	0	0	0
$1	1551	1958	1	0	2290	1.00	1850	21.09.30	10:58	1	30	1850	1850	00	0000014022906	0	0	0	0	0	0	0	0
$1	1551	1959	1	0	1191	1.00	450	21.09.30	11:11	2	30	450	450	00	5909990628490	0	0	0	0	0	0	0	0
$1	1551	1959	2	0	1154	1.00	490	21.09.30	11:11	2	30	490	490	00	5909994312067	0	0	0	0	0	0	0	0
$1	1551	1959	3	0	1012	1.00	790	21.09.30	11:11	2	30	790	790	00	5909994310865	0	0	0	0	0	0	0	0
$1	1551	1959	4	0	3021	1.00	1150	21.09.30	11:11	3	30	1150	1150	00	0000020030216	0	0	0	0	0	0	0	0
$1	1551	1959	5	0	0002	1.000	810	21.09.30	11:11	1	30	810	810	00	0000000000000	0	0	0	0	0	0	0	0
$1	1551	1959	6	0	0026	2.000	2380	21.09.30	11:11	1	30	2380	2380	00	0000000000000	0	0	0	0	0	0	0	0
$1	1551	1959	7	0	1307	1.00	2290	21.09.30	11:11	3	30	2290	2290	00	0000006013073	0	0	0	0	0	0	0	0
$1	1551	1960	1	0	1366	1.00	2900	21.09.30	11:19	3	30	2900	2900	00	0000006013660	0	0	0	0	0	0	0	0
$1	1551	1960	2	0	1249	1.00	750	21.09.30	11:19	2	30	750	750	00	5909994310667	0	0	0	0	0	0	0	0
$1	1551	1961	1	0	3363	1.00	4950	21.09.30	11:32	1	30	4950	4950	00	0000024033633	0	0	0	0	0	0	0	0
$1	1551	1961	2	0	1900	1.00	1650	21.09.30	11:32	1	30	1650	1650	00	0000009019003	0	0	0	0	0	0	0	0
$1	1551	1961	3	0	3903	1.00	2150	21.09.30	11:32	1	30	2150	2150	00	0000028039037	0	0	0	0	0	0	0	0
$1	1551	1961	4	0	3903	1.00	2150	21.09.30	11:32	1	30	2150	2150	00	0000028039037	0	0	0	0	0	0	0	0
$1	1551	1961	5	0	3903	1.00	2150	21.09.30	11:32	1	30	2150	2150	00	0000028039037	0	0	0	0	0	0	0	0
$1	1551	1962	1	0	0570	1.00	690	21.09.30	11:34	1	30	690	690	00	5902249010503	0	0	0	0	0	0	0	0
$1	1551	1962	2	0	0570	1.00	690	21.09.30	11:34	1	30	690	690	00	5902249010503	0	0	0	0	0	0	0	0
$1	1551	1963	1	0	2523	1.00	2190	21.09.30	11:43	2	30	2190	2190	00	0000017025232	0	0	0	0	0	0	0	0
$1	1551	1963	2	0	1185	1.00	450	21.09.30	11:43	2	30	450	450	00	5909990628391	0	0	0	0	0	0	0	0
$1	1551	1964	1	0	3147	1.00	2590	21.09.30	11:57	1	30	2590	2590	00	0000016031470	0	0	0	0	0	0	0	0
$1	1551	1965	1	0	3901	1.00	950	21.09.30	12:12	1	30	950	950	00	0000028039013	0	0	0	0	0	0	0	0
$1	1551	1965	2	0	3901	1.00	950	21.09.30	12:12	1	30	950	950	00	0000028039013	0	0	0	0	0	0	0	0
$1	1551	1965	3	0	3901	1.00	950	21.09.30	12:12	1	30	950	950	00	0000028039013	0	0	0	0	0	0	0	0
$10	1551	1965	1	0	2460	1.00	200	21.09.30	12:12	2	30	200	200	00	0000033002996	0	0	0	0	0	0	0	0
$1	1551	1965	4	0	2350	2.00	1300	21.09.30	12:12	1	30	1300	1300	00	0000015023506	0	0	0	0	0	0	0	0
$1	1551	1966	1	0	0209	1.000	3650	21.09.30	12:46	1	30	3650	3650	00	0000000000000	0	0	0	0	0	0	0	0
$1	1551	1966	2	0	3355	1.00	3990	21.09.30	12:46	1	30	3990	3990	00	0000008033550	0	0	0	0	0	0	0	0
$1	1551	1967	1	0	2171	1.00	890	21.09.30	13:06	1	30	890	890	00	0000013021719	0	0	0	0	0	0	0	0
$1	1551	1968	1	0	2814	1.00	6990	21.09.30	14:35	1	30	6990	6990	00	0000009019546	0	0	0	0	0	0	0	0
$1	1551	1968	2	0	2729	1.00	2990	21.09.30	14:35	2	30	2990	2990	00	0000017027298	0	0	0	0	0	0	0	0
$1	1551	1968	3	0	0986	1.00	590	21.09.30	14:35	2	30	590	590	00	5906365702007	0	0	0	0	0	0	0	0
$1	1551	1969	1	0	0002	1.000	1090	21.09.30	14:38	1	30	1090	1090	00	0000000000000	0	0	0	0	0	0	0	0
$1	1551	1969	2	0	1112	1.00	490	21.09.30	14:38	2	30	490	490	00	5906365702267	0	0	0	0	0	0	0	0
$1	1551	1970	1	0	1215	1.00	550	21.09.30	14:58	2	30	550	550	00	5909994311213	0	0	0	0	0	0	0	0
$1	1551	1970	2	0	1069	1.00	750	21.09.30	14:58	2	30	750	750	00	5906365702151	0	0	0	0	0	0	0	0
$1	1551	1971	1	0	3942	1.00	1690	21.09.30	15:08	1	30	1690	1690	00	8691190967482	0	0	0	0	0	0	0	0
$1	1551	1971	2	0	3935	1.00	1090	21.09.30	15:08	1	30	1090	1090	00	8691190967185	0	0	0	0	0	0	0	0
$1	1551	1971	3	0	2053	1.00	2550	21.09.30	15:08	1	30	2550	2550	00	0000011020530	0	0	0	0	0	0	0	0
$1	1551	1971	4	0	0541	1.00	2690	21.09.30	15:08	1	30	2690	2690	00	5902249010107	0	0	0	0	0	0	0	0
$1	1551	1972	1	0	1316	1.00	2850	21.09.30	15:34	1	30	2850	2850	00	0000006013165	0	0	0	0	0	0	0	0
$1	1551	1972	2	0	1055	1.00	790	21.09.30	15:34	3	30	790	790	00	0000005010554	0	0	0	0	0	0	0	0
$1	1551	1973	1	0	2975	1.00	2790	21.09.30	15:43	2	30	2790	2790	00	0000019029757	0	0	0	0	0	0	0	0
$1	1551	1974	1	0	2069	1.00	2690	21.09.30	16:34	1	30	2690	2690	00	0000012020690	0	0	0	0	0	0	0	0
$1	1551	1975	1	0	3906	1.00	3850	21.09.30	17:15	1	30	3850	3850	00	0000028039068	0	0	0	0	0	0	0	0
$1	1551	1975	2	0	2738	1.00	1950	21.09.30	17:15	1	30	1950	1950	00	0000014027383	0	0	0	0	0	0	0	0
$1	1551	1975	3	0	0736	1.00	4390	21.09.30	17:15	1	30	4390	4390	00	0000003007365	0	0	0	0	0	0	0	0
$1	1551	1976	1	0	2068	1.00	5990	21.09.30	17:16	1	30	5990	5990	00	0000012020683	0	0	0	0	0	0	0	0
$1	1551	1976	2	0	3355	1.00	3990	21.09.30	17:16	1	30	3990	3990	00	0000008033550	0	0	0	0	0	0	0	0
$1	1552	1979	1	0	3009	1.00	2090	21.10.05	10:15	1	30	2090	2090	00	0000019030098	0	0	0	0	0	0	0	0
$1	1552	1980	1	0	2427	1.00	2590	21.10.05	10:18	1	30	2590	2590	00	0000016024274	0	0	0	0	0	0	0	0
$1	1552	1981	1	0	0834	2.00	11980	21.10.05	10:53	1	30	11980	11980	00	0000024008341	0	0	0	0	0	0	0	0
$10	1552	1981	1	0	0946	2.00	6580	21.10.05	10:53	1	30	6580	6580	00	0000024009461	0	0	0	0	0	0	0	0
$1	1552	1982	1	0	0002	1.000	2950	21.10.05	10:57	1	30	2950	2950	00	0000000000000	0	0	0	0	0	0	0	0
$1	1552	1983	1	0	1162	1.00	450	21.10.05	10:59	2	30	450	450	00	5909994311763	0	0	0	0	0	0	0	0
$10	1552	1983	1	0	1162	1.00	450	21.10.05	10:59	2	30	450	450	00	5909994311763	0	0	0	0	0	0	0	0
$12	1552	1	1	0	0463	1.00	2250	21.10.05	11:01	1	30	2250	2250	00	5907502687249	0	0	0	0	0	0	0	0
$1	1552	1985	1	0	0560	1.00	2750	21.10.05	11:30	1	30	2750	2750	00	5907502687966	0	0	0	0	0	0	0	0
$1	1552	1985	2	0	0603	1.00	3850	21.10.05	11:30	1	30	3850	3850	00	5902249011074	0	0	0	0	0	0	0	0
$1	1552	1985	3	0	0605	1.00	3950	21.10.05	11:30	1	30	3950	3950	00	5902249011098	0	0	0	0	0	0	0	0
$1	1552	1985	4	0	1796	1.00	2650	21.10.05	11:30	1	30	2650	2650	00	0000008017963	0	0	0	0	0	0	0	0
$1	1552	1986	1	0	3156	1.00	2090	21.10.05	11:31	1	30	2090	2090	00	0000002031569	0	0	0	0	0	0	0	0
$1	1552	1986	2	0	3340	1.00	1990	21.10.05	11:31	1	30	1990	1990	00	5902249015836	0	0	0	0	0	0	0	0
$1	1552	1987	1	0	3934	1.00	1090	21.10.05	11:54	1	30	1090	1090	00	8691190967178	0	0	0	0	0	0	0	0
$1	1552	1988	1	0	1232	1.00	400	21.10.05	12:12	2	30	400	400	00	5909990219520	0	0	0	0	0	0	0	0
$1	1552	1988	2	0	1206	1.00	490	21.10.05	12:12	2	30	490	490	00	5909990903115	0	0	0	0	0	0	0	0
$1	1552	1988	3	0	1230	1.00	450	21.10.05	12:12	2	30	450	450	00	5909994310766	0	0	0	0	0	0	0	0
$1	1552	1988	4	0	1226	1.00	450	21.10.05	12:12	2	30	450	450	00	5909990219025	0	0	0	0	0	0	0	0
$1	1552	1988	5	0	1181	1.00	390	21.10.05	12:12	2	30	390	390	00	5909994310964	0	0	0	0	0	0	0	0
$1	1552	1988	6	0	1193	1.00	450	21.10.05	12:12	2	30	450	450	00	5909990195725	0	0	0	0	0	0	0	0
$1	1552	1988	7	0	1233	1.00	650	21.10.05	12:12	2	30	650	650	00	5909990628223	0	0	0	0	0	0	0	0
$1	1552	1988	8	0	1168	1.00	390	21.10.05	12:12	2	30	390	390	00	5909994310261	0	0	0	0	0	0	0	0
$1	1552	1988	9	0	1097	1.00	400	21.10.05	12:12	2	30	400	400	00	5909994310568	0	0	0	0	0	0	0	0
$1	1552	1989	1	0	4053	1.00	250	21.10.05	12:16	1	30	250	350	00	0000099040536	0	0	0	0	0	0	0	1
$1	1552	1989	2	0	1557	1.00	2450	21.10.05	12:16	2	30	2450	2450	00	0000007015571	0	0	0	0	0	0	0	0
$1	1552	1990	1	0	1574	6.00	2940	21.10.05	14:41	2	30	2940	2940	00	0000007015748	0	0	0	0	0	0	0	0
$1	1552	1991	1	0	1035	2.00	980	21.10.05	15:00	2	30	980	980	00	5909994310124	0	0	0	0	0	0	0	0
$1	1552	1992	1	0	2069	1.00	2690	21.10.05	16:09	1	30	2690	2690	00	0000012020690	0	0	0	0	0	0	0	0
$1	1552	1992	2	0	0893	1.00	3990	21.10.05	16:09	1	30	3990	3990	00	0000004008934	0	0	0	0	0	0	0	0
$1	1552	1993	1	0	1219	1.00	590	21.10.05	16:23	2	30	590	590	00	0000005012190	0	0	0	0	0	0	0	0
$1	1552	1994	1	0	2359	1.00	5950	21.10.05	16:30	1	30	5950	5950	00	0000001023596	0	0	0	0	0	0	0	0
$1	1552	1994	2	0	1925	1.00	1450	21.10.05	16:30	2	30	1450	1450	00	0000009019256	0	0	0	0	0	0	0	0
$1	1552	1994	3	0	0226	1.000	1350	21.10.05	16:30	1	30	1350	1350	00	0000000000000	0	0	0	0	0	0	0	0
$1	1552	1994	4	0	2108	1.00	2190	21.10.05	16:30	2	30	2190	2190	00	0000006021085	0	0	0	0	0	0	0	0
$1	1552	1994	5	0	3945	1.00	1490	21.10.05	16:30	1	30	1490	1490	00	8691190967253	0	0	0	0	0	0	0	0
$1	1552	1994	6	0	3793	1.00	350	21.10.05	16:30	1	30	350	350	00	0000025037937	0	0	0	0	0	0	0	0
$1	1552	1994	7	0	3153	1.00	2890	21.10.05	16:30	1	30	2890	2890	00	5902249015812	0	0	0	0	0	0	0	0
$1	1552	1994	8	0	0026	1.000	1690	21.10.05	16:30	1	30	1690	1690	00	0000000000000	0	0	0	0	0	0	0	0
$1	1552	1995	1	0	1107	1.00	400	21.10.05	16:44	2	30	400	400	00	5909994311466	0	0	0	0	0	0	0	0
$1	1552	1995	2	0	1251	1.00	490	21.10.05	16:44	2	30	490	490	00	5909994308527	0	0	0	0	0	0	0	0
$1	1552	1995	3	0	1191	1.00	450	21.10.05	16:44	2	30	450	450	00	5909990628490	0	0	0	0	0	0	0	0
$1	1552	1995	4	0	1231	1.00	450	21.10.05	16:44	2	30	450	450	00	5909994310469	0	0	0	0	0	0	0	0
$1	1552	1996	1	0	1339	1.00	990	21.10.05	16:55	3	30	990	990	00	0000006013394	0	0	0	0	0	0	0	0
$1	1552	1996	2	0	0065	1.000	100	21.10.05	16:55	1	30	100	100	00	0000000000000	0	0	0	0	0	0	0	0
$1	1552	1997	1	0	1183	2.00	1180	21.10.05	17:10	2	30	1180	1180	00	5909990628414	0	0	0	0	0	0	0	0
$1	1552	1998	1	0	0086	1.000	490	21.10.05	17:11	1	30	490	490	00	0000000000000	0	0	0	0	0	0	0	0
$1	1552	1999	1	0	0026	1.000	2190	21.10.05	17:28	1	30	2190	2190	00	0000000000000	0	0	0	0	0	0	0	0
$1	1552	1999	2	0	0454	1.00	3750	21.10.05	17:28	1	30	3750	3750	00	5907502687188	0	0	0	0	0	0	0	0
$1	1553	2001	1	0	0803	1.00	4590	21.10.06	10:21	1	30	4590	4590	00	0000024008037	0	0	0	0	0	0	0	0
$1	1553	2002	1	0	3472	1.00	5850	21.10.06	10:38	1	30	5850	5850	00	0000024034722	0	0	0	0	0	0	0	0
$1	1553	2002	2	0	3613	1.00	5150	21.10.06	10:38	1	30	5150	5150	00	0000024036139	0	0	0	0	0	0	0	0
$1	1553	2002	3	0	3250	1.00	7250	21.10.06	10:38	1	30	7250	7250	00	0000024032506	0	0	0	0	0	0	0	0
$1	1553	2002	4	0	1574	1.00	490	21.10.06	10:38	2	30	490	490	00	0000007015748	0	0	0	0	0	0	0	0
$1	1553	2003	1	0	1445	1.00	4750	21.10.06	10:42	1	30	4750	4750	00	0000034014455	0	0	0	0	0	0	0	0
$1	1553	2003	2	0	3903	1.00	2150	21.10.06	10:42	1	30	2150	2150	00	0000028039037	0	0	0	0	0	0	0	0
$1	1553	2004	1	0	0182	1.000	1250	21.10.06	10:51	2	30	1250	1250	00	0000000000000	0	0	0	0	0	0	0	0
$1	1553	2005	1	0	0182	1.000	760	21.10.06	11:45	2	30	760	760	00	0000000000000	0	0	0	0	0	0	0	0
$1	1553	2006	1	0	1249	1.00	750	21.10.06	11:54	2	30	750	750	00	5909994310667	0	0	0	0	0	0	0	0
$1	1553	2007	1	0	0182	2.000	2180	21.10.06	12:10	2	30	2180	2180	00	0000000000000	0	0	0	0	0	0	0	0
$1	1553	2008	1	0	0182	1.000	1950	21.10.06	12:12	2	30	1950	1950	00	0000000000000	0	0	0	0	0	0	0	0
$1	1553	2008	2	0	3574	1.00	2450	21.10.06	12:12	1	30	2450	2450	00	0000024035743	0	0	0	0	0	0	0	0
$1	1553	2009	1	0	0983	3.00	2370	21.10.06	12:30	3	30	2370	2370	00	0000005009831	0	0	0	0	0	0	0	0
$1	1553	2010	1	0	1115	3.00	338	21.10.06	12:38	2	30	1350	1350	00	5905279799615	0	1	0	0	0	0	0	0
$1	1553	2011	1	0	0182	1.000	760	21.10.06	12:39	2	30	760	760	00	0000000000000	0	0	0	0	0	0	0	0
$1	1553	2012	1	0	1028	1.00	750	21.10.06	12:41	2	30	750	750	00	0000005010288	0	0	0	0	0	0	0	0
$1	1553	2013	1	0	3739	1.00	650	21.10.06	13:28	1	30	650	650	00	0000025037395	0	0	0	0	0	0	0	0
$1	1553	2013	2	0	3169	2.00	6380	21.10.06	13:28	1	30	6380	6380	00	0000008031693	0	0	0	0	0	0	0	0
$1	1553	2013	3	0	2501	1.00	1250	21.10.06	13:28	2	30	1250	1250	00	0000020025014	0	0	0	0	0	0	0	0
$1	1553	2014	1	0	2030	1.00	2690	21.10.06	13:30	1	30	2690	2690	00	0800307818830	0	0	0	0	0	0	0	0
$1	1553	2015	1	0	4007	1.00	1150	21.10.06	13:54	1	30	1150	1150	00	0000031040075	0	0	0	0	0	0	0	0
$1	1553	2016	1	0	0570	1.00	690	21.10.06	16:06	1	30	690	690	00	5902249010503	0	0	0	0	0	0	0	0
$1	1553	2016	2	0	0862	1.00	4590	21.10.06	16:06	1	30	4590	4590	00	5906395235285	0	0	0	0	0	0	0	0
$1	1553	2016	3	0	0647	1.00	3090	21.10.06	16:06	1	30	3090	3090	00	5902249012125	0	0	0	0	0	0	0	0
$1	1553	2016	4	0	0540	1.00	2190	21.10.06	16:06	1	30	2190	2190	00	5902249010091	0	0	0	0	0	0	0	0
$1	1553	2016	5	0	0667	1.00	5990	21.10.06	16:06	1	30	5990	5990	00	5902249014846	0	0	0	0	0	0	0	0
$1	1553	2017	1	0	0893	1.00	3990	21.10.06	16:20	1	30	3990	3990	00	5902596416287	0	0	0	0	0	0	0	0
$1	1553	2017	2	0	0473	1.00	2290	21.10.06	16:20	1	30	2290	2290	00	5907502687317	0	0	0	0	0	0	0	0
$1	1553	2018	1	0	2342	1.00	20	21.10.06	17:29	1	30	1990	1990	00	5903760200558	0	1	0	0	0	0	0	0
$1	1553	2018	2	0	3387	1.00	40	21.10.06	17:29	1	30	3950	3950	00	0000024033879	0	1	0	0	0	0	0	0
$1	1553	2018	3	0	0002	1.000	11	21.10.06	17:29	1	30	1090	1090	00	0000000000000	0	1	0	0	0	0	0	0
$1	1553	2018	4	0	2050	1.00	26	21.10.06	17:29	1	30	2550	2550	00	0000011020509	0	1	0	0	0	0	0	0
$1	1554	2020	1	0	2053	1.00	2550	21.10.07	11:31	1	30	2550	2550	00	0000011020530	0	0	0	0	0	0	0	0
$1	1554	2021	1	0	0991	1.00	450	21.10.07	11:37	3	30	450	450	00	5906365702298	0	0	0	0	0	0	0	0
$1	1554	2021	2	0	3782	1.00	1350	21.10.07	11:37	1	30	1350	1350	00	0000025037821	0	0	0	0	0	0	0	0
$1	1554	2022	1	0	0002	1.000	2490	21.10.07	11:41	1	30	2490	2490	00	0000000000000	0	0	0	0	0	0	0	0
$1	1554	2022	2	0	0634	1.00	5850	21.10.07	11:41	1	30	5850	5850	00	5902249011395	0	0	0	0	0	0	0	0
$1	1554	2023	1	0	0470	1.00	3450	21.10.07	11:42	1	30	3450	3450	00	5907502687263	0	0	0	0	0	0	0	0
$1	1554	2024	1	0	3466	1.00	6790	21.10.07	12:20	1	30	6790	6790	00	0000024034661	0	0	0	0	0	0	0	0
$1	1554	2024	2	0	3459	1.00	4790	21.10.07	12:20	1	30	4790	4790	00	0000024034593	0	0	0	0	0	0	0	0
$1	1554	2025	1	0	0012	1.000	1150	21.10.07	12:31	1	30	1150	1150	00	0000000000000	0	0	0	0	0	0	0	0
$1	1554	2025	2	0	3868	1.00	750	21.10.07	12:31	1	30	750	750	00	0000026038681	0	0	0	0	0	0	0	0
$12	1554	1	1	0	0259	1.000	2350	21.10.07	12:39	3	30	2350	2350	00	0000000000000	0	0	0	0	0	0	0	0
$12	1554	1	2	0	1573	1.00	490	21.10.07	12:39	2	30	490	490	00	5906660817208	0	0	0	0	0	0	0	0
$1	1554	2027	1	0	2350	1.00	650	21.10.07	12:49	1	30	650	650	00	0000015023506	0	0	0	0	0	0	0	0
$1	1554	2028	1	0	1159	1.00	390	21.10.07	14:05	2	30	390	390	00	5909994311657	0	0	0	0	0	0	0	0
$1	1554	2028	2	0	1097	1.00	400	21.10.07	14:05	2	30	400	400	00	5909994310568	0	0	0	0	0	0	0	0
$1	1554	2028	3	0	0182	1.000	780	21.10.07	14:05	2	30	780	780	00	0000000000000	0	0	0	0	0	0	0	0
$10	1554	2029	1	0	0182	1.000	1950	21.10.07	14:09	2	30	1950	1950	00	0000000000000	0	0	0	0	0	0	0	0
$1	1554	2029	1	0	1602	1.00	750	21.10.07	14:09	1	30	750	750	00	0000007016028	0	0	0	0	0	0	0	0
$1	1554	2029	2	0	0181	1.000	2150	21.10.07	14:09	3	30	2150	2150	00	0000000000000	0	0	0	0	0	0	0	0
$1	1554	2030	1	0	1457	1.00	4250	21.10.07	14:32	1	30	4250	4250	00	0000034014578	0	0	0	0	0	0	0	0
$1	1554	2030	2	0	1461	1.00	2850	21.10.07	14:32	1	30	2850	2850	00	0000034014615	0	0	0	0	0	0	0	0
$1	1554	2031	1	0	0209	1.000	913	21.10.07	15:10	1	30	3650	3650	00	0000000000000	0	1	0	0	0	0	0	0
$1	1554	2031	2	0	0182	1.000	145	21.10.07	15:10	2	30	580	580	00	0000000000000	0	1	0	0	0	0	0	0
$1	1554	2031	3	0	1918	1.00	413	21.10.07	15:10	1	30	1650	1650	00	0680275057901	0	1	0	0	0	0	0	0
$1	1554	2031	4	0	2460	2.00	100	21.10.07	15:10	2	30	400	400	00	0000033002996	0	1	0	0	0	0	0	0
$1	1554	2032	1	0	2612	1.00	1450	21.10.07	15:10	2	30	1450	1450	00	0000017026123	0	0	0	0	0	0	0	0
$1	1554	2033	1	0	3357	1.00	3850	21.10.07	15:59	1	30	3850	3850	00	0000018033571	0	0	0	0	0	0	0	0
$1	1554	2033	2	0	0209	1.000	3650	21.10.07	15:59	1	30	3650	3650	00	0000000000000	0	0	0	0	0	0	0	0
$1	1554	2034	1	0	0517	4.00	7960	21.10.07	16:09	1	30	7960	7960	00	5907502687805	0	0	0	0	0	0	0	0
$1	1554	2034	2	0	0182	4.000	4360	21.10.07	16:09	2	30	4360	4360	00	0000000000000	0	0	0	0	0	0	0	0
$1	1554	2035	1	0	0038	2.000	2980	21.10.07	16:10	1	30	2980	2980	00	0000000000000	0	0	0	0	0	0	0	0
$1	1554	2035	2	0	1573	3.00	1470	21.10.07	16:10	2	30	1470	1470	00	5906660817208	0	0	0	0	0	0	0	0
$1	1554	2035	3	0	0095	1.000	1190	21.10.07	16:10	1	30	1190	1190	00	0000000000000	0	0	0	0	0	0	0	0
$1	1554	2035	4	0	0035	1.000	801	21.10.07	16:10	1	30	801	890	00	0000000000000	0	0	0	0	0	0	0	1
$1	1554	2036	1	0	1232	1.00	400	21.10.07	16:17	2	30	400	400	00	5909990219520	0	0	0	0	0	0	0	0
$1	1554	2037	1	0	1190	1.00	550	21.10.07	16:30	2	30	550	550	00	0000005011902	0	0	0	0	0	0	0	0
$1	1555	2039	1	0	1237	3.00	2550	21.10.08	10:13	3	30	2550	2550	00	5906365702670	0	0	0	0	0	0	0	0
$1	1555	2040	1	0	0182	1.000	780	21.10.08	10:56	2	30	780	780	00	0000000000000	0	0	0	0	0	0	0	0
$1	1555	2041	1	0	2260	1.00	290	21.10.08	11:08	3	30	290	290	00	0000020022600	0	0	0	0	0	0	0	0
$1	1555	2042	1	0	0002	1.000	1090	21.10.08	11:17	1	30	1090	1090	00	0000000000000	0	0	0	0	0	0	0	0
$1	1555	2043	1	0	3901	1.00	950	21.10.08	12:04	1	30	950	950	00	0000028039013	0	0	0	0	0	0	0	0
$1	1555	2044	1	0	0182	1.000	1250	21.10.08	12:08	2	30	1250	1250	00	0000000000000	0	0	0	0	0	0	0	0
$10	1555	2045	1	0	2055	1.00	5650	21.10.08	12:15	1	30	5650	5650	00	0000011020554	0	0	0	0	0	0	0	0
$10	1555	2045	2	0	2053	1.00	2550	21.10.08	12:15	1	30	2550	2550	00	0000011020530	0	0	0	0	0	0	0	0
$1	1555	2045	1	0	2053	1.00	2550	21.10.08	12:15	1	30	2550	2550	00	0000011020530	0	0	0	0	0	0	0	0
$1	1555	2046	1	0	0259	1.000	2350	21.10.08	12:26	3	30	2350	2350	00	0000000000000	0	0	0	0	0	0	0	0
$1	1555	2046	2	0	1573	1.00	490	21.10.08	12:26	2	30	490	490	00	5906660817208	0	0	0	0	0	0	0	0
$1	1555	2047	1	0	0182	1.000	690	21.10.08	12:35	2	30	690	690	00	0000000000000	0	0	0	0	0	0	0	0
$1	1555	2047	2	0	0002	1.000	740	21.10.08	12:35	1	30	740	740	00	0000000000000	0	0	0	0	0	0	0	0
$1	1555	2048	1	0	1724	1.00	4761	21.10.08	13:09	1	30	4761	5290	00	0000008017246	0	0	0	0	0	0	0	1
$1	1555	2048	2	0	2323	1.00	4800	21.10.08	13:09	1	30	4800	4800	00	0000014023231	0	0	0	0	0	0	0	0
$1	1555	2048	3	0	2053	3.00	7650	21.10.08	13:09	1	30	7650	7650	00	0000011020530	0	0	0	0	0	0	0	0
$1	1555	2048	4	0	3355	1.00	3990	21.10.08	13:09	1	30	3990	3990	00	0000008033550	0	0	0	0	0	0	0	0
$1	1555	2048	5	0	0725	1.00	6190	21.10.08	13:09	1	30	6190	6190	00	0000003007259	0	0	0	0	0	0	0	0
$1	1555	2048	6	0	2350	1.00	650	21.10.08	13:09	1	30	650	650	00	0000015023506	0	0	0	0	0	0	0	0
$1	1555	2049	1	0	0397	1.00	1890	21.10.08	13:14	1	30	1890	1890	00	5900168907751	0	0	0	0	0	0	0	0
$1	1555	2049	2	0	2350	2.00	1300	21.10.08	13:14	1	30	1300	1300	00	0000015023506	0	0	0	0	0	0	0	0
$1	1555	2049	3	0	0364	1.00	1290	21.10.08	13:14	1	30	1290	1290	00	5900168907720	0	0	0	0	0	0	0	0
$1	1555	2049	4	0	0333	1.00	1850	21.10.08	13:14	1	30	1850	1850	00	5900168907263	0	0	0	0	0	0	0	0
$1	1555	2050	1	0	0603	1.00	3850	21.10.08	13:22	1	30	3850	3850	00	5902249011074	0	0	0	0	0	0	0	0
$1	1555	2050	2	0	3355	1.00	3990	21.10.08	13:22	1	30	3990	3990	00	0000008033550	0	0	0	0	0	0	0	0
$1	1555	2051	1	0	1442	1.00	2150	21.10.08	13:23	1	30	2150	2150	00	0000034014424	0	0	0	0	0	0	0	0
$1	1555	2052	1	0	1107	1.00	400	21.10.08	13:56	2	30	400	400	00	5909994311466	0	0	0	0	0	0	0	0
$1	1555	2053	1	0	1185	1.00	450	21.10.08	14:35	2	30	450	450	00	5909990628391	0	0	0	0	0	0	0	0
$1	1555	2054	1	0	2037	1.00	2450	21.10.08	14:42	1	30	2450	2450	00	0000016020375	0	0	0	0	0	0	0	0
$1	1555	2055	1	0	1946	1.00	1450	21.10.08	15:05	2	30	1450	1450	00	0000009019461	0	0	0	0	0	0	0	0
$1	1555	2056	1	0	2350	2.00	1300	21.10.08	15:07	1	30	1300	1300	00	0000015023506	0	0	0	0	0	0	0	0
$1	1555	2057	1	0	2053	1.00	2550	21.10.08	15:27	1	30	2550	2550	00	0000011020530	0	0	0	0	0	0	0	0
$1	1555	2057	2	0	0473	1.00	2290	21.10.08	15:27	1	30	2290	2290	00	5907502687317	0	0	0	0	0	0	0	0
$1	1555	2058	1	0	3903	1.00	2150	21.10.08	15:33	1	30	2150	2150	00	0000028039037	0	0	0	0	0	0	0	0
$1	1555	2058	2	0	1925	1.00	1450	21.10.08	15:33	2	30	1450	1450	00	0000009019256	0	0	0	0	0	0	0	0
$1	1555	2058	3	0	0303	1.00	1690	21.10.08	15:33	1	30	1690	1690	00	5900168908512	0	0	0	0	0	0	0	0
$1	1555	2058	4	0	0182	1.000	760	21.10.08	15:33	2	30	760	760	00	0000000000000	0	0	0	0	0	0	0	0
$1	1556	2060	1	0	2053	1.00	2550	21.10.09	10:09	1	30	2550	2550	00	0000011020530	0	0	0	0	0	0	0	0
$1	1556	2060	2	0	2053	1.00	2550	21.10.09	10:09	1	30	2550	2550	00	0000011020530	0	0	0	0	0	0	0	0
$1	1556	2060	3	0	2053	1.00	2550	21.10.09	10:09	1	30	2550	2550	00	0000011020530	0	0	0	0	0	0	0	0
$1	1556	2061	1	0	2369	1.00	2250	21.10.09	10:12	1	30	2250	2250	00	0000016023697	0	0	0	0	0	0	0	0
$1	1556	2061	2	0	2383	1.00	2250	21.10.09	10:12	1	30	2250	2250	00	0000016023833	0	0	0	0	0	0	0	0
$1	1556	2062	1	0	2530	1.00	1690	21.10.09	10:26	2	30	1690	1690	00	0000017025300	0	0	0	0	0	0	0	0
$1	1556	2062	2	0	1462	1.00	1590	21.10.09	10:26	1	30	1590	1590	00	0000034014622	0	0	0	0	0	0	0	0
$10	1556	2062	1	0	0603	1.00	3850	21.10.09	10:26	1	30	3850	3850	00	5902249011074	0	0	0	0	0	0	0	0
$1	1556	2062	3	0	0487	1.00	2090	21.10.09	10:26	1	30	2090	2090	00	5902249010695	0	0	0	0	0	0	0	0
$1	1556	2062	4	0	0550	1.00	2290	21.10.09	10:26	1	30	2290	2290	00	5902249010367	0	0	0	0	0	0	0	0
$1	1556	2063	1	0	3790	1.00	2850	21.10.09	10:32	1	30	2850	2850	00	0000025037906	0	0	0	0	0	0	0	0
$1	1556	2063	2	0	2053	1.00	2550	21.10.09	10:32	1	30	2550	2550	00	0000011020530	0	0	0	0	0	0	0	0
$1	1556	2063	3	0	2053	1.00	2550	21.10.09	10:32	1	30	2550	2550	00	0000011020530	0	0	0	0	0	0	0	0
$1	1556	2064	1	0	2053	1.00	2550	21.10.09	10:33	1	30	2550	2550	00	0000011020530	0	0	0	0	0	0	0	0
$1	1556	2065	1	0	0557	1.00	2290	21.10.09	10:51	1	30	2290	2290	00	5902249010411	0	0	0	0	0	0	0	0
$1	1556	2066	1	0	1236	1.00	490	21.10.09	10:53	3	30	490	490	00	0000005012367	0	0	0	0	0	0	0	0
$1	1556	2067	1	0	3793	1.00	350	21.10.09	11:09	1	30	350	350	00	0000025037937	0	0	0	0	0	0	0	0
$1	1556	2067	2	0	3782	1.00	1350	21.10.09	11:09	1	30	1350	1350	00	0000025037821	0	0	0	0	0	0	0	0
$1	1556	2068	1	0	1507	1.00	5990	21.10.09	11:21	3	30	5990	5990	00	5907804205233	0	0	0	0	0	0	0	0
$1	1556	2068	2	0	0304	1.00	2250	21.10.09	11:21	1	30	2250	2250	00	5900168908451	0	0	0	0	0	0	0	0
$1	1556	2068	3	0	3154	1.00	3550	21.10.09	11:21	1	30	3550	3550	00	5902249015904	0	0	0	0	0	0	0	0
$1	1556	2069	1	0	2956	1.00	4450	21.10.09	11:37	1	30	4450	4450	00	0000024029568	0	0	0	0	0	0	0	0
$1	1556	2070	1	0	2009	1.00	2950	21.10.09	11:47	1	30	2950	2950	00	0000009020092	0	0	0	0	0	0	0	0
$1	1556	2071	1	0	0649	1.00	3990	21.10.09	12:02	1	30	3990	3990	00	0000002006499	0	0	0	0	0	0	0	0
$1	1556	2072	1	0	3793	1.00	350	21.10.09	12:09	1	30	350	350	00	0000025037937	0	0	0	0	0	0	0	0
$1	1556	2072	2	0	0086	1.000	120	21.10.09	12:09	1	30	120	120	00	0000000000000	0	0	0	0	0	0	0	0
$1	1556	2072	3	0	3793	1.00	350	21.10.09	12:09	1	30	350	350	00	0000025037937	0	0	0	0	0	0	0	0
$1	1556	2072	4	0	3795	1.00	1350	21.10.09	12:09	1	30	1350	1350	00	0000025037951	0	0	0	0	0	0	0	0
$1	1556	2073	1	0	2350	4.00	2600	21.10.09	12:41	1	30	2600	2600	00	0000015023506	0	0	0	0	0	0	0	0
$1	1556	2073	2	0	0570	1.00	690	21.10.09	12:41	1	30	690	690	00	5902249010503	0	0	0	0	0	0	0	0
$10	1556	2074	1	0	0526	1.00	3350	21.10.09	12:55	1	30	3350	3350	00	5907502687683	0	0	0	0	0	0	0	0
$1	1556	2074	1	0	3118	1.00	1390	21.10.09	12:55	2	30	1390	1390	00	0000020031183	0	0	0	0	0	0	0	0
$1	1556	2075	1	0	0960	1.00	490	21.10.09	12:59	3	30	490	490	00	5905279799608	0	0	0	0	0	0	0	0
$1	1557	2077	1	0	3116	1.00	490	21.10.12	09:49	2	30	490	490	00	0000020031169	0	0	0	0	0	0	0	0
$1	1557	2077	2	0	2350	1.00	650	21.10.12	09:49	1	30	650	650	00	0000015023506	0	0	0	0	0	0	0	0
$1	1557	2078	1	0	1534	1.00	850	21.10.12	09:55	3	30	850	850	00	5906660810421	0	0	0	0	0	0	0	0
$1	1557	2078	2	0	0696	1.00	3950	21.10.12	09:55	1	30	3950	3950	00	0000024006965	0	0	0	0	0	0	0	0
$1	1557	2078	3	0	0002	1.000	1090	21.10.12	09:55	1	30	1090	1090	00	0000000000000	0	0	0	0	0	0	0	0
$1	1557	2079	1	0	1203	1.00	550	21.10.12	10:09	2	30	550	550	00	0000005012039	0	0	0	0	0	0	0	0
$10	1557	2080	1	0	2009	1.00	2950	21.10.12	10:44	1	30	2950	2950	00	0000009020092	0	0	0	0	0	0	0	0
$1	1557	2080	1	0	1537	1.00	1690	21.10.12	10:44	3	30	1690	1690	00	0000007015373	0	0	0	0	0	0	0	0
$1	1557	2080	2	0	0126	2.000	1700	21.10.12	10:44	1	30	1700	1700	00	0000000000000	0	0	0	0	0	0	0	0
$1	1557	2080	3	0	1537	1.00	1690	21.10.12	10:44	3	30	1690	1690	00	0000007015373	0	0	0	0	0	0	0	0
$1	1557	2080	4	0	2009	1.00	2950	21.10.12	10:44	1	30	2950	2950	00	0000009020092	0	0	0	0	0	0	0	0
$1	1557	2080	5	0	2011	1.00	2990	21.10.12	10:44	2	30	2990	2990	00	0000009020115	0	0	0	0	0	0	0	0
$1	1557	2080	6	0	4035	1.00	590	21.10.12	10:44	1	30	590	590	00	0000031040358	0	0	0	0	0	0	0	0
$1	1557	2080	7	0	3779	1.00	1390	21.10.12	10:44	1	30	1390	1390	00	0000025037791	0	0	0	0	0	0	0	0
$1	1557	2081	1	0	1055	1.00	790	21.10.12	10:49	3	30	790	790	00	5905279799141	0	0	0	0	0	0	0	0
$1	1557	2081	2	0	2596	1.00	1090	21.10.12	10:49	1	30	1090	1090	00	0000017025966	0	0	0	0	0	0	0	0
$1	1557	2081	3	0	3900	1.00	3290	21.10.12	10:49	1	30	3290	3290	00	0000028039006	0	0	0	0	0	0	0	0
$1	1557	2081	4	0	2350	1.00	650	21.10.12	10:49	1	30	650	650	00	0000015023506	0	0	0	0	0	0	0	0
$1	1557	2081	5	0	3901	1.00	950	21.10.12	10:49	1	30	950	950	00	0000028039013	0	0	0	0	0	0	0	0
$1	1557	2082	1	0	1162	6.00	2700	21.10.12	11:27	2	30	2700	2700	00	5909994311763	0	0	0	0	0	0	0	0
$1	1557	2083	1	0	0002	2.000	1600	21.10.12	11:49	1	30	1600	1600	00	0000000000000	0	0	0	0	0	0	0	0
$1	1557	2084	1	0	2704	3.00	4350	21.10.12	11:57	2	30	4350	4350	00	0000017027045	0	0	0	0	0	0	0	0
$1	1557	2084	2	0	3097	3.00	1650	21.10.12	11:57	2	30	1650	1650	00	0000020030971	0	0	0	0	0	0	0	0
$1	1557	2085	1	0	2350	1.00	650	21.10.12	12:00	1	30	650	650	00	0000015023506	0	0	0	0	0	0	0	0
$1	1557	2085	2	0	2053	1.00	2550	21.10.12	12:00	1	30	2550	2550	00	0000011020530	0	0	0	0	0	0	0	0
$1	1557	2086	1	0	0227	1.000	690	21.10.12	12:23	1	30	690	690	00	0000000000000	0	0	0	0	0	0	0	0
$1	1557	2086	2	0	0026	1.000	590	21.10.12	12:23	1	30	590	590	00	0000000000000	0	0	0	0	0	0	0	0
$1	1557	2087	1	0	1181	2.00	780	21.10.12	12:52	2	30	780	780	00	5909994310964	0	0	0	0	0	0	0	0
$1	1557	2087	2	0	1191	2.00	900	21.10.12	12:52	2	30	900	900	00	5909990628490	0	0	0	0	0	0	0	0
$1	1557	2087	3	0	1031	1.00	590	21.10.12	12:52	3	30	590	590	00	5905279799639	0	0	0	0	0	0	0	0
$1	1557	2087	4	0	1031	1.00	590	21.10.12	12:52	3	30	590	590	00	5905279799639	0	0	0	0	0	0	0	0
$1	1557	2088	1	0	1955	1.00	1690	21.10.12	12:57	2	30	1690	1690	00	0680275060437	0	0	0	0	0	0	0	0
$1	1557	2089	1	0	0182	2.000	1160	21.10.12	13:18	2	30	1160	1160	00	0000000000000	0	0	0	0	0	0	0	0
$1	1557	2090	1	0	0182	1.000	580	21.10.12	13:19	2	30	580	580	00	0000000000000	0	0	0	0	0	0	0	0
$1	1557	2091	1	0	1054	1.00	400	21.10.12	13:31	3	30	400	400	00	5907752643873	0	0	0	0	0	0	0	0
$1	1557	2092	1	0	2969	1.00	2090	21.10.12	13:31	2	30	2090	2090	00	0000019029696	0	0	0	0	0	0	0	0
$1	1557	2093	1	0	0026	5.000	1000	21.10.12	13:40	1	30	1000	1000	00	0000000000000	0	0	0	0	0	0	0	0
$1	1557	2094	1	0	1178	1.00	390	21.10.12	13:40	2	30	390	390	00	5909990628360	0	0	0	0	0	0	0	0
$1	1557	2095	1	0	0256	1.000	5990	21.10.12	13:44	1	30	5990	5990	00	0000000000000	0	0	0	0	0	0	0	0
$1	1557	2096	1	0	2053	1.00	2550	21.10.12	13:48	1	30	2550	2550	00	0000011020530	0	0	0	0	0	0	0	0
$1	1557	2097	1	0	0002	1.000	2190	21.10.12	14:32	1	30	2190	2190	00	0000000000000	0	0	0	0	0	0	0	0
$1	1557	2098	1	0	2010	1.00	2890	21.10.12	14:58	2	30	2890	2890	00	0000009020108	0	0	0	0	0	0	0	0
$1	1557	2098	2	0	1513	1.00	1900	21.10.12	14:58	3	30	1900	1900	00	5907804205271	0	0	0	0	0	0	0	0
$1	1557	2098	3	0	0594	1.00	2390	21.10.12	14:58	1	30	2390	2390	00	5902249010909	0	0	0	0	0	0	0	0
$1	1557	2098	4	0	1584	1.00	1290	21.10.12	14:58	1	30	1290	1290	00	0000007015847	0	0	0	0	0	0	0	0
$1	1557	2098	5	0	0089	1.000	1090	21.10.12	14:58	3	30	1090	1090	00	0000000000000	0	0	0	0	0	0	0	0
$1	1557	2099	1	0	2968	1.00	2490	21.10.12	15:10	2	30	2490	2490	00	0000019029689	0	0	0	0	0	0	0	0
$1	1557	2099	2	0	0026	1.000	2250	21.10.12	15:10	1	30	2250	2250	00	0000000000000	0	0	0	0	0	0	0	0
$1	1557	2100	1	0	1427	1.00	4350	21.10.12	15:13	1	30	4350	4350	00	0000024014274	0	0	0	0	0	0	0	0
$1	1557	2100	2	0	0848	1.00	5850	21.10.12	15:13	1	30	5850	5850	00	0000024008488	0	0	0	0	0	0	0	0
$1	1557	2100	3	0	0225	1.000	200	21.10.12	15:13	1	30	200	200	00	0000000000000	0	0	0	0	0	0	0	0
$1	1557	2101	1	0	0981	1.00	550	21.10.12	15:15	3	30	550	550	00	0000005009817	0	0	0	0	0	0	0	0
$1	1557	2102	1	0	3794	1.00	1350	21.10.12	15:21	1	30	1350	1350	00	0000025037944	0	0	0	0	0	0	0	0
$1	1557	2102	2	0	2053	1.00	2550	21.10.12	15:21	1	30	2550	2550	00	0000011020530	0	0	0	0	0	0	0	0
$1	1557	2102	3	0	2024	2.00	3980	21.10.12	15:21	1	30	3980	4980	00	0000010020241	0	0	0	0	0	0	0	1
$1	1557	2103	1	0	1711	1.00	5990	21.10.12	15:23	1	30	5990	5990	00	0000034017111	0	0	0	0	0	0	0	0
$1	1557	2103	2	0	3944	1.00	1590	21.10.12	15:23	1	30	1590	1590	00	8691190967246	0	0	0	0	0	0	0	0
$12	1557	1	1	0	2349	1.00	1490	21.10.12	15:37	1	30	1490	1490	00	5902709520733	0	0	0	0	0	0	0	0
$12	1557	1	2	0	1341	1.00	990	21.10.12	15:37	3	30	990	990	00	5902709520054	0	0	0	0	0	0	0	0
$12	1557	1	3	0	1342	1.00	1350	21.10.12	15:37	3	30	1350	1350	00	5902709520061	0	0	0	0	0	0	0	0
$12	1557	1	4	0	2349	1.00	1490	21.10.12	15:37	1	30	1490	1490	00	5902709520733	0	0	0	0	0	0	0	0
$12	1557	1	5	0	1339	1.00	990	21.10.12	15:37	3	30	990	990	00	5907222283844	0	0	0	0	0	0	0	0
$12	1557	1	6	0	1339	1.00	990	21.10.12	15:37	3	30	990	990	00	5907222283844	0	0	0	0	0	0	0	0
$12	1557	1	7	0	1340	1.00	990	21.10.12	15:37	3	30	990	990	00	5907222283837	0	0	0	0	0	0	0	0
$1	1557	2105	1	0	2349	1.00	1490	21.10.12	15:50	1	30	1490	1490	00	5902709520733	0	0	0	0	0	0	0	0
$1	1557	2105	2	0	1341	1.00	990	21.10.12	15:50	3	30	990	990	00	5902709520054	0	0	0	0	0	0	0	0
$1	1557	2105	3	0	2349	1.00	1490	21.10.12	15:50	1	30	1490	1490	00	5902709520733	0	0	0	0	0	0	0	0
$1	1557	2105	4	0	1342	1.00	1350	21.10.12	15:50	3	30	1350	1350	00	5902709520061	0	0	0	0	0	0	0	0
$1	1557	2105	5	0	1339	1.00	990	21.10.12	15:50	3	30	990	990	00	5907222283844	0	0	0	0	0	0	0	0
$1	1557	2105	6	0	1339	1.00	990	21.10.12	15:50	3	30	990	990	00	5907222283844	0	0	0	0	0	0	0	0
$1	1557	2105	7	0	1340	1.00	990	21.10.12	15:50	3	30	990	990	00	5907222283837	0	0	0	0	0	0	0	0
$1	1557	2105	8	0	1344	1.00	1150	21.10.12	15:50	3	30	1150	1150	00	5902709520078	0	0	0	0	0	0	0	0
$1	1557	2105	9	0	1343	1.00	1150	21.10.12	15:50	3	30	1150	1150	00	5907222283851	0	0	0	0	0	0	0	0
$1	1557	2105	10	0	1341	1.00	990	21.10.12	15:50	3	30	990	990	00	5902709520054	0	0	0	0	0	0	0	0
$1	1557	2105	11	0	1342	1.00	1350	21.10.12	15:50	3	30	1350	1350	00	5902709520061	0	0	0	0	0	0	0	0
$1	1557	2105	12	0	1344	1.00	1150	21.10.12	15:50	3	30	1150	1150	00	5902709520078	0	0	0	0	0	0	0	0
$1	1557	2105	13	0	1339	1.00	990	21.10.12	15:50	3	30	990	990	00	5907222283844	0	0	0	0	0	0	0	0
$1	1557	2105	14	0	1337	1.00	990	21.10.12	15:50	3	30	990	990	00	5907222283820	0	0	0	0	0	0	0	0
$1	1557	2105	15	0	1337	1.00	990	21.10.12	15:50	3	30	990	990	00	5907222283820	0	0	0	0	0	0	0	0
$1	1557	2105	16	0	2460	15.00	3000	21.10.12	15:50	2	30	3000	3000	00	0000033002996	0	0	0	0	0	0	0	0
$1	1557	2106	1	0	2053	1.00	2550	21.10.12	15:51	1	30	2550	2550	00	0000011020530	0	0	0	0	0	0	0	0
$1	1557	2107	1	0	0002	1.000	1750	21.10.12	15:53	1	30	1750	1750	00	0000000000000	0	0	0	0	0	0	0	0
$1	1557	2107	2	0	0002	1.000	1250	21.10.12	15:53	1	30	1250	1250	00	0000000000000	0	0	0	0	0	0	0	0
$1	1557	2107	3	0	0002	1.000	1750	21.10.12	15:53	1	30	1750	1750	00	0000000000000	0	0	0	0	0	0	0	0
$1	1557	2107	4	0	0002	1.000	1350	21.10.12	15:53	1	30	1350	1350	00	0000000000000	0	0	0	0	0	0	0	0
$1	1557	2107	5	0	1510	1.00	990	21.10.12	15:53	3	30	990	990	00	5906660810575	0	0	0	0	0	0	0	0
$1	1557	2107	6	0	1534	1.00	850	21.10.12	15:53	3	30	850	850	00	5906660810421	0	0	0	0	0	0	0	0
$1	1557	2107	7	0	1498	1.00	1250	21.10.12	15:53	3	30	1250	1250	00	5906660810612	0	0	0	0	0	0	0	0
$1	1557	2107	8	0	1534	1.00	850	21.10.12	15:53	3	30	850	850	00	5906660810421	0	0	0	0	0	0	0	0
$1	1557	2108	1	0	0094	1.000	1190	21.10.12	15:53	2	30	1190	1190	00	0000000000000	0	0	0	0	0	0	0	0
$1	1557	2109	1	0	0589	1.00	3250	21.10.12	16:34	1	30	3250	3250	00	5907502687942	0	0	0	0	0	0	0	0
$1	1557	2110	1	0	1157	1.00	550	21.10.12	16:49	2	30	550	550	00	0000005011575	0	0	0	0	0	0	0	0
$1	1557	2110	2	0	1230	2.00	900	21.10.12	16:49	2	30	900	900	00	5909994310766	0	0	0	0	0	0	0	0
$1	1557	2110	3	0	1168	1.00	390	21.10.12	16:49	2	30	390	390	00	5909994310261	0	0	0	0	0	0	0	0
$1	1557	2110	4	0	1173	2.00	900	21.10.12	16:49	2	30	900	900	00	5909990468225	0	0	0	0	0	0	0	0
$1	1557	2110	5	0	1250	3.00	1350	21.10.12	16:49	2	30	1350	1350	00	5909990628278	0	0	0	0	0	0	0	0
$1	1557	2110	6	0	1017	2.00	900	21.10.12	16:49	2	30	900	900	00	5907752643361	0	0	0	0	0	0	0	0
$1	1557	2110	7	0	1206	1.00	490	21.10.12	16:49	2	30	490	490	00	5909990903115	0	0	0	0	0	0	0	0
$1	1557	2110	8	0	1170	2.00	900	21.10.12	16:49	2	30	900	900	00	5909994311565	0	0	0	0	0	0	0	0
$1	1557	2111	1	0	3545	1.00	3650	21.10.12	17:00	1	30	3650	3650	00	0000024035453	0	0	0	0	0	0	0	0
$1	1557	2111	2	0	2460	1.00	200	21.10.12	17:00	2	30	200	200	00	0000033002996	0	0	0	0	0	0	0	0
$1	1557	2111	3	0	0225	1.000	150	21.10.12	17:00	1	30	150	150	00	0000000000000	0	0	0	0	0	0	0	0
$1	1557	2112	1	0	3238	1.00	2950	21.10.12	17:02	1	30	2950	2950	00	0000024032384	0	0	0	0	0	0	0	0
$1	1557	2112	2	0	3365	1.00	4650	21.10.12	17:02	1	30	4650	4650	00	0000024033657	0	0	0	0	0	0	0	0
$1	1557	2112	3	0	2350	1.00	650	21.10.12	17:02	1	30	650	650	00	0000015023506	0	0	0	0	0	0	0	0
$1	1557	2112	4	0	2024	2.00	4980	21.10.12	17:02	1	30	4980	4980	00	0000010020241	0	0	0	0	0	0	0	0
$1	1558	2114	1	0	0982	1.00	450	21.10.13	10:21	2	30	450	450	00	5907752643385	0	0	0	0	0	0	0	0
$1	1558	2114	2	0	1230	1.00	450	21.10.13	10:21	2	30	450	450	00	5909994310766	0	0	0	0	0	0	0	0
$1	1558	2114	3	0	1165	1.00	450	21.10.13	10:21	2	30	450	450	00	5909994311169	0	0	0	0	0	0	0	0
$1	1558	2115	1	0	1092	1.00	700	21.10.13	11:31	2	30	700	700	00	5905279799561	0	0	0	0	0	0	0	0
$1	1558	2115	2	0	3093	2.00	1300	21.10.13	11:31	2	30	1300	1300	00	5902581618276	0	0	0	0	0	0	0	0
$1	1558	2116	1	0	0065	1.000	100	21.10.13	11:43	1	30	100	100	00	0000000000000	0	0	0	0	0	0	0	0
$1	1558	2116	2	0	2350	2.00	1300	21.10.13	11:43	1	30	1300	1300	00	0000015023506	0	0	0	0	0	0	0	0
$1	1558	2116	3	0	3901	2.00	1900	21.10.13	11:43	1	30	1900	1900	00	0000028039013	0	0	0	0	0	0	0	0
$1	1558	2117	1	0	1165	2.00	225	21.10.13	11:54	2	30	900	900	00	5909994311169	0	1	0	0	0	0	0	0
$1	1558	2117	2	0	1097	2.00	200	21.10.13	11:54	2	30	800	800	00	5909994310568	0	1	0	0	0	0	0	0
$1	1558	2118	1	0	1232	1.00	400	21.10.13	11:56	2	30	400	400	00	5909990219520	0	0	0	0	0	0	0	0
$1	1558	2119	1	0	1879	1.00	1490	21.10.13	12:00	1	30	1490	1490	00	0000008018793	0	0	0	0	0	0	0	0
$1	1558	2119	2	0	0209	1.000	3290	21.10.13	12:00	1	30	3290	3290	00	0000000000000	0	0	0	0	0	0	0	0
$1	1558	2119	3	0	3453	1.00	4950	21.10.13	12:00	1	30	4950	4950	00	0000024034531	0	0	0	0	0	0	0	0
$1	1558	2120	1	0	0981	1.00	550	21.10.13	13:01	3	30	550	550	00	0000005009817	0	0	0	0	0	0	0	0
$1	1558	2120	2	0	1190	1.00	550	21.10.13	13:01	2	30	550	550	00	0000005011902	0	0	0	0	0	0	0	0
$12	1558	1	1	0	0182	1.000	760	21.10.13	13:45	2	30	760	760	00	0000000000000	0	0	0	0	0	0	0	0
$1	1558	2122	1	0	0540	1.00	2190	21.10.13	13:46	1	30	2190	2190	00	5902249010091	0	0	0	0	0	0	0	0
$1	1558	2122	2	0	0666	1.00	2290	21.10.13	13:46	1	30	2290	2290	00	5902249014808	0	0	0	0	0	0	0	0
$1	1558	2122	3	0	0666	1.00	2290	21.10.13	13:46	1	30	2290	2290	00	5902249014808	0	0	0	0	0	0	0	0
$1	1558	2122	4	0	3357	1.00	3850	21.10.13	13:46	1	30	3850	3850	00	0000018033571	0	0	0	0	0	0	0	0
$1	1558	2122	5	0	1133	1.00	750	21.10.13	13:46	3	30	750	750	00	0000005011339	0	0	0	0	0	0	0	0
$1	1558	2122	6	0	3264	1.00	2950	21.10.13	13:46	1	30	2950	2950	00	5900168906884	0	0	0	0	0	0	0	0
$1	1558	2122	7	0	0182	1.000	620	21.10.13	13:46	2	30	620	620	00	0000000000000	0	0	0	0	0	0	0	0
$1	1558	2122	8	0	0002	1.000	690	21.10.13	13:46	1	30	690	690	00	0000000000000	0	0	0	0	0	0	0	0
$1	1558	2122	9	0	0182	1.000	610	21.10.13	13:46	2	30	610	610	00	0000000000000	0	0	0	0	0	0	0	0
$1	1558	2123	1	0	0182	1.000	620	21.10.13	13:50	2	30	620	620	00	0000000000000	0	0	0	0	0	0	0	0
$10	1558	2123	1	0	0181	15.900	3021	21.10.13	13:50	3	30	3021	3021	00	0000000000000	0	0	0	0	0	0	0	0
$1	1558	2123	2	0	0181	1.000	1590	21.10.13	13:50	3	30	1590	1590	00	0000000000000	0	0	0	0	0	0	0	0
$10	1558	2123	2	0	2053	1.00	2550	21.10.13	13:50	1	30	2550	2550	00	0000011020530	0	0	0	0	0	0	0	0
$1	1558	2124	1	0	1037	1.00	450	21.10.13	13:56	2	30	450	450	00	5905279799424	0	0	0	0	0	0	0	0
$1	1558	2124	2	0	1108	1.00	390	21.10.13	13:56	2	30	390	390	00	5906365702243	0	0	0	0	0	0	0	0
$1	1558	2124	3	0	0964	1.00	550	21.10.13	13:56	2	30	550	550	00	5905279799585	0	0	0	0	0	0	0	0
$1	1558	2124	4	0	0972	1.00	390	21.10.13	13:56	3	30	390	390	00	5906365702359	0	0	0	0	0	0	0	0
$1	1558	2124	5	0	1174	1.00	390	21.10.13	13:56	2	30	390	390	00	5909990628346	0	0	0	0	0	0	0	0
$1	1558	2124	6	0	1248	1.00	1050	21.10.13	13:56	2	30	1050	1050	00	5909990628254	0	0	0	0	0	0	0	0
$1	1558	2124	7	0	1016	1.00	400	21.10.13	13:56	3	30	400	400	00	5906365702380	0	0	0	0	0	0	0	0
$1	1558	2124	8	0	0960	1.00	490	21.10.13	13:56	3	30	490	490	00	5905279799608	0	0	0	0	0	0	0	0
$1	1558	2124	9	0	1112	1.00	490	21.10.13	13:56	2	30	490	490	00	5906365702267	0	0	0	0	0	0	0	0
$1	1558	2124	10	0	2479	1.00	1000	21.10.13	13:56	2	30	1000	1000	00	5902768527131	0	0	0	0	0	0	0	0
$1	1558	2124	11	0	0034	1.000	3390	21.10.13	13:56	1	30	3390	3390	00	0000000000000	0	0	0	0	0	0	0	0
$1	1558	2124	12	0	4060	1.00	6950	21.10.13	13:56	2	30	6950	6950	00	0000027040607	0	0	0	0	0	0	0	0
$1	1558	2124	13	0	0065	2.000	980	21.10.13	13:56	1	30	980	980	00	0000000000000	0	0	0	0	0	0	0	0
$1	1558	2124	14	0	1047	1.00	1190	21.10.13	13:56	3	30	1190	1190	00	5906365702656	0	0	0	0	0	0	0	0
$1	1558	2124	15	0	1974	1.00	1750	21.10.13	13:56	2	30	1750	1750	00	0000009019744	0	0	0	0	0	0	0	0
$1	1558	2124	16	0	1947	1.00	1450	21.10.13	13:56	2	30	1450	1450	00	0680275043928	0	0	0	0	0	0	0	0
$1	1558	2125	1	0	1368	1.00	1650	21.10.13	13:56	1	30	1650	1650	00	0000006013684	0	0	0	0	0	0	0	0
$1	1558	2126	1	0	2438	1.00	2950	21.10.13	13:58	1	30	2950	2950	00	7790411000029	0	0	0	0	0	0	0	0
$1	1558	2126	2	0	0988	1.00	690	21.10.13	13:58	1	30	690	690	00	5906365702441	0	0	0	0	0	0	0	0
$1	1558	2127	1	0	0312	1.00	1850	21.10.13	14:14	1	30	1850	1850	00	5903111747022	0	0	0	0	0	0	0	0
$1	1558	2128	1	0	2169	1.00	1190	21.10.13	14:24	1	30	1190	1190	00	0000013021696	0	0	0	0	0	0	0	0
$1	1558	2129	1	0	3157	1.00	2990	21.10.13	14:29	1	30	2990	2990	00	5902249015782	0	0	0	0	0	0	0	0
$1	1558	2129	2	0	0975	1.00	700	21.10.13	14:29	2	30	700	700	00	0000005009756	0	0	0	0	0	0	0	0
$1	1558	2130	1	0	1012	1.00	790	21.10.13	14:39	2	30	790	790	00	5909994310865	0	0	0	0	0	0	0	0
$1	1558	2130	2	0	1039	1.00	550	21.10.13	14:39	2	30	550	550	00	5906365702823	0	0	0	0	0	0	0	0
$1	1558	2130	3	0	0243	1.000	1190	21.10.13	14:39	1	30	1190	1190	00	0000000000000	0	0	0	0	0	0	0	0
$1	1558	2131	1	0	3454	1.00	3890	21.10.13	15:31	1	30	3890	3890	00	0000024034548	0	0	0	0	0	0	0	0
$1	1558	2131	2	0	2010	1.00	2890	21.10.13	15:31	2	30	2890	2890	00	0000009020108	0	0	0	0	0	0	0	0
$1	1558	2132	1	0	3468	1.00	4350	21.10.13	15:52	1	30	4350	4350	00	0000024034685	0	0	0	0	0	0	0	0
$1	1558	2132	2	0	0949	1.00	3850	21.10.13	15:52	1	30	3850	3850	00	0000024009492	0	0	0	0	0	0	0	0
$1	1558	2133	1	0	3177	1.00	2490	21.10.13	16:03	1	30	2490	2490	00	0000021031779	0	0	0	0	0	0	0	0
$10	1558	2133	1	0	3339	1.00	1990	21.10.13	16:03	1	30	1990	1990	00	5902249015829	0	0	0	0	0	0	0	0
$1	1558	2134	1	0	1719	1.00	3550	21.10.13	16:26	1	30	3550	3550	00	0000034017197	0	0	0	0	0	0	0	0
$1	1558	2134	2	0	0856	1.00	7400	21.10.13	16:26	1	30	7400	7400	00	0000004008569	0	0	0	0	0	0	0	0
$1	1558	2134	3	0	2010	1.00	2890	21.10.13	16:26	2	30	2890	2890	00	0000009020108	0	0	0	0	0	0	0	0
$1	1558	2135	1	0	0336	1.00	2990	21.10.13	16:37	1	30	2990	2990	00	5900168902343	0	0	0	0	0	0	0	0
$1	1558	2135	2	0	0182	1.000	1850	21.10.13	16:37	2	30	1850	1850	00	0000000000000	0	0	0	0	0	0	0	0
$1	1558	2136	1	0	0972	1.00	390	21.10.13	17:18	3	30	390	390	00	5906365702359	0	0	0	0	0	0	0	0
$1	1558	2136	2	0	2596	1.00	1090	21.10.13	17:18	1	30	1090	1090	00	0000017025966	0	0	0	0	0	0	0	0
$1	1559	2141	1	0	3389	1.00	4650	21.10.14	10:25	1	30	4650	4650	00	0000024033893	0	0	0	0	0	0	0	0
$1	1559	2142	1	0	0473	1.00	2290	21.10.14	10:28	1	30	2290	2290	00	5907502687317	0	0	0	0	0	0	0	0
$1	1559	2143	1	0	0398	1.00	1890	21.10.14	10:36	1	30	1890	1890	00	5900168907799	0	0	0	0	0	0	0	0
$1	1559	2144	1	0	0815	1.00	3150	21.10.14	10:44	1	30	3150	3150	00	0000024008150	0	0	0	0	0	0	0	0
$1	1559	2144	2	0	3446	1.00	3590	21.10.14	10:44	1	30	3590	3590	00	0000024034463	0	0	0	0	0	0	0	0
$1	1559	2144	3	0	0002	1.000	1850	21.10.14	10:44	1	30	1850	1850	00	0000000000000	0	0	0	0	0	0	0	0
$1	1559	2144	4	0	0225	1.000	200	21.10.14	10:44	1	30	200	200	00	0000000000000	0	0	0	0	0	0	0	0
$1	1559	2145	1	0	3155	1.00	2090	21.10.14	10:45	1	30	2090	2090	00	5902249015805	0	0	0	0	0	0	0	0
$1	1559	2145	2	0	3157	1.00	2990	21.10.14	10:45	1	30	2990	2990	00	5902249015782	0	0	0	0	0	0	0	0
$1	1559	2146	1	0	1068	1.00	490	21.10.14	11:19	2	30	490	490	00	5905279799400	0	0	0	0	0	0	0	0
$1	1559	2147	1	0	3445	1.00	3390	21.10.14	11:34	1	30	3390	3390	00	0000024034456	0	0	0	0	0	0	0	0
$1	1559	2147	2	0	2460	1.00	200	21.10.14	11:34	2	30	200	200	00	0000033002996	0	0	0	0	0	0	0	0
$1	1559	2147	3	0	0225	1.000	200	21.10.14	11:34	1	30	200	200	00	0000000000000	0	0	0	0	0	0	0	0
$1	1559	2148	1	0	2010	1.00	2890	21.10.14	11:48	2	30	2890	2890	00	0680275060871	0	0	0	0	0	0	0	0
$1	1559	2149	1	0	3967	1.00	990	21.10.14	12:40	1	30	990	990	00	0000031039673	0	0	0	0	0	0	0	0
$1	1559	2149	2	0	0002	2.000	1380	21.10.14	12:40	1	30	1380	1380	00	0000000000000	0	0	0	0	0	0	0	0
$1	1559	2149	3	0	0498	1.00	2290	21.10.14	12:40	1	30	2290	2290	00	5907502687546	0	0	0	0	0	0	0	0
$1	1559	2149	4	0	2024	1.00	2490	21.10.14	12:40	1	30	2490	2490	00	0000010020241	0	0	0	0	0	0	0	0
$1	1559	2150	1	0	0727	1.00	8250	21.10.14	13:38	1	30	8250	8250	00	0000003007273	0	0	0	0	0	0	0	0
$1	1559	2151	1	0	3025	1.00	550	21.10.14	14:31	2	30	550	550	00	0000020030254	0	0	0	0	0	0	0	0
$1	1559	2151	2	0	3053	1.00	590	21.10.14	14:31	2	30	590	590	00	0000020030537	0	0	0	0	0	0	0	0
$1	1559	2152	1	0	1012	1.00	790	21.10.14	15:08	2	30	790	790	00	5909994310865	0	0	0	0	0	0	0	0
$1	1559	2152	2	0	1232	1.00	400	21.10.14	15:08	2	30	400	400	00	5909990219520	0	0	0	0	0	0	0	0
$1	1559	2152	3	0	1202	1.00	490	21.10.14	15:08	2	30	490	490	00	5909994309326	0	0	0	0	0	0	0	0
$1	1559	2152	4	0	1207	1.00	450	21.10.14	15:08	2	30	450	450	00	5909994309821	0	0	0	0	0	0	0	0
$1	1559	2152	5	0	0983	1.00	790	21.10.14	15:08	3	30	790	790	00	0000005009831	0	0	0	0	0	0	0	0
$1	1559	2152	6	0	2612	1.00	1450	21.10.14	15:08	2	30	1450	1450	00	0000017026123	0	0	0	0	0	0	0	0
$1	1559	2152	7	0	0472	1.00	1290	21.10.14	15:08	1	30	1290	1290	00	5907502687300	0	0	0	0	0	0	0	0
$1	1559	2153	1	0	1557	1.00	2450	21.10.14	15:32	2	30	2450	2450	00	5906660815266	0	0	0	0	0	0	0	0
$1	1559	2153	2	0	2009	1.00	2950	21.10.14	15:32	1	30	2950	2950	00	0000009020092	0	0	0	0	0	0	0	0
$1	1559	2154	1	0	0504	1.00	3190	21.10.14	15:44	1	30	3190	3190	00	5907502687508	0	0	0	0	0	0	0	0
$1	1559	2154	2	0	0038	1.000	1090	21.10.14	15:44	1	30	1090	1090	00	0000000000000	0	0	0	0	0	0	0	0
$1	1559	2155	1	0	2988	1.00	2090	21.10.14	16:27	2	30	2090	2090	00	0000019029887	0	0	0	0	0	0	0	0
$1	1559	2156	1	0	1736	1.00	3490	21.10.14	16:38	1	30	3490	3490	00	0000008017369	0	0	0	0	0	0	0	0
$1	1559	2157	1	0	1931	1.00	1450	21.10.14	17:19	2	30	1450	1450	00	0000009019317	0	0	0	0	0	0	0	0
$1	1559	2157	2	0	1957	1.00	1950	21.10.14	17:19	1	30	1950	1950	00	0000009019577	0	0	0	0	0	0	0	0
$1	1559	2157	3	0	1513	1.00	1900	21.10.14	17:19	3	30	1900	1900	00	5907804205271	0	0	0	0	0	0	0	0
$1	1559	2157	4	0	3468	1.00	4350	21.10.14	17:19	1	30	4350	4350	00	0000024034685	0	0	0	0	0	0	0	0
$1	1559	2157	5	0	3468	1.00	4350	21.10.14	17:19	1	30	4350	4350	00	0000024034685	0	0	0	0	0	0	0	0
$1	1559	2157	6	0	3471	1.00	4950	21.10.14	17:19	1	30	4950	4950	00	0000024034715	0	0	0	0	0	0	0	0
$1	1559	2157	7	0	3507	1.00	3290	21.10.14	17:19	1	30	3290	3290	00	0000024035071	0	0	0	0	0	0	0	0
$1	1559	2157	8	0	3507	1.00	3290	21.10.14	17:19	1	30	3290	3290	00	0000024035071	0	0	0	0	0	0	0	0
$1	1559	2157	9	0	0094	1.000	1190	21.10.14	17:19	2	30	1190	1190	00	0000000000000	0	0	0	0	0	0	0	0
$1	1559	2157	10	0	2745	1.00	3450	21.10.14	17:19	1	30	3450	3450	00	0000035027454	0	0	0	0	0	0	0	0
$1	1559	2158	1	0	1185	1.00	417	21.10.14	17:25	2	30	490	490	00	5909990628391	0	1	0	0	0	0	0	0
$1	1559	2158	2	0	1133	1.00	638	21.10.14	17:25	3	30	750	750	00	5905279799592	0	1	0	0	0	0	0	0
$1	1559	2158	3	0	1237	1.00	723	21.10.14	17:25	3	30	850	850	00	5906365702670	0	1	0	0	0	0	0	0
$1	1559	2158	4	0	1339	1.00	842	21.10.14	17:25	3	30	990	990	00	5907222283844	0	1	0	0	0	0	0	0
$1	1559	2158	5	0	0026	1.000	1012	21.10.14	17:25	1	30	1190	1190	00	0000000000000	0	1	0	0	0	0	0	0
$1	1560	2160	1	0	1014	1.00	390	21.10.15	10:41	2	30	390	390	00	5906365702526	0	0	0	0	0	0	0	0
$1	1560	2160	2	0	1193	1.00	450	21.10.15	10:41	2	30	450	450	00	5909990195725	0	0	0	0	0	0	0	0
$1	1560	2160	3	0	0996	1.00	490	21.10.15	10:41	2	30	490	490	00	5906365702076	0	0	0	0	0	0	0	0
$1	1560	2160	4	0	1199	1.00	490	21.10.15	10:41	2	30	490	490	00	5909990195527	0	0	0	0	0	0	0	0
$1	1560	2160	5	0	1182	1.00	550	21.10.15	10:41	2	30	550	550	00	5909990219728	0	0	0	0	0	0	0	0
$1	1560	2160	6	0	1199	1.00	490	21.10.15	10:41	2	30	490	490	00	5909990195527	0	0	0	0	0	0	0	0
$1	1560	2160	7	0	1107	1.00	400	21.10.15	10:41	2	30	400	400	00	5909994311466	0	0	0	0	0	0	0	0
$1	1560	2160	8	0	1111	1.00	450	21.10.15	10:41	2	30	450	450	00	5906365702304	0	0	0	0	0	0	0	0
$1	1560	2161	1	0	4007	1.00	1150	21.10.15	11:15	1	30	1150	1150	00	0000031040075	0	0	0	0	0	0	0	0
$1	1560	2162	1	0	0778	1.00	3900	21.10.15	12:34	1	30	3900	3900	00	0000003007785	0	0	0	0	0	0	0	0
$1	1560	2162	2	0	0713	1.00	2150	21.10.15	12:34	1	30	2150	2150	00	0000003007136	0	0	0	0	0	0	0	0
$1	1560	2162	3	0	0727	1.00	8250	21.10.15	12:34	1	30	8250	8250	00	0000003007273	0	0	0	0	0	0	0	0
$1	1560	2162	4	0	0761	1.00	3650	21.10.15	12:34	1	30	3650	3650	00	0000003007617	0	0	0	0	0	0	0	0
$1	1560	2163	1	0	3985	1.00	1250	21.10.15	12:41	1	30	1250	1250	00	0000031039857	0	0	0	0	0	0	0	0
$1	1560	2164	1	0	0772	1.00	6690	21.10.15	13:51	1	30	6690	6690	00	5902729031882	0	0	0	0	0	0	0	0
$1	1560	2164	2	0	0711	1.00	6450	21.10.15	13:51	1	30	6450	6450	00	5902729030168	0	0	0	0	0	0	0	0
$1	1560	2165	1	0	1186	1.00	950	21.10.15	13:58	2	30	950	950	00	5909994310810	0	0	0	0	0	0	0	0
$1	1560	2166	1	0	3267	1.00	3750	21.10.15	14:46	1	30	3750	3750	00	0000014032677	0	0	0	0	0	0	0	0
$1	1560	2166	2	0	0469	1.00	2151	21.10.15	14:46	1	30	2151	2390	00	5907502687294	0	0	0	0	0	0	0	1
$1	1560	2167	1	0	1574	1.00	490	21.10.15	15:18	2	30	490	490	00	0000007015748	0	0	0	0	0	0	0	0
$1	1560	2167	2	0	1574	3.00	1470	21.10.15	15:18	2	30	1470	1470	00	0000007015748	0	0	0	0	0	0	0	0
$1	1560	2168	1	0	3465	1.00	4990	21.10.15	16:21	1	30	4990	4990	00	0000024034654	0	0	0	0	0	0	0	0
$1	1560	2168	2	0	3462	1.00	2590	21.10.15	16:21	1	30	2590	2590	00	0000024034623	0	0	0	0	0	0	0	0
$1	1560	2168	3	0	3462	1.00	2590	21.10.15	16:21	1	30	2590	2590	00	0000024034623	0	0	0	0	0	0	0	0
$1	1560	2168	4	0	1428	1.00	3850	21.10.15	16:21	1	30	3850	3850	00	0000024014281	0	0	0	0	0	0	0	0
$1	1560	2168	5	0	1257	1.00	3000	21.10.15	16:21	1	30	3000	3000	00	0000024012577	0	0	0	0	0	0	0	0
$1	1560	2168	6	0	1261	1.00	2600	21.10.15	16:21	1	30	2600	2600	00	0000024012614	0	0	0	0	0	0	0	0
$1	1560	2168	7	0	0006	1.000	2890	21.10.15	16:21	1	30	2890	2890	00	0000000000000	0	0	0	0	0	0	0	0
$1	1560	2169	1	0	2429	1.00	2590	21.10.15	16:30	1	30	2590	2590	00	7790710000249	0	0	0	0	0	0	0	0
$1	1560	2169	2	0	3385	1.00	3890	21.10.15	16:30	1	30	3890	3890	00	0000024033855	0	0	0	0	0	0	0	0
$1	1560	2169	3	0	3385	1.00	3890	21.10.15	16:30	1	30	3890	3890	00	0000024033855	0	0	0	0	0	0	0	0
$1	1560	2170	1	0	2323	1.00	4800	21.10.15	16:32	1	30	4800	4800	00	0000014023231	0	0	0	0	0	0	0	0
$1	1561	2172	1	0	3361	1.00	3850	21.10.16	10:39	1	30	3850	3850	00	0000024033619	0	0	0	0	0	0	0	0
$1	1561	2173	1	0	2350	2.00	1300	21.10.16	10:44	1	30	1300	1300	00	0000015023506	0	0	0	0	0	0	0	0
$1	1561	2173	2	0	0182	1.000	890	21.10.16	10:44	2	30	890	890	00	0000000000000	0	0	0	0	0	0	0	0
$1	1561	2174	1	0	1256	1.00	3090	21.10.16	10:56	1	30	3090	3090	00	0000024012560	0	0	0	0	0	0	0	0
$1	1561	2174	2	0	1260	1.00	2690	21.10.16	10:56	1	30	2690	2690	00	0000024012607	0	0	0	0	0	0	0	0
$1	1561	2174	3	0	0225	1.000	200	21.10.16	10:56	1	30	200	200	00	0000000000000	0	0	0	0	0	0	0	0
$1	1561	2174	4	0	2460	1.00	200	21.10.16	10:56	2	30	200	200	00	0000033002996	0	0	0	0	0	0	0	0
$1	1561	2175	1	0	0557	1.00	2290	21.10.16	11:02	1	30	2290	2290	00	5902249010411	0	0	0	0	0	0	0	0
$10	1561	2175	1	0	0557	1.00	2290	21.10.16	11:02	1	30	2290	2290	00	5902249010411	0	0	0	0	0	0	0	0
$1	1561	2175	2	0	2468	1.00	390	21.10.16	11:02	2	30	390	390	00	0000020024680	0	0	0	0	0	0	0	0
$1	1561	2175	3	0	2474	1.00	390	21.10.16	11:02	2	30	390	390	00	0000020024741	0	0	0	0	0	0	0	0
$1	1561	2176	1	0	2011	1.00	2990	21.10.16	11:19	2	30	2990	2990	00	0000009020115	0	0	0	0	0	0	0	0
$1	1561	2177	1	0	1019	1.00	990	21.10.16	11:32	2	30	990	990	00	5907752643514	0	0	0	0	0	0	0	0
$1	1561	2177	2	0	2350	1.00	650	21.10.16	11:32	1	30	650	650	00	0000015023506	0	0	0	0	0	0	0	0
$1	1561	2178	1	0	2350	1.00	650	21.10.16	11:34	1	30	650	650	00	0000015023506	0	0	0	0	0	0	0	0
$1	1561	2179	1	0	2350	1.00	650	21.10.16	11:38	1	30	650	650	00	0000015023506	0	0	0	0	0	0	0	0
$1	1561	2179	2	0	0002	1.000	990	21.10.16	11:38	1	30	990	990	00	0000000000000	0	0	0	0	0	0	0	0
$1	1561	2179	3	0	2383	1.00	2250	21.10.16	11:38	1	30	2250	2250	00	0000016023833	0	0	0	0	0	0	0	0
$1	1561	2180	1	0	2968	1.00	2490	21.10.16	11:48	2	30	2490	2490	00	0000019029689	0	0	0	0	0	0	0	0
$1	1561	2181	1	0	2350	1.00	650	21.10.16	11:56	1	30	650	650	00	0000015023506	0	0	0	0	0	0	0	0
$1	1561	2182	1	0	0002	1.000	890	21.10.16	12:18	1	30	890	890	00	0000000000000	0	0	0	0	0	0	0	0
$1	1561	2182	2	0	0002	1.000	2950	21.10.16	12:18	1	30	2950	2950	00	0000000000000	0	0	0	0	0	0	0	0
$1	1561	2182	3	0	0772	1.00	6690	21.10.16	12:18	1	30	6690	6690	00	0000003007723	0	0	0	0	0	0	0	0
$1	1561	2182	4	0	0373	1.00	1450	21.10.16	12:18	1	30	1450	1450	00	5906874565285	0	0	0	0	0	0	0	0
$1	1561	2182	5	0	1432	1.00	1490	21.10.16	12:18	1	30	1490	1490	00	5903760200091	0	0	0	0	0	0	0	0
$1	1561	2183	1	0	0026	1.000	590	21.10.16	12:26	1	30	590	590	00	0000000000000	0	0	0	0	0	0	0	0
$1	1561	2183	2	0	2814	1.00	6990	21.10.16	12:26	1	30	6990	6990	00	0000009019546	0	0	0	0	0	0	0	0
$1	1561	2184	1	0	1431	1.00	2550	21.10.16	12:45	1	30	2550	2550	00	0000024014311	0	0	0	0	0	0	0	0
$1	1561	2184	2	0	1430	1.00	2550	21.10.16	12:45	1	30	2550	2550	00	0000024014304	0	0	0	0	0	0	0	0
$1	1561	2184	3	0	1253	1.00	3850	21.10.16	12:45	1	30	3850	3850	00	0000024012539	0	0	0	0	0	0	0	0
$1	1561	2184	4	0	0949	1.00	3850	21.10.16	12:45	1	30	3850	3850	00	0000024009492	0	0	0	0	0	0	0	0
$1	1561	2184	5	0	3470	1.00	4950	21.10.16	12:45	1	30	4950	4950	00	0000024034708	0	0	0	0	0	0	0	0
$1	1561	2184	6	0	0848	1.00	3393	21.10.16	12:45	1	30	3393	5850	00	0000024008488	0	0	0	0	0	0	0	1
$1	1561	2185	1	0	2361	1.00	2450	21.10.16	13:03	1	30	2450	2450	00	0000016023611	0	0	0	0	0	0	0	0
$1	1561	2185	2	0	2365	1.00	3950	21.10.16	13:03	1	30	3950	3950	00	0000016023659	0	0	0	0	0	0	0	0
$1	1561	2186	1	0	1257	1.00	3000	21.10.16	13:32	1	30	3000	3000	00	0000024012577	0	0	0	0	0	0	0	0
$1	1561	2186	2	0	1257	1.00	3000	21.10.16	13:32	1	30	3000	3000	00	0000024012577	0	0	0	0	0	0	0	0
$1	1561	2186	3	0	1261	1.00	2600	21.10.16	13:32	1	30	2600	2600	00	0000024012614	0	0	0	0	0	0	0	0
$1	1561	2186	4	0	1261	1.00	2600	21.10.16	13:32	1	30	2600	2600	00	0000024012614	0	0	0	0	0	0	0	0
$1	1561	2186	5	0	0946	1.00	3290	21.10.16	13:32	1	30	3290	3290	00	0000024009461	0	0	0	0	0	0	0	0
$1	1561	2186	6	0	0946	1.00	3290	21.10.16	13:32	1	30	3290	3290	00	0000024009461	0	0	0	0	0	0	0	0
$1	1561	2186	7	0	1574	1.00	490	21.10.16	13:32	2	30	490	490	00	0000007015748	0	0	0	0	0	0	0	0
