#1
#1
#1
$949	872/A-166A/1 Kubek                	1	1	2	1	0	5907154340462	3990	0
$1257	883/D-42/1 Filizanka              	1	1	2	1	0	5907154464441	3300	0
$1428	945/D-42/1 Mlecznik               	1	1	2	1	0	5907155492481	3990	0
$698	1105/A-166A/1 Kubek               	1	1	2	1	0	5907154335260	4690	0
$793	1264/D-42/1 Polmisek              	1	1	2	1	0	5907154431702	6690	0
$812	814/D-8/1 Talerz                  	1	1	2	1	0	5907155239192	3750	0
$813	836/D-42/1 Spodek                 	1	1	2	1	0	5907154568682	2850	0
$816	864S864P/D-1044/2 Czaj            	1	1	2	1	0	5907156008193	6590	0
$3465	1105/A-166A/2 Kubek               	1	1	2	1	0	5907154335277	4690	0
$3466	1193/D-42/1 Kubek                 	1	1	2	1	0	5907154212660	3750	0
$3469	1193/D-42/2 Kubek                 	1	1	2	1	0	5907154212677	3750	0
$3470	1393S1393G/D-41/1 Mas             	1	1	2	1	0	5907154562161	6750	0
$3471	1393S1393G/D-42/1 Mas             	1	1	2	1	0	5907154535660	6750	0
$3472	139351393G/D-42/2 Mas             	1	1	2	1	0	5907154535677	6450	0
$3490	139351393G/D-8/1 Mas              	1	1	2	1	0	5907154783979	6490	0
$3492	210813-42/1 Tacka                 	1	1	2	1	0	5907157721497	3990	0
$3493	814/A-166A/1 Talerz               	1	1	2	1	0	5907154321287	3950	0
$3496	814/D-42/1 Talerz                 	1	1	2	1	0	5907155478812	3750	0
$3497	836/D-8/1 Spodek                  	1	1	2	1	0	5907154568705	2850	0
$3498	872/A-166A/2 Kubek                	1	1	2	1	0	5907154340479	3990	0
$3499	883/D-8/1 Filizanka               	1	1	2	1	0	5907154464489	3300	0
$3500	883/D-8/2 Filizanka               	1	1	2	1	0	5907154464496	3290	0
$3501	883S/D-42/1 Spodek                	1	1	2	1	0	5907156184507	2890	0
$3502	9445944P/A-166A/2 Cuk             	1	1	2	1	0	5907154337912	6990	0
$3503	883/A-166A/3 Filizanka            	1	1	2	1	0	5907156166893	3050	0
$3504	910/A-1293A/3 Kubek               	1	1	2	1	0	5907157938161	4690	0
$3505	910/D-1311A/3 Kubek               	1	1	2	1	0	5907157936693	4650	0
$3506	911/A-882A/3 Kubek                	1	1	2	1	0	5907156158300	4350	0
$3507	911/D-479/3 Kubek                 	1	1	2	1	0	5907156743858	3550	0
$3509	922/A-1073A/3 Filizanka           	1	1	2	1	0	5907156404834	4950	0
$3512	922/D-1244A/3 Filizanka           	1	1	2	1	0	5907157262228	4650	0
$3513	922/D-56/3 Filizanka              	1	1	2	1	0	5907156763924	3650	0
$3514	922/D-8/3 Filizanka               	1	1	2	1	0	5907156209675	4250	0
$3515	928A/DU-60/3 Tacka                	1	1	2	1	0	5907156223664	4890	0
$3516	971A/D-120/3 Miska                	1	1	2	1	0	5907156279265	3590	0
$3517	1001/D-1244A/3 Talerz             	1	1	2	1	0	5907157263195	4950	0
$3518	1001/D-487/3 Talerz               	1	1	2	1	0	5907156812714	5290	0
$3519	10210/D-120/3 Talerz P            	1	1	2	1	0	5907156666881	5990	0
$3520	10210/DU-205/3 Talerz P           	1	1	2	1	0	5907156887798	8990	0
$3521	1105/D-37/3 Kubek                 	1	1	2	1	0	5907156315871	3450	0
$3522	1105/D-8/3 Kubek                  	1	1	2	1	0	5907156161034	3450	0
$3523	1193/DU-158/3 Kubek               	1	1	2	1	0	5907156350360	4450	0
$3526	1195/D-1244A/3 Kubek              	1	1	2	1	0	5907157388300	4250	0
$3527	1331/D-42/3 Talerz                	1	1	2	1	0	5907156686469	9850	0
$3528	1452/A-166A/3 Kubek               	1	1	2	1	0	5907156162604	3690	0
$3529	1452/A-168A/3 Kubek               	1	1	2	1	0	5907156966042	3950	0
$3530	1609/D-1090/2 Spodek              	1	1	2	1	0	5907157058586	3550	0
$3531	1847/D-1311A/3 Lampion            	1	1	2	1	0	5907157937119	5750	0
$3532	2079S2079P/D-8/3 Czajnik          	1	1	2	1	0	5907157532345	12250	0
$3533	596S596P/D-41/3 Czajnik           	1	1	2	1	0	5907156148844	9250	0
$3534	596S596P/D-912/3 Czajnik          	1	1	2	1	0	5907156773411	9550	0
$3535	694S694P/D-111/3 Czajnik          	1	1	2	1	0	5907156225149	3950	0
$3536	698S698P/D-41/3 Czajni            	1	1	2	1	0	5907156304875	4650	0
$3537	698S698P/D-42/3 Czajnik           	1	1	2	1	0	5907156283842	4650	0
$3539	836/A-166A/3 Spodek               	1	1	2	1	0	5907156150670	2590	0
$3540	872/ART-129/3 Kubek               	1	1	2	1	0	5907156231980	5450	0
