#1	COM255:1:STX6:1	5	2023.02.17	16:34	OPSpRoz4	WIN 13.32.2020	OPSPROZ4IN.txt	OPSPROZ4OUT.txt
#
#ELZAB Jota online 20000 PLU II gen. ver. 01 (identyfikator odczytany z urzadzenia i pliku ECRTBUF.TXT)
$1	138	1	1	0	4508	1.00	450	23.01.27	09:55	2	01	450	450	00	5905279799882	0	0	0	0	0	0	0	0
$1	138	1	2	0	1125	1.00	490	23.01.27	09:55	2	01	490	490	00	5907752643293	0	0	0	0	0	0	0	0
$1	138	1	3	0	1016	1.00	490	23.01.27	09:55	4	01	490	490	00	5906365702380	0	0	0	0	0	0	0	0
$1	138	1	4	0	1149	1.00	550	23.01.27	09:55	2	01	550	550	00	5909994311961	0	0	0	0	0	0	0	0
$1	138	1	5	0	1174	1.00	490	23.01.27	09:55	2	01	490	490	00	5909990628346	0	0	0	0	0	0	0	0
$1	138	1	6	0	0982	1.00	590	23.01.27	09:55	2	01	590	590	00	5907752643385	0	0	0	0	0	0	0	0
$4	138	1	1	0	0	3060	3060
$1	138	2	1	0	2350	2.00	1580	23.01.27	10:05	1	01	1580	1580	00	15023506	0	0	0	0	0	0	0	0
$1	138	2	2	0	0988	2.00	1700	23.01.27	10:05	1	01	1700	1700	00	5009886	0	0	0	0	0	0	0	0
$4	138	2	1	0	0	10000	10000
$4	138	2	1	0	1	6720	6720
$1	138	3	1	0	0725	1.00	6150	23.01.27	11:22	1	01	6150	6150	00	3007259	0	0	0	0	0	0	0	0
$1	138	3	2	0	1574	1.00	550	23.01.27	11:23	4	01	550	550	00	5906660817215	0	0	0	0	0	0	0	0
$4	138	3	2	0	0	6700	6700
$1	138	4	1	0	2350	2.00	1580	23.01.27	11:45	1	01	1580	1580	00	15023506	0	0	0	0	0	0	0	0
$4	138	4	1	0	0	2000	2000
$4	138	4	1	0	1	420	420
$1	138	5	1	0	1590	1.00	1590	23.01.27	11:47	1	01	1590	1590	00	7015908	0	0	0	0	0	0	0	0
$1	138	5	2	0	2750	1.00	5190	23.01.27	11:47	1	01	5190	5190	00	35027508	0	0	0	0	0	0	0	0
$1	138	5	3	0	1574	2.00	1100	23.01.27	11:47	4	01	1100	1100	00	5906660817215	0	0	0	0	0	0	0	0
$4	138	5	2	0	0	7880	7880
$1	138	6	1	0	2053	1.00	2850	23.01.27	13:19	1	01	2850	2850	00	11020530	0	0	0	0	0	0	0	0
$4	138	6	2	0	0	2850	2850
$1	138	7	1	0	1031	1.00	1850	23.01.27	13:33	4	01	1850	1850	00	5010318	0	0	0	0	0	0	0	0
$4	138	7	2	0	0	1850	1850
$1	138	8	1	0	3660	1.00	4650	23.01.27	13:47	1	01	4650	4650	00	1036602	0	0	0	0	0	0	0	0
$4	138	8	2	0	0	4650	4650
$1	138	9	1	0	3485	1.00	3000	23.01.27	14:12	1	01	3000	3000	00	10004876	0	0	0	0	0	0	0	0
$4	138	9	1	0	0	5000	5000
$4	138	9	1	0	1	2000	2000
$1	138	10	1	0	2350	3.00	2370	23.01.27	14:13	1	01	2370	2370	00	15023506	0	0	0	0	0	0	0	0
$4	138	10	1	0	0	2370	2370
$1	138	11	1	0	4568	1.00	2950	23.01.27	14:33	1	01	2950	2950	00	10007747	0	0	0	0	0	0	0	0
$1	138	11	2	0	2053	1.00	2850	23.01.27	14:33	1	01	2850	2850	00	11020530	0	0	0	0	0	0	0	0
$4	138	11	2	0	0	5800	5800
$1	138	12	1	0	2053	1.00	2850	23.01.27	14:34	1	01	2850	2850	00	11020530	0	0	0	0	0	0	0	0
$4	138	12	2	0	0	2850	2850
$1	138	13	1	0	1189	1.00	650	23.01.27	14:36	2	01	650	650	00	5909994310711	0	0	0	0	0	0	0	0
$4	138	13	1	0	0	1000	1000
$4	138	13	1	0	1	350	350
$10	138	14	1	0	4508	1.00	450	23.01.27	16:15	2	01	450	450	00	10006726	0	0	0	0	0	0	0	0
$1	138	14	1	0	0093	1.000	650	23.01.27	16:16	3	01	650	650	00		0	0	0	0	0	0	0	0
$1	138	14	2	0	0311	1.00	2190	23.01.27	16:16	1	01	2190	2190	00	5903111747039	0	0	0	0	0	0	0	0
$1	138	14	3	0	0041	1.000	2490	23.01.27	16:33	1	01	2490	2490	00		0	0	0	0	0	0	0	0
$1	138	14	4	0	4528	1.00	3790	23.01.27	16:34	1	01	3790	3790	00	10007044	0	0	0	0	0	0	0	0
$4	138	14	2	0	0	9120	9120
$1	138	15	1	0	4568	1.00	2950	23.01.27	17:11	1	01	2950	2950	00	10007747	0	0	0	0	0	0	0	0
$4	138	15	1	0	0	5000	5000
$4	138	15	1	0	1	2050	2050
$14	01	23.01.28	09:24	4
$13	00	1	23.01.28	09:24	01	0	0	0	0	0	0	0	0	0	             
$1	139	1	1	0	1821	1.00	2150	23.01.28	09:44	1	01	2150	2150	00	5701278288149	0	0	0	0	0	0	0	0
$1	139	1	2	0	2735	1.00	890	23.01.28	09:44	1	01	890	890	00	8691190142025	0	0	0	0	0	0	0	0
$4	139	1	2	0	0	3040	3040
$1	139	2	1	0	2050	1.00	2850	23.01.28	10:03	1	01	2850	2850	00	11020509	0	0	0	0	0	0	0	0
$4	139	2	1	0	0	5000	5000
$4	139	2	1	0	1	2150	2150
$1	139	3	1	0	1085	1.00	690	23.01.28	10:05	2	01	690	690	00	5906365702779	0	0	0	0	0	0	0	0
$1	139	3	2	0	1178	1.00	550	23.01.28	10:05	2	01	550	550	00	5909990628360	0	0	0	0	0	0	0	0
$1	139	3	3	0	1008	2.00	1100	23.01.28	10:05	2	01	1100	1100	00	5909994311367	0	0	0	0	0	0	0	0
$1	139	3	4	0	1106	1.00	590	23.01.28	10:05	2	01	590	590	00	5906365702960	0	0	0	0	0	0	0	0
$1	139	3	5	0	0093	1.000	620	23.01.28	10:06	3	01	620	620	00		0	0	0	0	0	0	0	0
$1	139	3	6	0	0093	1.000	620	23.01.28	10:06	3	01	620	620	00		0	0	0	0	0	0	0	0
$1	139	3	7	0	0586	2.00	1380	23.01.28	10:06	1	01	1380	1380	00	2005867	0	0	0	0	0	0	0	0
$4	139	3	1	0	0	5550	5550
$1	139	4	1	0	1040	5.00	2750	23.01.28	10:21	2	01	2750	2750	00	5906365702847	0	0	0	0	0	0	0	0
$1	139	4	2	0	4171	1.00	3850	23.01.28	10:22	1	01	3850	3850	00	6013196	0	0	0	0	0	0	0	0
$4	139	4	2	0	0	6600	6600
$1	139	5	1	0	1715	1.00	2290	23.01.28	10:25	1	01	2290	2290	00	10003343	0	0	0	0	0	0	0	0
$1	139	5	2	0	1706	1.00	2290	23.01.28	10:25	1	01	2290	2290	00	10003145	0	0	0	0	0	0	0	0
$1	139	5	3	0	1230	1.00	550	23.01.28	10:25	2	01	550	550	00	5909994310766	0	0	0	0	0	0	0	0
$4	139	5	2	0	0	5130	5130
$1	139	6	1	0	1039	1.00	650	23.01.28	10:27	2	01	650	650	00	5906365702823	0	0	0	0	0	0	0	0
$1	139	6	2	0	1177	1.00	375	23.01.28	10:27	2	01	375	750	00	5011773	0	0	0	0	0	0	0	1
$4	139	6	1	0	0	1025	1025
$1	139	7	1	0	0971	1.00	850	23.01.28	11:46	2	01	850	850	00	5009718	0	0	0	0	0	0	0	0
$4	139	7	2	0	0	850	850
$1	139	8	1	0	4338	1.00	7290	23.01.28	12:17	1	01	7290	7290	00	10004579	0	0	0	0	0	0	0	0
$4	139	8	2	0	0	7290	7290
$1	139	9	1	0	4363	1.00	2190	23.01.28	12:20	1	01	2190	2190	00	10004982	0	0	0	0	0	0	0	0
$4	139	9	2	0	0	2190	2190
$1	139	10	1	0	4568	1.00	2950	23.01.28	12:26	1	01	2950	2950	00	10007747	0	0	0	0	0	0	0	0
$1	139	10	2	0	1914	1.00	1750	23.01.28	12:26	1	01	1750	1750	00	10007303	0	0	0	0	0	0	0	0
$4	139	10	1	0	0	5000	5000
$4	139	10	1	0	1	300	300
$1	139	11	1	0	4568	1.00	2950	23.01.28	12:31	1	01	2950	2950	00	10007747	0	0	0	0	0	0	0	0
$4	139	11	2	0	0	2950	2950
$1	139	12	1	0	4568	1.00	2950	23.01.28	12:32	1	01	2950	2950	00	10007747	0	0	0	0	0	0	0	0
$4	139	12	1	0	0	2950	2950
$1	139	13	1	0	1031	1.00	1850	23.01.28	12:39	4	01	1850	1850	00	5010318	0	0	0	0	0	0	0	0
$1	139	13	2	0	1052	1.00	450	23.01.28	12:39	4	01	450	450	00	5907752643972	0	0	0	0	0	0	0	0
$4	139	13	2	0	0	2300	2300
$1	139	14	1	0	0290	1.00	7990	23.01.28	12:43	1	01	7990	7990	00	10004593	0	0	0	0	0	0	0	0
$4	139	14	2	0	0	7990	7990
$14	01	23.01.31	09:42	4
$13	00	1	23.01.31	09:42	01	0	0	0	0	0	0	0	0	0	             
$1	140	1	1	0	4537	1.00	5190	23.01.31	09:55	1	01	5190	5190	00	10007136	0	0	0	0	0	0	0	0
$4	140	1	2	0	0	5190	5190
$1	140	2	1	0	1573	1.00	550	23.01.31	09:55	4	01	550	550	00	5906660817208	0	0	0	0	0	0	0	0
$4	140	2	2	0	0	550	550
$1	140	3	1	0	1193	1.00	550	23.01.31	12:03	2	01	550	550	00	5909990195725	0	0	0	0	0	0	0	0
$1	140	3	2	0	1213	1.00	690	23.01.31	12:03	2	01	690	690	00	5909990468522	0	0	0	0	0	0	0	0
$4	140	3	1	0	0	5000	5000
$4	140	3	1	0	1	3760	3760
$1	140	4	1	0	2282	1.00	2600	23.01.31	12:39	1	01	2600	2600	00	5907502687775	0	0	0	0	0	0	0	0
$1	140	4	2	0	2350	1.00	790	23.01.31	12:40	1	01	790	790	00	15023506	0	0	0	0	0	0	0	0
$1	140	4	3	0	1189	1.00	650	23.01.31	12:40	2	01	650	650	00	5909994310711	0	0	0	0	0	0	0	0
$4	140	4	1	0	0	4040	4040
$1	140	5	1	0	4568	2.00	5900	23.01.31	14:57	1	01	5900	5900	00	10007747	0	0	0	0	0	0	0	0
$4	140	5	2	0	0	5900	5900
$1	140	6	1	0	0330	1.00	1850	23.01.31	15:08	1	01	1850	1850	00	5906874565674	0	0	0	0	0	0	0	0
$1	140	6	2	0	4369	1.00	2190	23.01.31	15:08	1	01	2190	2190	00	10005088	0	0	0	0	0	0	0	0
$1	140	6	3	0	4368	1.00	2790	23.01.31	15:08	1	01	2790	2790	00	10005071	0	0	0	0	0	0	0	0
$1	140	6	4	0	0442	1.00	1590	23.01.31	15:10	1	01	1590	1590	00	8691190704087	0	0	0	0	0	0	0	0
$4	140	6	1	0	0	8420	8420
$1	140	7	1	0	1860	1.00	12190	23.01.31	15:47	1	01	12190	12190	00	8018601	0	0	0	0	0	0	0	0
$4	140	7	2	0	0	12190	12190
$1	140	8	1	0	1710	1.00	2850	23.01.31	16:11	1	01	2850	2850	00	10003268	0	0	0	0	0	0	0	0
$4	140	8	2	0	0	2850	2850
$14	01	23.02.01	09:44	4
$13	00	1	23.02.01	09:44	01	0	0	0	0	0	0	0	0	0	             
$1	141	1	1	0	2019	1.00	1750	23.02.01	09:46	1	01	1750	1750	00	10007440	0	0	0	0	0	0	0	0
$1	141	1	2	0	0805	1.00	750	23.02.01	09:46	2	01	750	750	00	21166	0	0	0	0	0	0	0	0
$1	141	1	3	0	1573	1.00	550	23.02.01	09:46	4	01	550	550	00	5906660817208	0	0	0	0	0	0	0	0
$4	141	1	1	0	0	3050	3050
$1	141	2	1	0	3574	1.00	790	23.02.01	11:22	2	01	790	790	00	10003817	0	0	0	0	0	0	0	0
$1	141	2	2	0	0982	1.00	590	23.02.01	11:23	2	01	590	590	00	5907752643385	0	0	0	0	0	0	0	0
$4	141	2	2	0	0	1380	1380
$1	141	3	1	0	0489	1.00	4200	23.02.01	11:55	1	01	4200	4200	00	5902249010794	0	0	0	0	0	0	0	0
$1	141	3	2	0	0471	1.00	3700	23.02.01	11:56	1	01	3700	3700	00	5907502687270	0	0	0	0	0	0	0	0
$4	141	3	1	0	0	10000	10000
$4	141	3	1	0	1	2100	2100
$1	141	4	1	0	2053	1.00	2850	23.02.01	12:00	1	01	2850	2850	00	11020530	0	0	0	0	0	0	0	0
$4	141	4	2	0	0	2850	2850
$1	141	5	1	0	3385	1.00	1290	23.02.01	12:03	1	01	1290	1290	00	22033857	0	0	0	0	0	0	0	0
$4	141	5	2	0	0	1290	1290
$1	141	6	1	0	4246	1.00	4200	23.02.01	14:21	1	01	4200	4200	00	5902249016857	0	0	0	0	0	0	0	0
$4	141	6	2	0	0	4200	4200
$1	141	7	1	0	0623	1.00	2790	23.02.01	14:49	1	01	2790	2790	00	5902249011289	0	0	0	0	0	0	0	0
$1	141	7	2	0	0626	1.00	2990	23.02.01	14:51	1	01	2990	2990	00	5902249011333	0	0	0	0	0	0	0	0
$1	141	7	3	0	0627	1.00	2990	23.02.01	14:52	1	01	2990	2990	00	5902249011319	0	0	0	0	0	0	0	0
$4	141	7	1	0	0	10000	10000
$4	141	7	1	0	1	1230	1230
$1	141	8	1	0	0988	1.00	850	23.02.01	15:58	1	01	850	850	00	5009886	0	0	0	0	0	0	0	0
$4	141	8	2	0	0	850	850
$1	141	9	1	0	1821	2.00	4300	23.02.01	16:45	1	01	4300	4300	00	5701278288149	0	0	0	0	0	0	0	0
$4	141	9	1	0	0	4300	4300
$1	141	10	1	0	4416	1.00	5990	23.02.01	17:18	1	01	5990	5990	00	10005552	0	0	0	0	0	0	0	0
$4	141	10	2	0	0	5990	5990
$1	142	1	1	0	0287	1.00	3490	23.02.02	10:11	1	01	3490	3490	00	5711914170868	0	0	0	0	0	0	0	0
$4	142	1	2	0	0	3490	3490
$1	142	2	1	0	0031	1.000	2000	23.02.02	10:54	1	01	2000	2000	00		0	0	0	0	0	0	0	0
$1	142	2	2	0	0350	1.00	2790	23.02.02	10:54	1	01	2790	2790	00	5900168900202	0	0	0	0	0	0	0	0
$4	142	2	2	0	0	4790	4790
$1	142	3	1	0	2028	1.00	2690	23.02.02	12:27	1	01	2690	2690	00	10020289	0	0	0	0	0	0	0	0
$4	142	3	2	0	0	2690	2690
$1	142	4	1	0	3043	1.00	950	23.02.02	14:04	2	01	950	950	00	10003831	0	0	0	0	0	0	0	0
$4	142	4	1	0	0	2000	2000
$4	142	4	1	0	1	1050	1050
$1	142	5	1	0	1085	1.00	690	23.02.02	14:43	2	01	690	690	00	5906365702779	0	0	0	0	0	0	0	0
$4	142	5	1	0	0	5000	5000
$4	142	5	1	0	1	4310	4310
$1	142	6	1	0	3146	1.00	2650	23.02.02	15:17	1	01	2650	2650	00	16031463	0	0	0	0	0	0	0	0
$1	142	6	2	0	1133	1.00	1250	23.02.02	15:17	4	01	1250	1250	00	5011339	0	0	0	0	0	0	0	0
$4	142	6	1	0	0	3900	3900
$1	142	7	1	0	1437	1.00	2990	23.02.02	15:44	1	01	2990	2990	00	10002964	0	0	0	0	0	0	0	0
$4	142	7	1	0	0	5000	5000
$4	142	7	1	0	1	2010	2010
$1	142	8	1	0	2053	1.00	2850	23.02.02	15:56	1	01	2850	2850	00	11020530	0	0	0	0	0	0	0	0
$4	142	8	1	0	0	10000	10000
$4	142	8	1	0	1	7150	7150
$1	142	9	1	0	3787	1.00	1150	23.02.02	16:02	1	01	1150	1150	00	19392	0	0	0	0	0	0	0	0
$1	142	9	2	0	3718	1.00	1090	23.02.02	16:02	1	01	1090	1090	00	8691190815028	0	0	0	0	0	0	0	0
$1	142	9	3	0	3788	1.00	1750	23.02.02	16:02	1	01	1750	1750	00	15646	0	0	0	0	0	0	0	0
$1	142	9	4	0	2024	1.00	2490	23.02.02	16:02	1	01	2490	2490	00	10020241	0	0	0	0	0	0	0	0
$4	142	9	2	0	0	6480	6480
$14	01	23.02.02	20:20	4
$13	00	1	23.02.02	20:20	01	0	0	0	0	0	0	0	0	0	             
$1	143	1	1	0	2264	1.00	900	23.02.03	09:34	2	01	900	900	00	5902741005892	0	0	0	0	0	0	0	0
$4	143	1	1	0	0	900	900
$1	143	2	1	0	2326	1.00	950	23.02.03	10:38	2	01	950	950	00	5903246864519	0	0	0	0	0	0	0	0
$1	143	2	2	0	2732	1.00	950	23.02.03	10:39	2	01	950	950	00	5903246861952	0	0	0	0	0	0	0	0
$1	143	2	3	0	3114	1.00	900	23.02.03	10:39	2	01	900	900	00	5902741003126	0	0	0	0	0	0	0	0
$1	143	2	4	0	0805	1.00	850	23.02.03	10:39	2	01	850	850	00	5902741000453	0	0	0	0	0	0	0	0
$4	143	2	1	0	0	10000	10000
$4	143	2	1	0	1	6350	6350
$1	143	3	1	0	0093	1.000	2800	23.02.03	11:22	3	01	2800	2800	00		0	0	0	0	0	0	0	0
$1	143	3	2	0	4316	1.00	1450	23.02.03	11:23	4	01	1450	1450	00	5902581617187	0	0	0	0	0	0	0	0
$4	143	3	1	0	0	5000	5000
$4	143	3	1	0	1	750	750
$1	143	4	1	0	4578	1.00	1100	23.02.03	11:26	2	01	1100	1100	00	5903246860290	0	0	0	0	0	0	0	0
$4	143	4	1	0	0	1100	1100
$1	143	5	1	0	4357	1.00	8090	23.02.03	12:08	1	01	8090	8090	00	10003534	0	0	0	0	0	0	0	0
$4	143	5	2	0	0	8090	8090
$1	143	6	1	0	4357	1.00	8090	23.02.03	12:14	1	01	8090	8090	00	10003534	0	0	0	0	0	0	0	0
$4	143	6	2	0	0	8090	8090
$1	143	7	1	0	1234	1.00	790	23.02.03	12:56	2	01	790	790	00	5909990311910	0	0	0	0	0	0	0	0
$1	143	7	2	0	1181	2.00	1100	23.02.03	12:56	2	01	1100	1100	00	5909994310964	0	0	0	0	0	0	0	0
$1	143	7	3	0	1232	2.00	980	23.02.03	12:56	2	01	980	980	00	5909990219520	0	0	0	0	0	0	0	0
$1	143	7	4	0	1000	1.00	650	23.02.03	12:56	2	01	650	650	00	5906365702922	0	0	0	0	0	0	0	0
$1	143	7	5	0	1008	1.00	550	23.02.03	12:57	2	01	550	550	00	5909994311367	0	0	0	0	0	0	0	0
$1	143	7	6	0	1230	1.00	550	23.02.03	12:57	2	01	550	550	00	5909994310766	0	0	0	0	0	0	0	0
$1	143	7	7	0	1184	1.00	550	23.02.03	12:57	2	01	550	550	00	5909990628377	0	0	0	0	0	0	0	0
$4	143	7	1	0	0	10000	10000
$4	143	7	1	0	1	4830	4830
$1	143	8	1	0	4582	1.00	1475	23.02.03	13:17	4	01	1475	2950	00	5903246866384	0	0	0	0	0	0	0	1
$4	143	8	1	0	0	1475	1475
$1	143	9	1	0	1764	1.00	5850	23.02.03	13:26	1	01	5850	5850	00	5701278609364	0	0	0	0	0	0	0	0
$1	143	9	2	0	0041	1.000	1990	23.02.03	13:28	1	01	1990	1990	00	10003022	0	0	0	0	0	0	0	0
$4	143	9	2	0	0	7840	7840
$1	143	10	1	0	4583	1.00	1475	23.02.03	13:37	4	01	1475	2950	00	5903246866391	0	0	0	0	0	0	0	1
$4	143	10	1	0	0	1475	1475
$1	143	11	1	0	1008	1.00	550	23.02.03	14:24	2	01	550	550	00	5909994311367	0	0	0	0	0	0	0	0
$1	143	11	2	0	1207	1.00	590	23.02.03	14:24	2	01	590	590	00	5909994309821	0	0	0	0	0	0	0	0
$1	143	11	3	0	1249	1.00	900	23.02.03	14:24	2	01	900	900	00	5909994310667	0	0	0	0	0	0	0	0
$1	143	11	4	0	1197	1.00	490	23.02.03	14:24	2	01	490	490	00	5909994309128	0	0	0	0	0	0	0	0
$1	143	11	5	0	1013	1.00	650	23.02.03	14:24	2	01	650	650	00	5909990628438	0	0	0	0	0	0	0	0
$4	143	11	2	0	0	3180	3180
$1	143	12	1	0	1808	1.00	2650	23.02.03	15:39	1	01	2650	2650	00	5711914157395	0	0	0	0	0	0	0	0
$4	143	12	1	0	0	5000	5000
$4	143	12	1	0	1	2350	2350
$1	143	13	1	0	1721	1.00	6350	23.02.03	16:47	1	01	6350	6350	00	5711914109622	0	0	0	0	0	0	0	0
$1	143	13	2	0	2118	1.00	2490	23.02.03	16:47	1	01	2490	2490	00	8691190832728	0	0	0	0	0	0	0	0
$1	143	13	3	0	3169	1.00	3190	23.02.03	16:49	1	01	3190	3190	00	08031693	0	0	0	0	0	0	0	0
$4	143	13	1	0	0	12030	12030
$1	144	1	1	0	1232	1.00	490	23.02.04	10:48	2	01	490	490	00	5909990219520	0	0	0	0	0	0	0	0
$4	144	1	2	0	0	490	490
$1	144	2	1	0	4523	1.00	2490	23.02.04	11:06	1	01	2490	2490	00	5906660352150	0	0	0	0	0	0	0	0
$1	144	2	2	0	2740	1.00	2490	23.02.04	11:06	1	01	2490	2490	00	5903641980555	0	0	0	0	0	0	0	0
$4	144	2	2	0	0	4980	4980
$1	144	3	1	0	2665	1.00	1250	23.02.04	11:19	4	01	1250	1250	00	5904960010657	0	0	0	0	0	0	0	0
$1	144	3	2	0	2265	1.00	1000	23.02.04	11:20	2	01	1000	1000	00	5902741005281	0	0	0	0	0	0	0	0
$4	144	3	2	0	0	2250	2250
$1	144	4	1	0	0868	1.00	5490	23.02.04	11:38	1	01	5490	5490	00	5906395235162	0	0	0	0	0	0	0	0
$1	144	4	2	0	0502	1.00	2600	23.02.04	11:38	1	01	2600	2600	00	5907502687522	0	0	0	0	0	0	0	0
$4	144	4	2	0	0	8090	8090
$1	144	5	1	0	2053	1.00	2990	23.02.04	11:43	1	01	2990	2990	00	11020530	0	0	0	0	0	0	0	0
$1	144	5	2	0	2050	1.00	2990	23.02.04	11:45	1	01	2990	2990	00	11020509	0	0	0	0	0	0	0	0
$1	144	5	3	0	3901	1.00	1090	23.02.04	11:47	1	01	1090	1090	00	28039013	0	0	0	0	0	0	0	0
$1	144	5	4	0	4478	1.00	090	23.02.04	11:47	1	01	090	090	00	10006429	0	0	0	0	0	0	0	0
$4	144	5	2	0	0	7160	7160
$1	144	6	1	0	2265	1.00	1000	23.02.04	11:49	2	01	1000	1000	00	10003848	0	0	0	0	0	0	0	0
$4	144	6	2	0	0	1000	1000
$1	144	7	1	0	4568	1.00	2950	23.02.04	12:27	1	01	2950	2950	00	10007747	0	0	0	0	0	0	0	0
$1	144	7	2	0	4568	1.00	2950	23.02.04	12:27	1	01	2950	2950	00	10007747	0	0	0	0	0	0	0	0
$4	144	7	2	0	0	5900	5900
$1	144	8	1	0	4478	1.00	090	23.02.04	12:49	1	01	090	090	00	10006429	0	0	0	0	0	0	0	0
$1	144	8	2	0	3901	1.00	1090	23.02.04	12:49	1	01	1090	1090	00	28039013	0	0	0	0	0	0	0	0
$1	144	8	3	0	3910	1.00	5750	23.02.04	12:49	1	01	5750	5750	00	28039105	0	0	0	0	0	0	0	0
$4	144	8	1	0	0	10000	10000
$4	144	8	1	0	1	3070	3070
$12	144	1	1	0	2289	1.00	2150	23.02.04	12:54	1	01	2150	2150	00	10000847	0	0	0	0	0	0	0	0
$12	144	1	2	0	2291	1.00	2150	23.02.04	12:54	1	01	2150	2150	00	10006962	0	0	0	0	0	0	0	0
$12	144	1	3	0	2274	1.00	4190	23.02.04	12:55	1	01	4190	4190	00	5906660352297	0	0	0	0	0	0	0	0
$1	144	9	1	0	2350	1.00	790	23.02.04	12:56	1	01	790	790	00	15023506	0	0	0	0	0	0	0	0
$1	144	9	2	0	3903	1.00	2590	23.02.04	12:56	1	01	2590	2590	00	28039037	0	0	0	0	0	0	0	0
$4	144	9	2	0	0	3380	3380
$1	144	10	1	0	2053	1.00	2990	23.02.04	12:57	1	01	2990	2990	00	11020530	0	0	0	0	0	0	0	0
$1	144	10	2	0	2289	1.00	2150	23.02.04	12:57	1	01	2150	2150	00	10000847	0	0	0	0	0	0	0	0
$1	144	10	3	0	2291	1.00	2150	23.02.04	12:57	1	01	2150	2150	00	10006962	0	0	0	0	0	0	0	0
$1	144	10	4	0	2274	1.00	4190	23.02.04	12:57	1	01	4190	4190	00	14022746	0	0	0	0	0	0	0	0
$4	144	10	2	0	0	11480	11480
$1	144	11	1	0	2024	1.00	2490	23.02.04	12:58	1	01	2490	2490	00	10020241	0	0	0	0	0	0	0	0
$4	144	11	2	0	0	2490	2490
$1	144	12	1	0	1555	1.00	2890	23.02.04	13:00	4	01	2890	2890	00	7015557	0	0	0	0	0	0	0	0
$4	144	12	2	0	0	2890	2890
$1	144	13	1	0	4125	1.00	4190	23.02.04	13:29	1	01	4190	4190	00	10000502	0	0	0	0	0	0	0	0
$1	144	13	2	0	3058	1.00	1150	23.02.04	13:30	2	01	1150	1150	00	10003893	0	0	0	0	0	0	0	0
$4	144	13	2	0	0	5340	5340
$1	144	14	1	0	0993	2.00	1180	23.02.04	13:36	2	01	1180	1180	00	5906365702991	0	0	0	0	0	0	0	0
$1	144	14	2	0	4508	1.00	450	23.02.04	13:36	2	01	450	450	00	10006726	0	0	0	0	0	0	0	0
$4	144	14	1	0	0	2130	2130
$4	144	14	1	0	1	500	500
$12	145	1	1	0	0494	1.00	3800	23.02.04	15:23	1	01	3800	3800	00	5907502687409	0	0	0	0	0	0	0	0
$1	146	1	1	0	3901	1.00	1090	23.02.07	11:32	1	01	1090	1090	00	28039013	0	0	0	0	0	0	0	0
$4	146	1	2	0	0	1090	1090
$1	146	2	1	0	3901	1.00	1090	23.02.07	11:33	1	01	1090	1090	00	28039013	0	0	0	0	0	0	0	0
$4	146	2	2	0	0	1090	1090
$1	146	3	1	0	4579	1.00	1450	23.02.07	11:54	1	01	1450	1450	00	10007754	0	0	0	0	0	0	0	0
$1	146	3	2	0	3902	1.00	1450	23.02.07	11:54	1	01	1450	1450	00	28039020	0	0	0	0	0	0	0	0
$1	146	3	3	0	2165	1.00	1790	23.02.07	11:54	1	01	1790	1790	00	25430	0	0	0	0	0	0	0	0
$4	146	3	2	0	0	4690	4690
$1	146	4	1	0	3901	3.00	3270	23.02.07	11:56	1	01	3270	3270	00	28039013	0	0	0	0	0	0	0	0
$1	146	4	2	0	2165	2.00	3580	23.02.07	11:56	1	01	3580	3580	00	25430	0	0	0	0	0	0	0	0
$4	146	4	2	0	0	6850	6850
$1	146	5	1	0	2167	1.00	4550	23.02.07	13:36	1	01	4550	4550	00	25447	0	0	0	0	0	0	0	0
$4	146	5	1	0	0	10000	10000
$4	146	5	1	0	1	5450	5450
$1	146	6	1	0	1049	1.00	1400	23.02.07	13:39	4	01	1400	1400	00	5905279799110	0	0	0	0	0	0	0	0
$4	146	6	1	0	0	1400	1400
$1	146	7	1	0	4508	1.00	450	23.02.07	14:42	2	01	450	450	00	10006726	0	0	0	0	0	0	0	0
$1	146	7	2	0	2519	1.00	2890	23.02.07	14:43	2	01	2890	2890	00	5904960012453	0	0	0	0	0	0	0	0
$1	146	7	3	0	3043	1.00	950	23.02.07	14:56	2	01	950	950	00	10003831	0	0	0	0	0	0	0	0
$1	146	7	4	0	0511	1.00	1590	23.02.07	14:56	1	01	1590	1590	00	8691190704223	0	0	0	0	0	0	0	0
$4	146	7	1	0	0	10000	10000
$4	146	7	1	0	1	4120	4120
$1	146	8	1	0	1447	1.00	1990	23.02.07	15:16	1	01	1990	1990	00	10003008	0	0	0	0	0	0	0	0
$4	146	8	2	0	0	1990	1990
$1	146	9	1	0	2053	1.00	2990	23.02.07	16:48	1	01	2990	2990	00	11020530	0	0	0	0	0	0	0	0
$1	146	9	2	0	2767	1.00	13990	23.02.07	16:48	1	01	13990	13990	00	18027679	0	0	0	0	0	0	0	0
$4	146	9	1	0	0	20000	20000
$4	146	9	1	0	1	3020	3020
$1	146	10	1	0	2050	1.00	2990	23.02.07	16:50	1	01	2990	2990	00	11020509	0	0	0	0	0	0	0	0
$4	146	10	2	0	0	2990	2990
$1	146	11	1	0	3300	1.00	990	23.02.07	16:51	1	01	990	990	00	22033000	0	0	0	0	0	0	0	0
$4	146	11	2	0	0	990	990
$1	146	12	1	0	0816	1.00	3690	23.02.07	17:00	1	01	3690	3690	00	25614	0	0	0	0	0	0	0	0
$1	146	12	2	0	1762	1.00	6350	23.02.07	17:00	1	01	6350	6350	00	5711914160036	0	0	0	0	0	0	0	0
$1	146	12	3	0	2476	1.00	1650	23.02.07	17:00	1	01	1650	1650	00	8691190441807	0	0	0	0	0	0	0	0
$4	146	12	2	0	0	11690	11690
$14	01	23.02.08	09:32	4
$13	00	1	23.02.08	09:32	01	0	0	0	0	0	0	0	0	0	             
$1	147	1	1	0	0982	1.00	590	23.02.08	10:13	2	01	590	590	00	5907752643385	0	0	0	0	0	0	0	0
$1	147	1	2	0	1170	1.00	590	23.02.08	10:13	2	01	590	590	00	5909994311565	0	0	0	0	0	0	0	0
$1	147	1	3	0	1208	1.00	690	23.02.08	10:13	2	01	690	690	00	5909990312016	0	0	0	0	0	0	0	0
$4	147	1	1	0	0	2000	2000
$4	147	1	1	0	1	130	130
$1	147	2	1	0	0002	1.000	1390	23.02.08	10:44	1	01	1390	1390	00		0	0	0	0	0	0	0	0
$1	147	2	2	0	0002	1.000	1390	23.02.08	10:44	1	01	1390	1390	00		0	0	0	0	0	0	0	0
$4	147	2	2	0	0	2780	2780
$1	147	3	1	0	2350	1.00	790	23.02.08	10:50	1	01	790	790	00	15023506	0	0	0	0	0	0	0	0
$1	147	3	2	0	4061	1.00	4350	23.02.08	10:50	1	01	4350	4350	00	27040614	0	0	0	0	0	0	0	0
$4	147	3	1	0	0	10000	10000
$4	147	3	1	0	1	4860	4860
$1	147	4	1	0	3580	1.00	900	23.02.08	11:08	2	01	900	900	00	10004029	0	0	0	0	0	0	0	0
$1	147	4	2	0	1039	1.00	650	23.02.08	11:08	2	01	650	650	00	5906365702823	0	0	0	0	0	0	0	0
$1	147	4	3	0	2510	1.00	850	23.02.08	11:09	2	01	850	850	00	17025102	0	0	0	0	0	0	0	0
$4	147	4	2	0	0	2400	2400
$1	147	5	1	0	3289	1.00	850	23.02.08	11:16	2	01	850	850	00	22032898	0	0	0	0	0	0	0	0
$1	147	5	2	0	2546	1.00	3150	23.02.08	11:16	4	01	3150	3150	00	17025461	0	0	0	0	0	0	0	0
$1	147	5	3	0	1165	1.00	590	23.02.08	11:17	2	01	590	590	00	5909994311169	0	0	0	0	0	0	0	0
$1	147	5	4	0	1109	1.00	550	23.02.08	11:17	4	01	550	550	00	5905279799097	0	0	0	0	0	0	0	0
$4	147	5	2	0	0	5140	5140
$1	147	6	1	0	3901	4.00	4360	23.02.08	11:55	1	01	4360	4360	00	28039013	0	0	0	0	0	0	0	0
$1	147	6	2	0	2350	2.00	1580	23.02.08	11:55	1	01	1580	1580	00	15023506	0	0	0	0	0	0	0	0
$4	147	6	2	0	0	5940	5940
$1	147	7	1	0	4568	1.00	2950	23.02.08	11:58	1	01	2950	2950	00	10007747	0	0	0	0	0	0	0	0
$4	147	7	2	0	0	2950	2950
$1	147	8	1	0	2054	1.00	6950	23.02.08	12:07	1	01	6950	6950	00	11020547	0	0	0	0	0	0	0	0
$1	147	8	2	0	4121	1.00	2490	23.02.08	12:07	1	01	2490	2490	00	10000489	0	0	0	0	0	0	0	0
$4	147	8	2	0	0	9440	9440
$1	147	9	1	0	1133	1.00	1250	23.02.08	12:21	4	01	1250	1250	00	5011339	0	0	0	0	0	0	0	0
$4	147	9	1	0	0	2000	2000
$4	147	9	1	0	1	750	750
$1	147	10	1	0	4568	2.00	5900	23.02.08	12:31	1	01	5900	5900	00	10007747	0	0	0	0	0	0	0	0
$1	147	10	2	0	0297	1.00	2000	23.02.08	12:31	1	01	2000	2000	00	10004340	0	0	0	0	0	0	0	0
$1	147	10	3	0	2741	1.00	4450	23.02.08	12:31	1	01	4450	4450	00	25492	0	0	0	0	0	0	0	0
$1	147	10	4	0	1601	1.00	850	23.02.08	12:31	1	01	850	850	00	7016011	0	0	0	0	0	0	0	0
$1	147	10	5	0	0002	1.000	1490	23.02.08	12:32	1	01	1490	1490	00		0	0	0	0	0	0	0	0
$4	147	10	2	0	0	14690	14690
$1	147	11	1	0	1162	1.00	500	23.02.08	12:35	2	01	500	500	00	5909994311763	0	0	0	0	0	0	0	0
$4	147	11	2	0	0	500	500
$1	147	12	1	0	4300	1.00	11890	23.02.08	13:44	1	01	11890	11890	00	10002636	0	0	0	0	0	0	0	0
$1	147	12	2	0	0498	1.00	2700	23.02.08	13:48	1	01	2700	2700	00	5907502687546	0	0	0	0	0	0	0	0
$1	147	12	3	0	2030	1.00	2690	23.02.08	13:49	1	01	2690	2690	00	10020302	0	0	0	0	0	0	0	0
$1	147	12	4	0	3715	1.00	2450	23.02.08	13:49	1	01	2450	2450	00	8691190595067	0	0	0	0	0	0	0	0
$4	147	12	2	0	0	19730	19730
$1	147	13	1	0	2053	1.00	2990	23.02.08	13:56	1	01	2990	2990	00	11020530	0	0	0	0	0	0	0	0
$4	147	13	2	0	0	2990	2990
$1	147	14	1	0	2053	1.00	2990	23.02.08	14:29	1	01	2990	2990	00	11020530	0	0	0	0	0	0	0	0
$4	147	14	1	0	0	5000	5000
$4	147	14	1	0	1	2010	2010
$1	147	15	1	0	4503	1.00	2790	23.02.08	15:08	1	01	2790	2790	00	10006672	0	0	0	0	0	0	0	0
$1	147	15	2	0	3303	1.00	750	23.02.08	15:08	1	01	750	750	00	5905548350028	0	0	0	0	0	0	0	0
$1	147	15	3	0	3901	1.00	1090	23.02.08	15:08	1	01	1090	1090	00	28039013	0	0	0	0	0	0	0	0
$1	147	15	4	0	2350	4.00	3160	23.02.08	15:08	1	01	3160	3160	00	15023506	0	0	0	0	0	0	0	0
$4	147	15	1	0	0	10000	10000
$4	147	15	1	0	1	2210	2210
$1	147	16	1	0	0041	1.000	3000	23.02.08	15:11	1	01	3000	3000	00		0	0	0	0	0	0	0	0
$4	147	16	1	0	0	3000	3000
$1	147	17	1	0	1184	7.00	3850	23.02.08	15:42	2	01	3850	3850	00	5909990628377	0	0	0	0	0	0	0	0
$4	147	17	1	0	0	10000	10000
$4	147	17	1	0	1	6150	6150
$1	147	18	1	0	3995	1.00	1190	23.02.08	15:53	1	01	1190	1190	00	8691190967161	0	0	0	0	0	0	0	0
$4	147	18	2	0	0	1190	1190
$1	147	19	1	0	2596	1.00	1350	23.02.08	15:54	1	01	1350	1350	00	17025966	0	0	0	0	0	0	0	0
$4	147	19	2	0	0	1350	1350
$1	147	20	1	0	0002	1.000	1490	23.02.08	16:33	1	01	1490	1490	00		0	0	0	0	0	0	0	0
$4	147	20	2	0	0	1490	1490
$1	147	21	1	0	2390	1.00	1690	23.02.08	16:40	1	01	1690	1690	00	16023901	0	0	0	0	0	0	0	0
$1	147	21	2	0	2395	1.00	2450	23.02.08	16:40	1	01	2450	2450	00	16023956	0	0	0	0	0	0	0	0
$1	147	21	3	0	3449	1.00	2190	23.02.08	16:41	1	01	2190	2190	00	16034495	0	0	0	0	0	0	0	0
$1	147	21	4	0	2730	1.00	1300	23.02.08	16:41	1	01	1300	1650	00	20027308	0	0	0	0	0	0	0	1
$4	147	21	1	0	0	7630	7630
$1	148	1	1	0	4504	1.00	2950	23.02.09	13:30	1	01	2950	2950	00	10006689	0	0	0	0	0	0	0	0
$4	148	1	1	0	0	5000	5000
$4	148	1	1	0	1	2050	2050
$1	148	2	1	0	0864	1.00	5900	23.02.09	13:32	1	01	5900	5900	00	4008644	0	0	0	0	0	0	0	0
$1	148	2	2	0	3091	1.00	750	23.02.09	13:32	2	01	750	750	00	10003909	0	0	0	0	0	0	0	0
$1	148	2	3	0	4576	1.00	1300	23.02.09	13:32	1	01	1300	1300	00	23368	0	0	0	0	0	0	0	0
$1	148	2	4	0	2053	1.00	2990	23.02.09	13:33	1	01	2990	2990	00	11020530	0	0	0	0	0	0	0	0
$4	148	2	2	0	0	10940	10940
$10	148	3	1	0	1602	1.00	850	23.02.09	13:49	1	01	850	850	00	7016028	0	0	0	0	0	0	0	0
$10	148	3	2	0	1604	1.00	750	23.02.09	13:49	1	01	750	750	00	7016042	0	0	0	0	0	0	0	0
$10	148	3	3	0	1602	1.00	850	23.02.09	13:49	1	01	850	850	00	7016028	0	0	0	0	0	0	0	0
$10	148	3	4	0	4568	1.00	2950	23.02.09	13:49	1	01	2950	2950	00	10007747	0	0	0	0	0	0	0	0
$10	148	3	5	0	0002	1.000	250	23.02.09	13:50	1	01	250	250	00		0	0	0	0	0	0	0	0
$10	148	3	6	0	2053	2.00	5980	23.02.09	13:50	1	01	5980	5980	00	11020530	0	0	0	0	0	0	0	0
$1	148	3	1	0	1604	1.00	750	23.02.09	13:51	1	01	750	750	00	7016042	0	0	0	0	0	0	0	0
$1	148	3	2	0	2053	2.00	5980	23.02.09	13:51	1	01	5980	5980	00	11020530	0	0	0	0	0	0	0	0
$1	148	3	3	0	1602	1.00	850	23.02.09	13:51	1	01	850	850	00	7016028	0	0	0	0	0	0	0	0
$1	148	3	4	0	4568	1.00	2950	23.02.09	13:51	1	01	2950	2950	00	10007747	0	0	0	0	0	0	0	0
$1	148	3	5	0	0002	1.000	250	23.02.09	13:52	1	01	250	250	00		0	0	0	0	0	0	0	0
$4	148	3	2	0	0	10780	10780
$1	148	4	1	0	1452	1.00	1990	23.02.09	14:21	1	01	1990	1990	00	10003053	0	0	0	0	0	0	0	0
$4	148	4	2	0	0	1990	1990
$1	148	5	1	0	0983	1.00	850	23.02.09	14:45	4	01	850	850	00	5009831	0	0	0	0	0	0	0	0
$4	148	5	1	0	0	5000	5000
$4	148	5	1	0	1	4150	4150
$1	148	6	1	0	3901	3.00	3270	23.02.09	14:46	1	01	3270	3270	00	28039013	0	0	0	0	0	0	0	0
$4	148	6	2	0	0	3270	3270
$1	148	7	1	0	3906	1.00	4390	23.02.09	15:16	1	01	4390	4390	00	28039068	0	0	0	0	0	0	0	0
$1	148	7	2	0	3901	1.00	1090	23.02.09	15:16	1	01	1090	1090	00	28039013	0	0	0	0	0	0	0	0
$1	148	7	3	0	4216	1.00	390	23.02.09	15:16	1	01	390	390	00	8691190802097	0	0	0	0	0	0	0	0
$4	148	7	2	0	0	5870	5870
$1	148	8	1	0	1555	1.00	2890	23.02.09	15:18	4	01	2890	2890	00	7015557	0	0	0	0	0	0	0	0
$4	148	8	1	0	0	3000	3000
$4	148	8	1	0	1	110	110
$1	148	9	1	0	0451	2.00	9200	23.02.09	15:48	1	01	9200	9200	00	5907502687102	0	0	0	0	0	0	0	0
$4	148	9	1	0	0	20000	20000
$4	148	9	1	0	1	10800	10800
$1	148	10	1	0	4478	12.00	1080	23.02.09	16:08	1	01	1080	1080	00	10006429	0	0	0	0	0	0	0	0
$4	148	10	2	0	0	1080	1080
$1	148	11	1	0	1822	1.00	2650	23.02.09	16:24	1	01	2650	2650	00	8018229	0	0	0	0	0	0	0	0
$1	148	11	2	0	0297	1.00	2000	23.02.09	16:24	1	01	2000	2000	00	10004340	0	0	0	0	0	0	0	0
$1	148	11	3	0	2024	1.00	1990	23.02.09	16:25	1	01	1990	2490	00	10020241	0	0	0	0	0	0	0	1
$4	148	11	2	0	0	6640	6640
$1	148	12	1	0	4132	1.00	5890	23.02.09	16:30	1	01	5890	5890	00	10000625	0	0	0	0	0	0	0	0
$4	148	12	2	0	0	5890	5890
$1	148	13	1	0	3190	1.00	2550	23.02.09	17:29	1	01	2550	2550	00	21031908	0	0	0	0	0	0	0	0
$1	148	13	2	0	0472	1.00	1400	23.02.09	17:29	1	01	1400	1400	00	5907502687300	0	0	0	0	0	0	0	0
$1	148	13	3	0	2358	1.00	2975	23.02.09	17:30	1	01	2975	5950	00	1023589	0	0	0	0	0	0	0	1
$4	148	13	1	0	0	6925	6925
$14	01	23.02.10	09:33	4
$13	00	1	23.02.10	09:33	01	0	0	0	0	0	0	0	0	0	             
$1	149	1	1	0	4568	1.00	2950	23.02.10	10:24	1	01	2950	2950	00	10007747	0	0	0	0	0	0	0	0
$1	149	1	2	0	0225	1.000	250	23.02.10	10:24	1	01	250	250	00		0	0	0	0	0	0	0	0
$4	149	1	2	0	0	3200	3200
$1	149	2	1	0	1088	1.00	1190	23.02.10	10:38	4	01	1190	1190	00	5010882	0	0	0	0	0	0	0	0
$4	149	2	1	0	0	1190	1190
$1	149	3	1	0	0988	1.00	850	23.02.10	10:41	1	01	850	850	00	5009886	0	0	0	0	0	0	0	0
$4	149	3	1	0	0	2000	2000
$4	149	3	1	0	1	1150	1150
$1	149	4	1	0	2054	1.00	6950	23.02.10	11:24	1	01	6950	6950	00	11020547	0	0	0	0	0	0	0	0
$4	149	4	2	0	0	6950	6950
$1	149	5	1	0	3111	1.00	2190	23.02.10	11:28	2	01	2190	2190	00	20031114	0	0	0	0	0	0	0	0
$4	149	5	2	0	0	2190	2190
$1	149	6	1	0	4353	1.00	12590	23.02.10	11:33	1	01	12590	12590	00	10004746	0	0	0	0	0	0	0	0
$4	149	6	2	0	0	12590	12590
$1	149	7	1	0	1168	2.00	1100	23.02.10	12:15	2	01	1100	1100	00	5909994310261	0	0	0	0	0	0	0	0
$1	149	7	2	0	3209	1.00	1750	23.02.10	12:15	1	01	1750	1750	00	21032097	0	0	0	0	0	0	0	0
$1	149	7	3	0	4154	1.00	2650	23.02.10	12:17	1	01	2650	2650	00	10000878	0	0	0	0	0	0	0	0
$4	149	7	2	0	0	5500	5500
$1	149	8	1	0	2732	1.00	950	23.02.10	12:50	2	01	950	950	00	20027322	0	0	0	0	0	0	0	0
$4	149	8	1	0	0	1000	1000
$4	149	8	1	0	1	050	050
$1	149	9	1	0	2832	1.00	7900	23.02.10	13:06	1	01	7900	7900	00	18028324	0	0	0	0	0	0	0	0
$4	149	9	2	0	0	7900	7900
$1	149	10	1	0	1491	1.00	2690	23.02.10	14:36	4	01	2690	2690	00	7014918	0	0	0	0	0	0	0	0
$1	149	10	2	0	2050	2.00	5980	23.02.10	14:36	1	01	5980	5980	00	11020509	0	0	0	0	0	0	0	0
$4	149	10	2	0	0	8670	8670
$1	149	11	1	0	4133	1.00	3750	23.02.10	14:45	1	01	3750	3750	00	10000823	0	0	0	0	0	0	0	0
$1	149	11	2	0	4135	1.00	3750	23.02.10	14:45	1	01	3750	3750	00	10000656	0	0	0	0	0	0	0	0
$1	149	11	3	0	4601	1.00	5990	23.02.10	14:45	1	01	5990	5990	00	10007976	0	0	0	0	0	0	0	0
$1	149	11	4	0	0451	1.00	4600	23.02.10	14:45	1	01	4600	4600	00	5907502687102	0	0	0	0	0	0	0	0
$4	149	11	2	0	0	18090	18090
$1	149	12	1	0	3035	1.00	650	23.02.10	15:35	2	01	650	650	00	20030353	0	0	0	0	0	0	0	0
$1	149	12	2	0	2482	1.00	650	23.02.10	15:35	2	01	650	650	00	20024826	0	0	0	0	0	0	0	0
$1	149	12	3	0	0971	1.00	850	23.02.10	15:35	2	01	850	850	00	5009718	0	0	0	0	0	0	0	0
$4	149	12	2	0	0	2150	2150
$1	149	13	1	0	4209	1.00	390	23.02.10	15:37	1	01	390	390	00	8691190801403	0	0	0	0	0	0	0	0
$4	149	13	2	0	0	390	390
$1	149	14	1	0	2350	1.00	790	23.02.10	15:42	1	01	790	790	00	15023506	0	0	0	0	0	0	0	0
$1	149	14	2	0	1043	1.00	1190	23.02.10	15:42	2	01	1190	1190	00	5905279799196	0	0	0	0	0	0	0	0
$1	149	14	3	0	0982	1.00	590	23.02.10	15:42	2	01	590	590	00	5907752643385	0	0	0	0	0	0	0	0
$1	149	14	4	0	0952	1.00	490	23.02.10	15:42	4	01	490	490	00	5009527	0	0	0	0	0	0	0	0
$4	149	14	2	0	0	3060	3060
$1	149	15	1	0	1503	1.00	2690	23.02.10	16:56	4	01	2690	2690	00	7015038	0	0	0	0	0	0	0	0
$4	149	15	1	0	0	5000	5000
$4	149	15	1	0	1	2310	2310
$1	149	16	1	0	4481	1.00	3350	23.02.10	17:01	1	01	3350	3350	00	10006450	0	0	0	0	0	0	0	0
$4	149	16	1	0	0	3350	3350
$1	149	17	1	0	1738	1.00	3950	23.02.10	17:21	1	01	3950	3950	00	8017383	0	0	0	0	0	0	0	0
$1	149	17	2	0	2648	1.00	1990	23.02.10	17:21	2	01	1990	1990	00	17026482	0	0	0	0	0	0	0	0
$1	149	17	3	0	0225	1.000	1250	23.02.10	17:21	1	01	1250	1250	00		0	0	0	0	0	0	0	0
$4	149	17	2	0	0	7190	7190
$14	01	23.02.11	09:50	4
$13	00	1	23.02.11	09:50	01	0	0	0	0	0	0	0	0	0	             
$1	150	1	1	0	2167	1.00	4550	23.02.11	09:52	1	01	4550	4550	00	25447	0	0	0	0	0	0	0	0
$4	150	1	2	0	0	4550	4550
$1	150	2	1	0	1574	1.00	550	23.02.11	09:55	4	01	550	550	00	5906660817215	0	0	0	0	0	0	0	0
$1	150	2	2	0	1574	1.00	550	23.02.11	09:55	4	01	550	550	00	5906660817215	0	0	0	0	0	0	0	0
$1	150	2	3	0	1589	1.00	1590	23.02.11	09:56	1	01	1590	1590	00	7015892	0	0	0	0	0	0	0	0
$1	150	2	4	0	1587	1.00	1650	23.02.11	09:56	1	01	1650	1650	00	7015878	0	0	0	0	0	0	0	0
$1	150	2	5	0	1590	1.00	1590	23.02.11	09:56	1	01	1590	1590	00	7015908	0	0	0	0	0	0	0	0
$4	150	2	2	0	0	5930	5930
$1	150	3	1	0	3111	1.00	2190	23.02.11	10:50	2	01	2190	2190	00	5903246864526	0	0	0	0	0	0	0	0
$4	150	3	1	0	0	2200	2200
$4	150	3	1	0	1	010	010
$1	150	4	1	0	4105	1.00	4450	23.02.11	11:02	1	01	4450	4450	00	10000250	0	0	0	0	0	0	0	0
$4	150	4	2	0	0	4450	4450
$1	150	5	1	0	3276	1.00	1250	23.02.11	11:05	1	01	1250	1250	00	8691190842178	0	0	0	0	0	0	0	0
$1	150	5	2	0	2053	1.00	2990	23.02.11	11:10	1	01	2990	2990	00	11020530	0	0	0	0	0	0	0	0
$4	150	5	2	0	0	4240	4240
$1	150	6	1	0	2053	1.00	2990	23.02.11	11:57	1	01	2990	2990	00	11020530	0	0	0	0	0	0	0	0
$4	150	6	2	0	0	2990	2990
$1	150	7	1	0	3057	1.00	2290	23.02.11	12:08	1	01	2290	2290	00	20030575	0	0	0	0	0	0	0	0
$1	150	7	2	0	0796	1.00	4950	23.02.11	12:08	1	01	4950	4950	00	10005866	0	0	0	0	0	0	0	0
$4	150	7	2	0	0	7240	7240
$1	150	8	1	0	1055	1.00	990	23.02.11	12:23	4	01	990	990	00	5905279799141	0	0	0	0	0	0	0	0
$4	150	8	1	0	0	10000	10000
$4	150	8	1	0	1	9010	9010
$1	150	9	1	0	1055	1.00	990	23.02.11	13:17	4	01	990	990	00	5905279799141	0	0	0	0	0	0	0	0
$1	150	9	2	0	4166	1.00	6300	23.02.11	13:22	1	01	6300	6300	00	10000977	0	0	0	0	0	0	0	0
$4	150	9	2	0	0	7290	7290
$14	01	23.02.14	09:36	4
$13	00	1	23.02.14	09:36	01	0	0	0	0	0	0	0	0	0	             
$1	151	1	1	0	1458	1.00	2090	23.02.14	09:44	1	01	2090	2090	00	10003114	0	0	0	0	0	0	0	0
$1	151	1	2	0	3111	1.00	2190	23.02.14	09:44	2	01	2190	2190	00	20031114	0	0	0	0	0	0	0	0
$4	151	1	1	0	0	4400	4400
$4	151	1	1	0	1	120	120
$1	151	2	1	0	3901	2.00	2180	23.02.14	10:25	1	01	2180	2180	00	28039013	0	0	0	0	0	0	0	0
$1	151	2	2	0	2265	1.00	1000	23.02.14	10:25	2	01	1000	1000	00	10003848	0	0	0	0	0	0	0	0
$4	151	2	2	0	0	3180	3180
$1	151	3	1	0	1068	1.00	650	23.02.14	11:17	2	01	650	650	00	5905279799400	0	0	0	0	0	0	0	0
$4	151	3	2	0	0	650	650
$1	151	4	1	0	0486	1.00	2090	23.02.14	11:35	1	01	2090	2090	00	5902249010688	0	0	0	0	0	0	0	0
$4	151	4	1	0	0	5000	5000
$4	151	4	1	0	1	2910	2910
$1	151	5	1	0	3265	1.00	1790	23.02.14	11:40	4	01	1790	1790	00	5032655	0	0	0	0	0	0	0	0
$1	151	5	2	0	2549	1.00	2250	23.02.14	11:40	2	01	2250	2250	00	17025492	0	0	0	0	0	0	0	0
$1	151	5	3	0	3043	1.00	950	23.02.14	11:40	2	01	950	950	00	10003831	0	0	0	0	0	0	0	0
$4	151	5	1	0	0	4990	4990
$1	151	6	1	0	4594	1.00	2650	23.02.14	11:41	2	01	2650	2650	00	10007914	0	0	0	0	0	0	0	0
$4	151	6	1	0	0	10000	10000
$4	151	6	1	0	1	7350	7350
$1	151	7	1	0	3114	1.00	900	23.02.14	11:52	2	01	900	900	00	10003572	0	0	0	0	0	0	0	0
$4	151	7	1	0	0	900	900
$1	151	8	1	0	4469	2.00	2180	23.02.14	12:06	1	01	2180	2180	00	10006344	0	0	0	0	0	0	0	0
$1	151	8	2	0	1519	1.00	5350	23.02.14	12:07	4	01	5350	5350	00	7015199	0	0	0	0	0	0	0	0
$1	151	8	3	0	1543	1.00	5250	23.02.14	12:07	4	01	5250	5250	00	7015434	0	0	0	0	0	0	0	0
$1	151	8	4	0	1605	2.00	2100	23.02.14	12:07	1	01	2100	2100	00	7016059	0	0	0	0	0	0	0	0
$4	151	8	1	0	0	20000	20000
$4	151	8	1	0	1	5120	5120
$1	151	9	1	0	1537	1.00	1890	23.02.14	12:11	4	01	1890	1890	00	7015373	0	0	0	0	0	0	0	0
$1	151	9	2	0	2162	2.00	3100	23.02.14	12:11	1	01	3100	3100	00	13021627	0	0	0	0	0	0	0	0
$4	151	9	1	0	0	4990	4990
$1	151	10	1	0	2596	1.00	1350	23.02.14	12:39	1	01	1350	1350	00	17025966	0	0	0	0	0	0	0	0
$4	151	10	1	0	0	1350	1350
$1	151	11	1	0	2165	1.00	1790	23.02.14	12:41	1	01	1790	1790	00	25430	0	0	0	0	0	0	0	0
$4	151	11	2	0	0	1790	1790
$1	151	12	1	0	4248	1.00	2300	23.02.14	13:28	1	01	2300	2500	00	10001578	0	0	0	0	0	0	0	1
$4	151	12	2	0	0	2300	2300
$1	151	13	1	0	1593	1.00	1590	23.02.14	13:28	1	01	1590	1590	00	7015939	0	0	0	0	0	0	0	0
$4	151	13	1	0	0	5000	5000
$4	151	13	1	0	1	3410	3410
$1	151	14	1	0	3660	1.00	4650	23.02.14	14:00	1	01	4650	4650	00	1036602	0	0	0	0	0	0	0	0
$4	151	14	2	0	0	4650	4650
$1	151	15	1	0	2024	1.00	2490	23.02.14	14:05	1	01	2490	2490	00	10020241	0	0	0	0	0	0	0	0
$4	151	15	2	0	0	2490	2490
$1	151	16	1	0	2569	1.00	2286	23.02.14	14:20	2	01	2286	2690	00	17025690	0	0	0	0	0	0	0	1
$4	151	16	2	0	0	2286	2286
$1	151	17	1	0	0570	1.00	690	23.02.14	15:50	1	01	690	690	00	5902249010503	0	0	0	0	0	0	0	0
$1	151	17	2	0	0525	1.00	4000	23.02.14	15:50	1	01	4000	4000	00	5907502687676	0	0	0	0	0	0	0	0
$4	151	17	2	0	0	4690	4690
$1	151	18	1	0	1826	1.00	2650	23.02.14	15:53	1	01	2650	2650	00	5701278121507	0	0	0	0	0	0	0	0
$1	151	18	2	0	3552	1.00	3450	23.02.14	15:53	1	01	3450	3450	00	5711914099183	0	0	0	0	0	0	0	0
$4	151	18	2	0	0	6100	6100
$1	151	19	1	0	1820	1.00	2150	23.02.14	16:00	1	01	2150	2150	00	5701278288101	0	0	0	0	0	0	0	0
$1	151	19	2	0	3552	1.00	3450	23.02.14	16:00	1	01	3450	3450	00	5711914099183	0	0	0	0	0	0	0	0
$1	151	19	3	0	4204	1.00	390	23.02.14	16:00	1	01	390	390	00	8691190801243	0	0	0	0	0	0	0	0
$4	151	19	2	0	0	5990	5990
$1	151	20	1	0	3111	1.00	2190	23.02.14	16:17	2	01	2190	2190	00	20031114	0	0	0	0	0	0	0	0
$1	151	20	2	0	0727	1.00	7990	23.02.14	16:17	1	01	7990	7990	00	3007273	0	0	0	0	0	0	0	0
$1	151	20	3	0	4600	1.00	5990	23.02.14	16:17	1	01	5990	5990	00	10007969	0	0	0	0	0	0	0	0
$1	151	20	4	0	3906	1.00	4390	23.02.14	16:17	1	01	4390	4390	00	28039068	0	0	0	0	0	0	0	0
$4	151	20	2	0	0	20560	20560
$14	01	23.02.15	09:30	4
$13	00	1	23.02.15	09:30	01	0	0	0	0	0	0	0	0	0	             
$1	152	1	1	0	3901	1.00	1090	23.02.15	09:58	1	01	1090	1090	00	28039013	0	0	0	0	0	0	0	0
$4	152	1	1	0	0	1090	1090
$1	152	2	1	0	4375	1.00	3190	23.02.15	10:11	1	01	3190	3190	00	10005149	0	0	0	0	0	0	0	0
$4	152	2	1	0	0	3190	3190
$1	152	3	1	0	4528	1.00	3790	23.02.15	11:46	1	01	3790	3790	00	10007044	0	0	0	0	0	0	0	0
$1	152	3	2	0	4127	1.00	3750	23.02.15	11:46	1	01	3750	3750	00	10000687	0	0	0	0	0	0	0	0
$1	152	3	3	0	0796	1.00	4950	23.02.15	11:46	1	01	4950	4950	00	10005866	0	0	0	0	0	0	0	0
$4	152	3	1	0	0	20000	20000
$4	152	3	1	0	1	7510	7510
$1	152	4	1	0	4174	1.00	890	23.02.15	11:52	1	01	890	890	00	8691190142063	0	0	0	0	0	0	0	0
$4	152	4	1	0	0	890	890
$1	152	5	1	0	4603	1.00	2850	23.02.15	11:59	1	01	2850	2850	00	10007990	0	0	0	0	0	0	0	0
$1	152	5	2	0	3074	1.00	2190	23.02.15	12:00	1	01	2190	2190	00	5903760202453	0	0	0	0	0	0	0	0
$1	152	5	3	0	1573	1.00	550	23.02.15	12:00	4	01	550	550	00	5906660817208	0	0	0	0	0	0	0	0
$4	152	5	2	0	0	5590	5590
$1	152	6	1	0	1055	1.00	990	23.02.15	12:06	4	01	990	990	00	5010554	0	0	0	0	0	0	0	0
$1	152	6	2	0	4508	1.00	450	23.02.15	12:06	2	01	450	450	00	10006726	0	0	0	0	0	0	0	0
$4	152	6	1	0	0	2000	2000
$4	152	6	1	0	1	560	560
$1	152	7	1	0	2265	1.00	1000	23.02.15	12:08	2	01	1000	1000	00	10003848	0	0	0	0	0	0	0	0
$4	152	7	1	0	0	1000	1000
$1	152	8	1	0	0956	1.00	950	23.02.15	12:12	4	01	950	950	00	5009565	0	0	0	0	0	0	0	0
$4	152	8	2	0	0	950	950
$1	152	9	1	0	2433	1.00	2850	23.02.15	13:35	1	01	2850	2850	00	16024335	0	0	0	0	0	0	0	0
$1	152	9	2	0	2390	1.00	1690	23.02.15	13:35	1	01	1690	1690	00	7793750000057	0	0	0	0	0	0	0	0
$4	152	9	1	0	0	5000	5000
$4	152	9	1	0	1	460	460
$1	152	10	1	0	0657	1.00	3790	23.02.15	14:19	1	01	3790	3790	00	2006574	0	0	0	0	0	0	0	0
$1	152	10	2	0	0508	1.00	2390	23.02.15	14:19	1	01	2390	2390	00	2005089	0	0	0	0	0	0	0	0
$4	152	10	1	0	0	6180	6180
$1	152	11	1	0	0557	1.00	2800	23.02.15	15:53	1	01	2800	2800	00	5902249010411	0	0	0	0	0	0	0	0
$4	152	11	1	0	0	3000	3000
$4	152	11	1	0	1	200	200
$14	01	23.02.16	09:34	4
$13	00	1	23.02.16	09:34	01	0	0	0	0	0	0	0	0	0	             
$1	153	1	1	0	1085	1.00	690	23.02.16	10:12	2	01	690	690	00	5906365702779	0	0	0	0	0	0	0	0
$1	153	1	2	0	1182	1.00	790	23.02.16	10:12	2	01	790	790	00	5909990219728	0	0	0	0	0	0	0	0
$4	153	1	1	0	0	1480	1480
$1	153	2	1	0	1191	1.00	550	23.02.16	10:56	2	01	550	550	00	5909990628490	0	0	0	0	0	0	0	0
$1	153	2	2	0	0971	1.00	850	23.02.16	10:56	2	01	850	850	00	5009718	0	0	0	0	0	0	0	0
$4	153	2	2	0	0	1400	1400
$1	153	3	1	0	1230	2.00	1100	23.02.16	11:17	2	01	1100	1100	00	5909994310766	0	0	0	0	0	0	0	0
$1	153	3	2	0	1221	1.00	2350	23.02.16	11:17	2	01	2350	2350	00	5909990224616	0	0	0	0	0	0	0	0
$4	153	3	1	0	0	5000	5000
$4	153	3	1	0	1	1550	1550
$1	153	4	1	0	3673	1.00	3490	23.02.16	12:31	1	01	3490	3690	00	10006009	0	0	0	0	0	0	0	1
$1	153	4	2	0	0027	1.000	3690	23.02.16	12:32	1	01	3690	3690	00		0	0	0	0	0	0	0	0
$1	153	4	3	0	4134	1.00	3750	23.02.16	12:32	1	01	3750	3750	00	10000649	0	0	0	0	0	0	0	0
$1	153	4	4	0	1690	1.00	3250	23.02.16	12:33	1	01	3250	3250	00	7016905	0	0	0	0	0	0	0	0
$4	153	4	2	0	0	14180	14180
$1	153	5	1	0	2053	1.00	2990	23.02.16	13:12	1	01	2990	2990	00	11020530	0	0	0	0	0	0	0	0
$4	153	5	2	0	0	2990	2990
$1	153	6	1	0	4136	1.00	4190	23.02.16	13:20	1	01	4190	4190	00	10000601	0	0	0	0	0	0	0	0
$1	153	6	2	0	3058	1.00	1150	23.02.16	13:20	2	01	1150	1150	00	10003893	0	0	0	0	0	0	0	0
$4	153	6	2	0	0	5340	5340
$1	153	7	1	0	0703	1.00	7190	23.02.16	13:24	1	01	7190	7190	00	3007037	0	0	0	0	0	0	0	0
$1	153	7	2	0	0728	1.00	5650	23.02.16	13:25	1	01	5650	5650	00	3007280	0	0	0	0	0	0	0	0
$1	153	7	3	0	0727	1.00	7990	23.02.16	13:25	1	01	7990	7990	00	3007273	0	0	0	0	0	0	0	0
$4	153	7	2	0	0	20830	20830
$1	153	8	1	0	2053	1.00	2990	23.02.16	13:31	1	01	2990	2990	00	11020530	0	0	0	0	0	0	0	0
$4	153	8	1	0	0	5000	5000
$4	153	8	1	0	1	2010	2010
$10	153	9	1	0	4370	1.00	1490	23.02.16	13:52	1	01	1490	1490	00	10002995	0	0	0	0	0	0	0	0
$10	153	9	2	0	4370	1.00	1490	23.02.16	13:52	1	01	1490	1490	00	10002995	0	0	0	0	0	0	0	0
$1	153	9	1	0	0048	1.000	2000	23.02.16	13:53	1	01	2000	2000	00		0	0	0	0	0	0	0	0
$1	153	9	2	0	0586	1.00	690	23.02.16	13:53	1	01	690	690	00	2005867	0	0	0	0	0	0	0	0
$4	153	9	1	0	0	5000	5000
$4	153	9	1	0	1	2310	2310
$1	153	10	1	0	1230	1.00	550	23.02.16	15:53	2	01	550	550	00	5909994310766	0	0	0	0	0	0	0	0
$4	153	10	2	0	0	550	550
$1	153	11	1	0	2735	1.00	890	23.02.16	15:58	1	01	890	890	00	8691190142025	0	0	0	0	0	0	0	0
$4	153	11	1	0	0	1000	1000
$4	153	11	1	0	1	110	110
$14	01	23.02.17	09:29	4
$13	00	1	23.02.17	09:29	01	0	0	0	0	0	0	0	0	0	             
$10	154	1	1	0	4564	1.00	6500	23.02.17	09:34	1	01	6500	6500	00	10007709	0	0	0	0	0	0	0	0
$1	154	1	1	0	1017	1.00	650	23.02.17	09:38	2	01	650	650	00	5907752643361	0	0	0	0	0	0	0	0
$4	154	1	2	0	0	650	650
$1	154	2	1	0	1249	1.00	900	23.02.17	09:38	2	01	900	900	00	5909994310667	0	0	0	0	0	0	0	0
$1	154	2	2	0	1191	1.00	550	23.02.17	09:38	2	01	550	550	00	5909990628490	0	0	0	0	0	0	0	0
$1	154	2	3	0	1887	1.00	550	23.02.17	09:38	4	01	550	550	00	5905279799721	0	0	0	0	0	0	0	0
$1	154	2	4	0	1230	1.00	550	23.02.17	09:38	2	01	550	550	00	5909994310766	0	0	0	0	0	0	0	0
$4	154	2	2	0	0	2550	2550
$1	154	3	1	0	1177	1.00	750	23.02.17	09:39	2	01	750	750	00	5909994311312	0	0	0	0	0	0	0	0
$4	154	3	2	0	0	750	750
$1	154	4	1	0	2165	1.00	1790	23.02.17	09:42	1	01	1790	1790	00	25430	0	0	0	0	0	0	0	0
$1	154	4	2	0	3901	1.00	1090	23.02.17	09:42	1	01	1090	1090	00	28039013	0	0	0	0	0	0	0	0
$1	154	4	3	0	4564	1.00	6500	23.02.17	09:42	1	01	6500	6500	00	10007709	0	0	0	0	0	0	0	0
$4	154	4	2	0	0	9380	9380
$1	154	5	1	0	3573	1.00	2550	23.02.17	10:23	1	01	2550	2550	00	24035736	0	0	0	0	0	0	0	0
$1	154	5	2	0	2350	1.00	790	23.02.17	10:23	1	01	790	790	00	15023506	0	0	0	0	0	0	0	0
$4	154	5	1	0	0	10000	10000
$4	154	5	1	0	1	6660	6660
$1	154	6	1	0	1232	1.00	490	23.02.17	10:35	2	01	490	490	00	5909990219520	0	0	0	0	0	0	0	0
$1	154	6	2	0	1040	1.00	550	23.02.17	10:35	2	01	550	550	00	5906365702847	0	0	0	0	0	0	0	0
$4	154	6	1	0	0	1040	1040
$1	154	7	1	0	1605	2.00	2100	23.02.17	10:49	1	01	2100	2100	00	7016059	0	0	0	0	0	0	0	0
$4	154	7	1	0	0	2100	2100
$1	154	8	1	0	3385	2.00	2580	23.02.17	10:58	1	01	2580	2580	00	22033857	0	0	0	0	0	0	0	0
$4	154	8	1	0	0	5000	5000
$4	154	8	1	0	1	2420	2420
$1	154	9	1	0	1825	1.00	2350	23.02.17	11:11	1	01	2350	2350	00	10004777	0	0	0	0	0	0	0	0
$4	154	9	1	0	0	2350	2350
$1	154	10	1	0	2350	3.00	2370	23.02.17	11:14	1	01	2370	2370	00	15023506	0	0	0	0	0	0	0	0
$1	154	10	2	0	3355	1.00	4190	23.02.17	11:15	1	01	4190	4190	00	8033550	0	0	0	0	0	0	0	0
$4	154	10	2	0	0	6560	6560
$1	154	11	1	0	2009	2.00	6500	23.02.17	11:16	1	01	6500	6500	00	10007594	0	0	0	0	0	0	0	0
$4	154	11	2	0	0	6500	6500
$1	154	12	1	0	1208	1.00	690	23.02.17	11:18	2	01	690	690	00	5909990312016	0	0	0	0	0	0	0	0
$4	154	12	1	0	0	1000	1000
$4	154	12	1	0	1	310	310
$1	154	13	1	0	4570	1.00	1100	23.02.17	12:06	2	01	1100	1100	00	20030742	0	0	0	0	0	0	0	0
$1	154	13	2	0	3072	1.00	1150	23.02.17	12:06	2	01	1150	1150	00	10003602	0	0	0	0	0	0	0	0
$4	154	13	1	0	0	2250	2250
$1	154	14	1	0	1000	1.00	650	23.02.17	13:57	2	01	650	650	00	5906365702922	0	0	0	0	0	0	0	0
$1	154	14	2	0	1068	1.00	650	23.02.17	13:57	2	01	650	650	00	5905279799400	0	0	0	0	0	0	0	0
$4	154	14	1	0	0	2000	2000
$4	154	14	1	0	1	700	700
$1	154	15	1	0	4568	1.00	2950	23.02.17	14:33	1	01	2950	2950	00	10007747	0	0	0	0	0	0	0	0
$4	154	15	2	0	0	2950	2950
$1	154	16	1	0	3095	1.00	690	23.02.17	14:36	2	01	690	900	00	5902581618283	0	0	0	0	0	0	0	1
$4	154	16	1	0	0	2000	2000
$4	154	16	1	0	1	1310	1310
$1	154	17	1	0	4568	1.00	1475	23.02.17	14:39	1	01	1475	2950	00	10007747	0	0	0	0	0	0	0	1
$4	154	17	2	0	0	1475	1475
$1	154	18	1	0	1495	1.00	7250	23.02.17	14:53	4	01	7250	7250	00	5907804205288	0	0	0	0	0	0	0	0
$1	154	18	2	0	4574	1.00	1950	23.02.17	14:53	1	01	1950	1950	00	20022662	0	0	0	0	0	0	0	0
$4	154	18	1	0	0	10000	10000
$4	154	18	1	0	1	800	800
$1	154	19	1	0	2450	1.00	3100	23.02.17	15:47	1	01	3100	3100	00	5902249015263	0	0	0	0	0	0	0	0
$1	154	19	2	0	1377	1.00	1850	23.02.17	15:48	1	01	1850	1850	00	2745	0	0	0	0	0	0	0	0
$1	154	19	3	0	0002	1.000	1400	23.02.17	15:48	1	01	1400	1400	00		0	0	0	0	0	0	0	0
$4	154	19	1	0	0	7000	7000
$4	154	19	1	0	1	650	650
$1	154	20	1	0	4073	1.00	3000	23.02.17	16:32	1	01	3000	3000	00	1040739	0	0	0	0	0	0	0	0
$1	154	20	2	0	0472	1.00	1400	23.02.17	16:32	1	01	1400	1400	00	5907502687300	0	0	0	0	0	0	0	0
$1	154	20	3	0	4150	1.00	5890	23.02.17	16:32	1	01	5890	5890	00	10006825	0	0	0	0	0	0	0	0
$1	154	20	4	0	0586	1.00	690	23.02.17	16:33	1	01	690	690	00	2005867	0	0	0	0	0	0	0	0
$4	154	20	1	0	0	11000	11000
$4	154	20	1	0	1	020	020
