#1	COM5:57600:MUX0:1	3	2022.05.30	18:09	OTowar	WIN 13.32.2020	OTOWARIN.TXT	OTOWAROUT
#
#Jota E 4095 PLU II gen. ver. 01 (identyfikator odczytany z urzadzenia i pliku ECRTBUF.TXT)
$00001	YOPE KOSMETYKI                    	1	2	3	1	0	0000000000000	0	0	0	0	0	1	12
$00002	HERBATA                           	1	2	3	1	0	0000000000000	0	0	0	0	0	1	2
$00003	SOK                               	2	2	3	1	0	0000000000000	0	0	0	0	0	1	386
$00004	OLD SPICE KOSMETYK                	1	2	3	1	0	0000000000000	0	0	0	0	0	1	115
$00005	KOSMETYKI DO BRODY                	1	2	3	1	0	0000000000000	0	0	0	0	0	1	369
$00006	BOLESùAWIEC CERAMI                	1	2	3	1	0	0000000000000	0	0	0	0	0	1	33
$00007	PORCELANA FILIΩANK                	1	2	3	1	0	0000000000000	0	0	0	0	0	1	511
$00008	WODA TOALETOWA                    	1	2	3	1	0	0000000000000	0	0	0	1	0	1	1
$00009	JANTAR KOSMETYKI                  	1	2	3	1	0	0000000000000	0	0	0	0	0	1	367
$00010	ZESTAW TURYSTYCZNY                	1	2	3	1	0	0000000000000	0	0	0	0	0	1	511
$00011	ROSADIA KOSMETYKI                 	1	2	3	1	0	0000000000000	0	0	0	0	0	1	511
$00012	ROSYJSKIE KOSMETYK                	1	1	3	1	0	0000000000000	0	0	0	1	0	1	36
$00013	OLEJ                              	3	2	3	1	0	0000000000000	0	0	0	1	0	1	99
$00014	FITOMED KOSMETYKI                 	1	1	3	1	0	0000000000000	0	0	0	0	0	1	511
$00015	OLEIQ KOSMETYKI                   	1	1	3	1	0	0000000000000	0	0	0	0	0	1	511
$00016	BOGUCICE PORCELANA                	1	1	3	1	0	0000000000000	0	0	0	0	0	1	301
$00017	PORCELANA KUBEK                   	1	1	3	1	0	0000000000000	0	0	0	0	0	1	511
$00018	VIANEK KOSMETYKI                  	1	1	3	1	0	0000000000000	0	0	0	1	0	1	255
$00019	BIOLAVEN KOSMETYKI                	1	1	3	1	0	0000000000000	0	0	0	0	0	1	108
$00020	SYLVECO DLA DZIECI                	1	1	3	1	0	0000000000000	0	0	0	1	0	1	229
$00021	SYLVECO KOSMETYKI                 	1	1	3	1	0	0000000000000	0	0	0	1	0	1	148
$00022	KOMINEK/PAROWNIK                  	1	1	3	1	0	0000000000000	0	0	0	0	0	1	511
$00023	P®SETA                            	1	1	3	1	0	0000000000000	0	0	0	1	0	1	369
$00024	DUETUS KOSMETYKI                  	1	2	3	1	0	0000000000000	0	0	0	1	0	1	296
$00025	DC PERFECTA                       	1	2	3	1	0	0000000000000	0	0	0	0	0	1	49
$00026	L BIOTICA KOSMETYK                	1	1	3	1	0	0000000000000	0	0	0	1	0	1	3
$00027	OZDOBA                            	1	1	3	1	0	0000000000000	0	0	0	0	0	1	286
$00028	LIZAK                             	1	1	3	1	0	0000000000000	0	0	0	1	0	1	369
$00029	ALOESOVE KOSMETYKI                	1	2	3	1	0	0000000000000	0	0	0	1	0	1	511
$00030	KOSMETYKI DZIEC.                  	1	1	3	1	0	0000000000000	0	0	0	1	0	1	511
$00031	YODEYMA PERFUMY                   	1	1	3	1	0	0000000000000	0	0	0	0	0	1	15
$00032	JOHNSON KOSMETYKI                 	1	1	3	1	0	0000000000000	0	0	0	1	0	1	322
$00033	PERFUMY                           	1	1	3	1	0	0000000000000	0	0	0	0	0	1	511
$00034	KAWA                              	1	1	3	1	0	0000000000000	0	0	0	1	0	1	40
$00035	CZEKOLADA                         	1	1	3	1	0	0000000000000	0	0	0	0	0	1	412
$00036	óWIECA                            	1	1	3	1	0	0000000000000	0	0	0	1	0	1	287
$00037	BON PODARUNKOWY                   	1	1	3	1	0	0000000000000	0	0	0	0	0	1	7
$00038	ZIAJA KOSMETYKI                   	1	2	3	1	0	0000000000000	0	0	0	0	0	1	13
$00039	CZEKOLADKI                        	1	1	3	1	0	0000000000000	0	0	0	1	0	1	511
$00040	FARBA DO WùOS‡W                   	1	1	3	1	0	0000000000000	0	0	0	0	0	1	511
$00041	NATURALNE KOSMETYK                	1	1	3	1	0	0000000000000	0	0	0	1	0	1	260
$00042	EANGLISH TEA SHOP                 	1	1	3	1	0	0000000000000	0	0	0	0	0	1	511
$00043	BODY BOOM PEELING                 	1	1	3	1	0	0000000000000	0	0	0	1	0	1	511
$00044	NALEWKA                           	1	1	3	1	0	0000000000000	0	0	0	0	0	1	511
$00045	MATERO NACZYNIE                   	1	1	3	1	0	0000000000000	0	0	0	0	0	1	511
$00046	NIVEA KOSMETYKI                   	1	2	3	1	0	0000000000000	0	0	0	0	0	1	71
$00047	ùYSO„ KOSMETYKI                   	1	2	3	1	0	0000000000000	0	0	0	0	0	1	511
$00048	NATURAL SECRETS KOSMETYKI NATURALN	1	1	3	1	0	0000000000000	0	0	0	1	0	1	258
$00049	BARWA KOSMETYKI                   	1	1	3	1	0	0000000000000	0	0	0	1	0	1	327
$00050	YANKEE CANDLE                     	1	1	3	1	0	0000000000000	0	0	0	1	0	1	433
$00051	HOLIKA KOSMETYKI                  	1	1	3	1	0	0000000000000	0	0	0	1	0	1	317
$00052	ZESTAW PREZENTOWY                 	1	1	3	1	0	0000000000000	0	0	0	1	0	1	511
$00053	PATYCZKI                          	1	1	3	1	0	0000000000000	0	0	0	1	0	1	445
$00054	ALLVERNUM                         	1	1	3	1	0	0000000000000	0	0	0	1	0	1	511
$00055	OLEOFARM 5                        	3	1	3	1	0	0000000000000	0	0	0	0	0	1	511
$00056	OLEOFARM 8                        	2	1	3	1	0	0000000000000	0	0	0	0	0	1	511
$00057	OLEOFARM 23                       	1	3	0	1	0	0000000000000	0	0	0	0	0	1	454
$00058	BAMBINO                           	1	1	3	1	0	0000000000000	0	0	0	1	0	1	369
$00059	BOMBILA                           	1	1	3	1	0	0000000000000	0	0	0	1	0	1	505
$00060	4SZPAKI KOSMETYKI                 	1	1	3	1	0	0000000000000	0	0	0	1	0	1	511
$00061	JOANNA SZAMPON                    	1	2	3	1	0	0000000000000	0	0	0	0	0	1	315
$00062	JOANNA ODΩYWKA                    	1	2	3	1	0	0000000000000	0	0	0	0	0	1	300
$00063	PùYN/çEL ANTYBAKTERYJNY           	1	1	3	1	0	0000000000000	0	0	0	1	0	1	178
$00064	PODPASKI                          	1	4	3	1	0	0000000000000	0	0	0	0	0	1	511
$00065	MASKA OCHR.3WARSTW.               	1	1	3	1	0	0000000000000	0	0	0	1	0	1	317
$00066	KARTKA PIESKOT                    	1	1	3	1	0	0000000000000	0	0	0	1	0	1	7
$00067	ORIENTANA KOSMETYK                	1	1	3	1	0	0000000000000	0	0	0	1	0	1	511
$00068	MOKOSH KOSMETYKI                  	1	1	3	1	0	0000000000000	0	0	0	1	0	1	511
$00069	PIANKA DO WùOS‡W                  	1	2	3	1	0	0000000000000	0	0	0	0	0	1	511
$00070	TAFT LAKIER                       	1	2	3	1	0	0000000000000	0	0	0	0	0	1	511
$00071	TAFT PIANKA                       	1	2	3	1	0	0000000000000	0	0	0	0	0	1	511
$00072	WELLA LAKIER                      	1	2	3	1	0	0000000000000	0	0	0	0	0	1	511
$00073	WELLA PIANKA                      	1	2	3	1	0	0000000000000	0	0	0	0	0	1	511
$00074	LAKIER DO WùOS‡W                  	1	2	3	1	0	0000000000000	0	0	0	0	0	1	511
$00075	ZEW KOSMETYKI                     	1	1	3	1	0	0000000000000	0	0	0	1	0	1	511
$00076	ΩEL DO WùOS‡W                     	1	2	3	1	0	0000000000000	0	0	0	0	0	1	511
$00077	ODΩYWKA DO WùOS‡W                 	1	2	3	1	0	0000000000000	0	0	0	0	0	1	511
$00078	PùYN DO K§PIELI                   	1	2	3	1	0	0000000000000	0	0	0	0	0	1	511
$00079	ΩEL POD PRYSZNIC                  	1	2	3	1	0	0000000000000	0	0	0	0	0	1	322
$00080	CD KOSMETYKI                      	1	2	3	1	0	0000000000000	0	0	0	0	0	1	511
$00081	MYDùO                             	1	2	3	1	0	0000000000000	0	0	0	0	0	1	432
$00082	DEZODORANT                        	1	2	3	1	0	0000000000000	0	0	0	0	0	1	322
$00083	DEO ROLL ON                       	1	2	3	1	0	0000000000000	0	0	0	0	0	1	511
$00084	DEO SZTYFT                        	1	2	3	1	0	0000000000000	0	0	0	0	0	1	369
$00085	LAKIER DO PAZNOKCI                	1	2	3	1	0	0000000000000	0	0	0	0	0	1	511
$00086	ZMYWACZ DO PAZNOKC                	1	2	3	1	0	0000000000000	0	0	0	0	0	1	260
$00087	YARDLEY PUDER                     	1	2	3	1	0	0000000000000	0	0	0	0	0	1	511
$00088	LUMENE KOSMETYKI                  	1	2	3	1	0	0000000000000	0	0	0	0	0	1	413
$00089	ZIOùA JEDNORODNE 5                	3	2	3	1	0	0000000000000	0	0	0	0	0	1	289
$00090	ZIOùA JEDNORODNE 8                	2	1	3	1	0	0000000000000	0	0	0	0	0	1	141
$00091	ZIOùA JEDNORODNE 2                	1	1	3	1	0	0000000000000	0	0	0	0	0	1	511
$00092	JOANNA FARBA                      	1	2	3	1	0	0000000000000	0	0	0	0	0	1	260
$00093	ZDROWA ΩYWNOóè 5                  	3	1	3	1	0	0000000000000	0	0	0	0	0	1	285
$00094	ZDROWA ΩYWNOóè 8                  	2	1	3	1	0	0000000000000	0	0	0	0	0	1	375
$00095	ZDROWA ΩYWNOóè 23                 	1	1	3	1	0	0000000000000	0	0	0	0	0	1	426
$00096	PROPOLIS                          	2	1	0	1	0	0000000000000	0	0	0	0	0	1	511
$00097	PIERZGA                           	2	1	0	1	0	0000000000000	0	0	0	0	0	1	511
$00098	POMADKA                           	1	2	3	1	0	0000000000000	0	0	0	0	0	1	401
$00099	CIENIE DO POWIEK                  	1	2	3	1	0	0000000000000	0	0	0	0	0	1	369
$00100	R‡Ω                               	1	2	3	1	0	0000000000000	0	0	0	0	0	1	369
$00101	POMADKA OCHRONNA                  	1	2	3	1	0	0000000000000	0	0	0	0	0	1	511
$00102	BùYSZCZYK                         	1	2	3	1	0	0000000000000	0	0	0	0	0	1	511
$00103	TUSZ DO RZ®S                      	1	2	3	1	0	0000000000000	0	0	0	0	0	1	28
$00104	EYELINER                          	1	2	3	1	0	0000000000000	0	0	0	0	0	1	369
$00105	OLVITA 5                          	3	1	3	1	0	0000000000000	0	0	0	0	0	1	511
$00106	OLVITA 8                          	2	1	3	1	0	0000000000000	0	0	0	0	0	1	369
$00107	OLVITA 23                         	1	2	3	1	0	0000000000000	0	0	0	0	0	1	511
$00108	SZAMPONETKA KOLOR.                	1	2	3	1	0	0000000000000	0	0	0	0	0	1	511
$00109	ROZJAóNIACZ                       	1	2	3	1	0	0000000000000	0	0	0	0	0	1	511
$00110	KONTUR‡WKA                        	1	2	3	1	0	0000000000000	0	0	0	0	0	1	369
$00111	KOSMETYCZKA                       	1	2	3	1	0	0000000000000	0	0	0	0	0	1	368
$00112	SZCZOTKA                          	1	2	3	1	0	0000000000000	0	0	0	0	0	1	329
$00113	SZCZOTECZKA DO Z®B                	1	2	3	1	0	0000000000000	0	0	0	0	0	1	511
$00114	GRZEBIE„                          	1	2	3	1	0	0000000000000	0	0	0	0	0	1	511
$00115	OBCINACZ                          	1	2	3	1	0	0000000000000	0	0	0	0	0	1	511
$00116	PILNIK                            	1	2	3	1	0	0000000000000	0	0	0	0	0	1	511
$00117	NOΩYCZKI                          	1	2	3	1	0	0000000000000	0	0	0	0	0	1	458
$00118	POLERKA                           	1	2	3	1	0	0000000000000	0	0	0	0	0	1	511
$00119	WYCINACZ                          	1	2	3	1	0	0000000000000	0	0	0	0	0	1	511
$00120	C§ΩKI                             	1	2	3	1	0	0000000000000	0	0	0	0	0	1	462
$00121	LUSTERKO                          	1	2	3	1	0	0000000000000	0	0	0	0	0	1	511
$00122	PUMEKS                            	1	2	3	1	0	0000000000000	690	0	0	0	0	1	511
$00123	TARKA                             	1	2	3	1	0	0000000000000	0	0	0	0	0	1	233
$00124	SZCZOTECZKA DO R§K                	1	2	3	1	0	0000000000000	0	0	0	0	0	1	511
$00125	G§BKA DO MAKIJAΩU                 	1	2	3	1	0	0000000000000	0	0	0	0	0	1	511
$00126	KREM DO R§K                       	1	2	3	1	0	0000000000000	0	0	0	0	0	1	423
$00127	KREM DO ST‡P                      	1	2	3	1	0	0000000000000	0	0	0	0	0	1	511
$00128	KREM PIEL®GNACYJNY                	1	2	3	1	0	0000000000000	0	0	0	0	0	1	511
$00129	SAMOOPALACZ                       	1	2	3	1	0	0000000000000	0	0	0	0	0	1	511
$00130	PùYN DO J.USTNEJ                  	1	2	3	1	0	0000000000000	0	0	0	0	0	1	511
$00131	MASZYNKA DO GOLENI                	1	2	3	1	0	0000000000000	0	0	0	0	0	1	511
$00132	KREM DO GOLENIA                   	1	2	3	1	0	0000000000000	0	0	0	0	0	1	369
$00133	PIANKA DO GOLENIA                 	1	2	3	1	0	0000000000000	0	0	0	0	0	1	511
$00134	WODA PO GOLENIU                   	1	2	3	1	0	0000000000000	0	0	0	0	0	1	511
$00135	WODA TOAL.M®SKA                   	1	2	3	1	0	0000000000000	0	0	0	0	0	1	511
$00136	KOBAKO                            	1	2	3	1	0	0000000000000	0	0	0	0	0	1	375
$00137	ALTERMEDICA 5                     	3	1	3	1	0	0000000000000	0	0	0	0	0	1	511
$00138	ALTERMEDICA 8                     	2	3	3	1	0	0000000000000	0	0	0	0	0	1	369
$00139	ALTERMEDICA 23                    	1	3	3	1	0	0000000000000	0	0	0	0	0	1	511
$00140	ADIDAS                            	1	2	3	1	0	0000000000000	0	0	0	0	0	1	330
$00141	GAL KOSMETYKI KAPS                	1	2	3	1	0	0000000000000	0	0	0	0	0	1	511
$00142	CHROBOTEK                         	1	1	3	1	0	0000000000000	0	0	0	1	0	1	511
$00143	PACYNKI                           	1	2	3	1	0	0000000000000	0	0	0	0	0	1	369
$00144	WACIKI KOSMETYCZNE                	1	2	3	1	0	0000000000000	0	0	0	0	0	1	511
$00145	PùATKI KOSMETYCZNE                	1	2	3	1	0	0000000000000	0	0	0	0	0	1	352
$00146	CHUSTECZKI                        	1	2	3	1	0	0000000000000	0	0	0	0	0	1	511
$00147	CHUSTECZKI ODóW.                  	1	4	3	1	0	0000000000000	0	0	0	0	0	1	511
$00148	SPIRYTUS SALICYLOW                	1	2	3	1	0	0000000000000	0	0	0	0	0	1	511
$00149	WODA UTLENIONA                    	1	2	3	1	0	0000000000000	280	0	0	0	0	1	511
$00150	KALLOS KOSMETYKI                  	1	2	3	1	0	0000000000000	0	0	0	0	0	1	511
$00151	PLASTRY                           	1	4	3	1	0	0000000000000	0	0	0	0	0	1	511
$00152	ZAPARZACZ                         	1	4	3	1	0	0000000000000	0	0	0	0	0	1	511
$00153	KR‡WKI                            	1	1	3	1	0	0000000000000	0	0	0	0	0	1	385
$00154	PRODUKT MIODOWY 8                 	2	1	3	1	0	0000000000000	0	0	0	0	0	1	511
$00155	MI‡D 5                            	3	1	3	1	0	0000000000000	0	0	0	0	0	1	511
$00156	AMOL                              	1	3	3	1	0	0000000000000	0	0	0	0	0	1	369
$00157	ZIOùA SZWEDZKIE                   	1	2	3	1	0	0000000000000	0	0	0	0	0	1	511
$00158	APAP TABL.                        	1	3	3	1	0	0000000000000	0	0	0	0	0	1	511
$00159	ASPIRIN TABL.                     	1	3	3	1	0	0000000000000	0	0	0	0	0	1	369
$00160	ETOPIRYNA                         	1	3	3	1	0	0000000000000	0	0	0	0	0	1	511
$00161	TABL.P/GRYPIE                     	1	3	3	1	0	0000000000000	0	0	0	0	0	1	511
$00162	RAPHACHOLIN                       	1	3	3	1	0	0000000000000	0	0	0	0	0	1	369
$00163	CHOLINEX                          	1	3	3	1	0	0000000000000	0	0	0	0	0	1	511
$00164	CHLORCHINALDIN                    	1	3	3	1	0	0000000000000	0	0	0	0	0	1	323
$00165	SEBIDIN                           	1	3	3	1	0	0000000000000	0	0	0	0	0	1	369
$00166	SEPTOLETE                         	1	3	3	1	0	0000000000000	0	0	0	0	0	1	511
$00167	TANTUM VERDE                      	1	3	3	1	0	0000000000000	0	0	0	0	0	1	511
$00168	CALCIUM TABL.                     	1	2	3	1	0	0000000000000	0	0	0	0	0	1	511
$00169	PROPOLIS KROPLE                   	1	3	3	1	0	0000000000000	0	0	0	0	0	1	511
$00170	PROPOLIS TABL.                    	1	3	3	1	0	0000000000000	0	0	0	0	0	1	369
$00171	MAóè 23                           	1	3	3	1	0	0000000000000	0	0	0	0	0	1	511
$00172	MASC 8                            	2	3	3	1	0	0000000000000	0	0	0	0	0	1	511
$00173	SùODZIK                           	1	3	3	1	0	0000000000000	0	0	0	0	0	1	511
$00174	WITAMINA C                        	1	3	3	1	0	0000000000000	0	0	0	0	0	1	369
$00175	MULTIVITAMINA                     	1	3	3	1	0	0000000000000	0	0	0	0	0	1	511
$00176	OLEJEK ETER.8                     	2	1	3	1	0	0000000000000	0	0	0	0	0	1	511
$00177	OLEJEK ETERYCZNY                  	1	1	3	1	0	0000000000000	0	0	0	0	0	1	511
$00178	SYROP P/KASZLOWY                  	1	3	3	1	0	0000000000000	0	0	0	0	0	1	511
$00179	COREGA TABL.                      	1	3	3	1	0	0000000000000	0	0	0	0	0	1	511
$00180	ZIOùA 23                          	1	1	3	1	0	0000000000000	0	0	0	0	0	1	511
$00181	ZIOùA FIX 5                       	3	1	3	1	0	0000000000000	190	0	0	0	0	1	368
$00182	ZIOùA FIX 8                       	2	1	3	1	0	0000000000000	0	0	0	0	0	1	267
$00183	ZIOùA FIX 23                      	1	1	3	1	0	0000000000000	0	0	0	0	0	1	511
$00184	R®KAWICZKI CHIRURG                	1	4	3	1	0	0000000000000	0	0	0	0	0	1	511
$00185	R®KAWICZKI                        	1	4	3	1	0	0000000000000	320	0	0	0	0	1	511
$00186	NALEWKI ZIOùOWE                   	1	1	3	1	0	0000000000000	0	0	0	0	0	1	511
$00187	POLOPIRYNA                        	1	3	3	1	0	0000000000000	0	0	0	0	0	1	511
$00188	COREGA KLEJ,PROSZE                	1	3	3	1	0	0000000000000	0	0	0	0	0	1	511
$00189	TABL.USPOKAJAJ§CE                 	1	3	3	1	0	0000000000000	0	0	0	0	0	1	511
$00190	NERVOSOL                          	1	1	3	1	0	0000000000000	0	0	0	0	0	1	511
$00191	SANBIOS SUPLEMENTY                	1	1	3	1	0	0000000000000	0	0	0	0	0	1	472
$00192	WITAMINA A E                      	1	3	3	1	0	0000000000000	0	0	0	0	0	1	511
$00193	TEMPER‡WKA                        	1	4	3	1	0	0000000000000	0	0	0	0	0	1	511
$00194	S‡L DO K§PIELI                    	1	2	3	1	0	0000000000000	0	0	0	0	0	1	511
$00195	GOLDEN ROSE KOSMET                	1	2	3	1	0	0000000000000	0	0	0	0	0	1	371
$00196	RADICAL SZAMPON                   	1	2	3	1	0	0000000000000	0	0	0	0	0	1	511
$00197	RADICAL AMPUùKI                   	1	2	3	1	0	0000000000000	0	0	0	0	0	1	369
$00198	RADICAL ODΩYWKA                   	1	2	3	1	0	0000000000000	0	0	0	0	0	1	511
$00199	PASTA DO Z®B‡W                    	1	2	3	1	0	0000000000000	0	0	0	0	0	1	401
$00200	ACARD TABL.                       	1	3	3	1	0	0000000000000	460	0	0	0	0	1	511
$00201	GILLETTE KOSMETYKI                	1	2	3	1	0	0000000000000	0	0	0	0	0	1	511
$00202	PREPARAT ZIOùOWY                  	1	3	3	1	0	0000000000000	0	0	0	0	0	1	369
$00203	BIELENDA KOSMETYKI                	1	2	3	1	0	0000000000000	0	0	0	0	0	1	268
$00204	CUKIERKI                          	1	2	3	1	0	0000000000000	0	0	0	0	0	1	343
$00205	RUTINOSCORBIN                     	1	3	3	1	0	0000000000000	0	0	0	0	0	1	511
$00206	LINOMAG KREM,MAóè                 	1	3	3	1	0	0000000000000	430	0	0	0	0	1	511
$00207	ALANTAN MAóè KREM                 	1	3	3	1	0	0000000000000	0	0	0	0	0	1	511
$00208	MAGNEZ B6 TABL.                   	1	3	3	1	0	0000000000000	0	0	0	0	0	1	511
$00209	GOSH KOSMETYKI                    	1	2	3	1	0	0000000000000	0	0	0	0	0	1	70
$00210	KALMS                             	1	3	3	1	0	0000000000000	700	0	0	0	0	1	511
$00211	CRAVISOL                          	1	3	3	1	0	0000000000000	0	0	0	0	0	1	511
$00212	WYCI§G Z GùOGU                    	1	3	3	1	0	0000000000000	0	0	0	0	0	1	511
$00213	DIABETOSOL                        	1	3	3	1	0	0000000000000	0	0	0	0	0	1	511
$00214	DENTOSEPT                         	1	5	3	1	0	0000000000000	0	0	0	0	0	1	511
$00215	FITOLIZYNA                        	1	3	3	1	0	0000000000000	0	0	0	0	0	1	511
$00216	SYLIMAROL                         	1	3	3	1	0	0000000000000	0	0	0	0	0	1	511
$00217	NERWOSOL                          	1	3	3	1	0	0000000000000	0	0	0	0	0	1	511
$00218	KROPLE MI®TOWE                    	1	3	3	1	0	0000000000000	0	0	0	0	0	1	511
$00219	KROPLE GORZKIE                    	1	3	3	1	0	0000000000000	0	0	0	0	0	1	511
$00220	KROPLE ΩOù§DKOWE                  	1	3	3	1	0	0000000000000	0	0	0	0	0	1	511
$00221	GINKGO BILOBAE                    	1	3	3	1	0	0000000000000	0	0	0	0	0	1	511
$00222	HEMORIGEN                         	1	3	3	1	0	0000000000000	0	0	0	0	0	1	511
$00223	PRZYPRAWY                         	1	3	3	1	0	0000000000000	0	0	0	0	0	1	511
$00224	óWIECZKI                          	1	5	3	1	0	0000000000000	0	0	0	0	0	1	301
$00225	TOREBKA,TORBA EKO                 	1	2	3	1	0	0000000000000	0	0	0	1	0	1	4
$00226	FLOS LEK KOSMETYKI                	1	2	3	1	0	0000000000000	0	0	0	0	0	1	266
$00227	MASECZKA                          	1	2	3	1	0	0000000000000	0	0	0	0	0	1	261
$00228	MOKOSH TEST                       	1	1	2	1	0	5902729031004	1	0	0	1	0	1	511
$00229	NOMAK SUPLEMENTY                  	1	3	3	1	0	0000000000000	0	0	0	0	0	1	369
$00230	FARMONA KOSMETYKI                 	1	2	3	1	0	0000000000000	0	0	0	0	0	1	70
$00231	HENNA DO RZ®S                     	1	2	3	1	0	0000000000000	0	0	0	1	0	1	260
$00232	FARBA ZIOùOWA                     	1	2	3	1	0	0000000000000	0	0	0	0	0	1	511
$00233	KETOXIN SZAMPON                   	1	2	3	1	0	0000000000000	0	0	0	0	0	1	511
$00234	KOBAKO DEO                        	1	2	3	1	0	0000000000000	1100	0	0	0	0	1	511
$00235	ELMEX PASTA                       	1	2	3	1	0	0000000000000	730	0	0	0	0	1	511
$00236	SERWETKI                          	1	2	3	1	0	0000000000000	0	0	0	0	0	1	511
$00237	ZIELKO                            	1	1	3	1	0	0000000000000	0	0	0	1	0	1	511
$00238	SZKùO,PORCELANA                   	1	2	3	1	0	0000000000000	0	0	0	0	0	1	511
$00239	PYùEK KWIAT. ùYSO„                	2	3	3	1	0	0000000000000	0	0	0	0	0	1	511
$00240	PYùEK KWIAT. DALES                	3	3	3	1	0	0000000000000	0	0	0	0	0	1	511
$00241	GUMA DO WùOS‡W                    	1	2	3	1	0	0000000000000	0	0	0	0	0	1	275
$00242	IBUPROM TABL.                     	1	3	3	1	0	0000000000000	0	0	0	0	0	1	511
$00243	HIMALAYA KOSMETYKI                	1	2	3	1	0	0000000000000	0	0	0	0	0	1	281
$00244	MARION KOSMETYKI                  	1	2	3	1	0	0000000000000	0	0	0	0	0	1	266
$00245	PREPARAT P/KOMAR.                 	1	2	3	1	0	0000000000000	0	0	0	0	0	1	511
$00246	WILKINSON KOSMETYK                	1	2	3	1	0	0000000000000	0	0	0	0	0	1	511
$00247	EKAMEDICA 5                       	3	3	3	1	0	0000000000000	0	0	0	0	0	1	388
$00248	EKAMEDICA 8                       	2	3	3	1	0	0000000000000	0	0	0	0	0	1	511
$00249	EKAMEDICA 23                      	1	3	3	1	0	0000000000000	0	0	0	0	0	1	511
$00250	ZESTAW DAMSKI                     	1	2	3	1	0	0000000000000	0	0	0	0	0	1	511
$00251	ZESTAW M®SKI                      	1	2	3	1	0	0000000000000	0	0	0	0	0	1	511
$00252	ASPEN KOSMETYKI                   	1	2	3	1	0	0000000000000	0	0	0	0	0	1	511
$00253	JOANNA KOSMETYKI                  	1	2	3	1	0	0000000000000	0	0	0	0	0	1	511
$00254	ASPIRIN 100                       	1	3	3	1	0	0000000000000	560	0	0	0	0	1	511
$00255	ISSLA TABL                        	1	1	3	1	0	0000000000000	0	0	0	0	0	1	511
$00256	YERBA MATE                        	1	1	3	1	0	0000000000000	0	0	0	1	0	1	297
$00257	PùYN P/KOMAROM                    	1	2	3	1	0	0000000000000	0	0	0	0	0	1	511
$00258	POLOCARD TABL.                    	1	3	3	1	0	0000000000000	0	0	0	0	0	1	511
$00259	SUPLEMENT DIETY 5                 	3	3	3	1	0	0000000000000	0	0	0	0	0	1	425
$00260	SUPLEMENT DIETY 8                 	2	3	3	1	0	0000000000000	0	0	0	0	0	1	511
$00261	SUPLEMENT DIETY 23                	1	3	3	1	0	0000000000000	0	0	0	0	0	1	320
$00262	BONIMED SUPLEMENT                 	1	3	3	1	0	0000000000000	0	0	0	0	0	1	511
$00280	YOPE SZAMPON DE SWIEZA TRAW 170ML 	1	1	2	1	0	5900168907584	2490	0	0	0	0	1	290
