#1	COM255:1:STX6:1	5	2023.01.26	20:16	OPSpRoz4	WIN 13.32.2020	OPSPROZ4IN.txt	OPSPROZ4OUT.txt
#
#ELZAB Jota online 20000 PLU II gen. ver. 01 (identyfikator odczytany z urzadzenia i pliku ECRTBUF.TXT)
$29	116	22	1231306952	1985
$4	116	22	2	0	0	25400	25400
$1	116	23	1	0	3901	1.00	950	22.12.21	14:19	1	01	950	950	00	28039013	0	0	0	0	0	0	0	0
$4	116	23	1	0	0	2000	2000
$4	116	23	1	0	1	1050	1050
$1	116	24	1	0	4467	1.00	690	22.12.21	14:42	2	01	690	690	00	10006320	0	0	0	0	0	0	0	0
$4	116	24	2	0	0	690	690
$1	116	25	1	0	4450	1.00	3550	22.12.21	14:44	1	01	3550	3550	00	10006153	0	0	0	0	0	0	0	0
$1	116	25	2	0	4203	1.00	390	22.12.21	14:44	1	01	390	390	00	8691190801182	0	0	0	0	0	0	0	0
$4	116	25	2	0	0	3940	3940
$1	116	26	1	0	4480	1.00	2950	22.12.21	14:49	1	01	2950	2950	00	10006443	0	0	0	0	0	0	0	0
$1	116	26	2	0	0002	1.000	250	22.12.21	14:49	1	01	250	250	00		0	0	0	0	0	0	0	0
$1	116	26	3	0	0093	1.000	560	22.12.21	14:50	3	01	560	560	00		0	0	0	0	0	0	0	0
$4	116	26	2	0	0	3760	3760
$1	116	27	1	0	3091	1.00	650	22.12.21	15:02	2	01	650	650	00	10003909	0	0	0	0	0	0	0	0
$1	116	27	2	0	2265	1.00	850	22.12.21	15:02	2	01	850	850	00	10003848	0	0	0	0	0	0	0	0
$1	116	27	3	0	0002	1.000	690	22.12.21	15:02	1	01	690	690	00	20030957	0	0	0	0	0	0	0	0
$4	116	27	2	0	0	2190	2190
$1	116	28	1	0	2350	2.00	1580	22.12.21	15:05	1	01	1580	1580	00	15023506	0	0	0	0	0	0	0	0
$4	116	28	1	0	0	5000	5000
$4	116	28	1	0	1	3420	3420
$1	116	29	1	0	1436	2.00	5980	22.12.21	15:26	1	01	5980	5980	00	10002957	0	0	0	0	0	0	0	0
$1	116	29	2	0	1461	1.00	2850	22.12.21	15:26	1	01	2850	2850	00	10003190	0	0	0	0	0	0	0	0
$1	116	29	3	0	0041	1.000	2850	22.12.21	15:27	1	01	2850	2850	00	34017074	0	0	0	0	0	0	0	0
$1	116	29	4	0	3058	1.00	950	22.12.21	15:27	2	01	950	950	00	10003893	0	0	0	0	0	0	0	0
$1	116	29	5	0	4543	1.00	4350	22.12.21	15:27	1	01	4350	4350	00	35027430	0	0	0	0	0	0	0	0
$1	116	29	6	0	4243	1.00	3250	22.12.21	15:27	2	01	3250	3250	00	10001110	0	0	0	0	0	0	0	0
$4	116	29	2	0	0	20230	20230
$1	116	30	1	0	0031	1.000	9290	22.12.21	16:10	1	01	9290	9290	00		0	0	0	0	0	0	0	0
$4	116	30	2	0	0	9290	9290
$1	116	31	1	0	3015	1.00	6700	22.12.21	16:22	1	01	6700	6700	00	35030157	0	0	0	0	0	0	0	0
$4	116	31	2	0	0	6700	6700
$1	116	32	1	0	2665	1.00	1250	22.12.21	16:34	4	01	1250	1250	00	17026659	0	0	0	0	0	0	0	0
$1	116	32	2	0	4496	1.00	2290	22.12.21	16:34	1	01	2290	2290	00	10006603	0	0	0	0	0	0	0	0
$1	116	32	3	0	1587	1.00	1650	22.12.21	16:34	1	01	1650	1650	00	7015878	0	0	0	0	0	0	0	0
$1	116	32	4	0	0952	1.00	450	22.12.21	16:34	4	01	450	450	00	5906365702472	0	0	0	0	0	0	0	0
$4	116	32	2	0	0	5640	5640
$1	116	33	1	0	4257	1.00	3990	22.12.21	16:42	1	01	3990	3990	00	10002124	0	0	0	0	0	0	0	0
$1	116	33	2	0	4486	1.00	1390	22.12.21	16:42	1	01	1390	1390	00	10006504	0	0	0	0	0	0	0	0
$1	116	33	3	0	2350	1.00	790	22.12.21	16:43	1	01	790	790	00	15023506	0	0	0	0	0	0	0	0
$4	116	33	2	0	0	6170	6170
$1	116	34	1	0	0893	1.00	4500	22.12.21	16:49	1	01	4500	4500	00	4008934	0	0	0	0	0	0	0	0
$1	116	34	2	0	4508	1.00	450	22.12.21	16:50	2	01	450	450	00	10006726	0	0	0	0	0	0	0	0
$1	116	34	3	0	3076	1.00	490	22.12.21	16:50	2	01	490	490	00	10003664	0	0	0	0	0	0	0	0
$1	116	34	4	0	1916	1.00	1790	22.12.21	16:50	1	01	1790	1790	00	9019164	0	0	0	0	0	0	0	0
$1	116	34	5	0	4444	1.00	3550	22.12.21	16:50	1	01	3550	3550	00	10006061	0	0	0	0	0	0	0	0
$4	116	34	1	0	0	11000	11000
$4	116	34	1	0	1	220	220
$1	116	35	1	0	1562	1.00	2690	22.12.21	16:54	4	01	2690	2690	00	7015625	0	0	0	0	0	0	0	0
$1	116	35	2	0	1821	1.00	2150	22.12.21	16:54	1	01	2150	2150	00	10004791	0	0	0	0	0	0	0	0
$1	116	35	3	0	3901	1.00	950	22.12.21	16:54	1	01	950	950	00	28039013	0	0	0	0	0	0	0	0
$4	116	35	2	0	0	5790	5790
$1	116	36	1	0	4474	1.00	4950	22.12.21	17:29	1	01	4950	4950	00	10006382	0	0	0	0	0	0	0	0
$1	116	36	2	0	1203	1.00	590	22.12.21	17:29	2	01	590	590	00	5909990219612	0	0	0	0	0	0	0	0
$4	116	36	2	0	0	5540	5540
$14	01	22.12.22	09:34	4
$13	00	1	22.12.22	09:34	01	0	0	0	0	0	0	0	0	0	             
$1	117	1	1	0	3902	1.00	1390	22.12.22	10:05	1	01	1390	1390	00	28039020	0	0	0	0	0	0	0	0
$4	117	1	2	0	0	1390	1390
$1	117	2	1	0	4474	1.00	4950	22.12.22	10:08	1	01	4950	4950	00	10006382	0	0	0	0	0	0	0	0
$1	117	2	2	0	4474	1.00	4950	22.12.22	10:08	1	01	4950	4950	00	10006382	0	0	0	0	0	0	0	0
$4	117	2	2	0	0	9900	9900
$1	117	3	1	0	2053	1.00	2850	22.12.22	10:25	1	01	2850	2850	00	11020530	0	0	0	0	0	0	0	0
$4	117	3	2	0	0	2850	2850
$1	117	4	1	0	0451	1.00	4300	22.12.22	10:35	1	01	4300	4300	00	5907502687102	0	0	0	0	0	0	0	0
$4	117	4	1	0	0	5000	5000
$4	117	4	1	0	1	700	700
$1	117	5	1	0	0762	1.00	3450	22.12.22	10:46	1	01	3450	3450	00	3007624	0	0	0	0	0	0	0	0
$1	117	5	2	0	0726	1.00	5950	22.12.22	10:46	1	01	5950	5950	00	3007266	0	0	0	0	0	0	0	0
$4	117	5	2	0	0	9400	9400
$1	117	6	1	0	4543	1.00	4350	22.12.22	11:07	1	01	4350	4350	00	35027430	0	0	0	0	0	0	0	0
$1	117	6	2	0	3060	1.00	750	22.12.22	11:07	2	01	750	750	00	10003978	0	0	0	0	0	0	0	0
$1	117	6	3	0	1949	1.00	1490	22.12.22	11:07	2	01	1490	1490	00	9019492	0	0	0	0	0	0	0	0
$1	117	6	4	0	0041	1.000	3250	22.12.22	11:08	1	01	3250	3250	00		0	0	0	0	0	0	0	0
$4	117	6	2	0	0	9840	9840
$1	117	7	1	0	3907	1.00	9190	22.12.22	11:09	1	01	9190	9190	00	28039075	0	0	0	0	0	0	0	0
$1	117	7	2	0	2291	1.00	2150	22.12.22	11:09	1	01	2150	2150	00	10000533	0	0	0	0	0	0	0	0
$1	117	7	3	0	2050	4.00	11400	22.12.22	11:13	1	01	11400	11400	00	11020509	0	0	0	0	0	0	0	0
$1	117	7	4	0	2050	4.00	11400	22.12.22	11:13	1	01	11400	11400	00	11020509	0	0	0	0	0	0	0	0
$1	117	7	5	0	3656	1.00	4095	22.12.22	11:14	1	01	4095	4550	00	1036565	0	0	0	0	0	0	0	1
$1	117	7	6	0	1503	1.00	2690	22.12.22	11:14	4	01	2690	2690	00	7015038	0	0	0	0	0	0	0	0
$4	117	7	2	0	0	40925	40925
$1	117	8	1	0	1093	1.00	700	22.12.22	11:17	2	01	700	700	00	5906365702212	0	0	0	0	0	0	0	0
$4	117	8	1	0	0	700	700
$1	117	9	1	0	4474	1.00	4950	22.12.22	11:19	1	01	4950	4950	00	10006382	0	0	0	0	0	0	0	0
$1	117	9	2	0	0657	1.00	3790	22.12.22	11:19	1	01	3790	3790	00	2006574	0	0	0	0	0	0	0	0
$4	117	9	1	0	0	20000	20000
$4	117	9	1	0	1	11260	11260
$1	117	10	1	0	4432	2.00	9900	22.12.22	11:23	1	01	9900	9900	00	10005712	0	0	0	0	0	0	0	0
$4	117	10	2	0	0	9900	9900
$1	117	11	1	0	2932	1.00	6790	22.12.22	11:30	1	01	6790	6790	00	10003435	0	0	0	0	0	0	0	0
$1	117	11	2	0	0048	1.000	6950	22.12.22	11:31	1	01	6950	6950	00		0	0	0	0	0	0	0	0
$4	117	11	2	0	0	13740	13740
$1	117	12	1	0	0048	1.000	1590	22.12.22	11:39	1	01	1590	1590	00		0	0	0	0	0	0	0	0
$4	117	12	2	0	0	1590	1590
$1	117	13	1	0	3901	3.00	2850	22.12.22	11:48	1	01	2850	2850	00	28039013	0	0	0	0	0	0	0	0
$4	117	13	1	0	0	3000	3000
$4	117	13	1	0	1	150	150
$1	117	14	1	0	4457	1.00	678	22.12.22	11:49	1	01	678	3390	00	10006221	0	0	0	0	0	0	0	1
$4	117	14	1	0	0	678	678
$1	117	15	1	0	2024	1.00	2490	22.12.22	11:53	1	01	2490	2490	00	10020241	0	0	0	0	0	0	0	0
$4	117	15	2	0	0	2490	2490
$1	117	16	1	0	3901	1.00	950	22.12.22	12:37	1	01	950	950	00	28039013	0	0	0	0	0	0	0	0
$4	117	16	1	0	0	950	950
$1	117	17	1	0	4541	1.00	2890	22.12.22	12:41	4	01	2890	2890	00	35027416	0	0	0	0	0	0	0	0
$1	117	17	2	0	4289	1.00	5390	22.12.22	12:42	1	01	5390	5390	00	10002520	0	0	0	0	0	0	0	0
$4	117	17	2	0	0	8280	8280
$1	117	18	1	0	4170	1.00	3150	22.12.22	12:45	1	01	3150	3150	00	6013189	0	0	0	0	0	0	0	0
$1	117	18	2	0	0548	1.00	3190	22.12.22	12:45	1	01	3190	3190	00	2005485	0	0	0	0	0	0	0	0
$4	117	18	2	0	0	6340	6340
$1	117	19	1	0	4528	1.00	3790	22.12.22	12:46	1	01	3790	3790	00	10007044	0	0	0	0	0	0	0	0
$1	117	19	2	0	3906	1.00	3950	22.12.22	12:46	1	01	3950	3950	00	28039068	0	0	0	0	0	0	0	0
$1	117	19	3	0	0587	1.00	990	22.12.22	12:46	1	01	990	1300	00	5902249011166	0	0	0	0	0	0	0	1
$4	117	19	2	0	0	8730	8730
$1	117	20	1	0	4463	1.00	2790	22.12.22	13:11	1	01	2790	2790	00	10006283	0	0	0	0	0	0	0	0
$1	117	20	2	0	4454	1.00	690	22.12.22	13:11	1	01	690	690	00	10006191	0	0	0	0	0	0	0	0
$1	117	20	3	0	4475	1.00	3790	22.12.22	13:12	1	01	3790	3790	00	10006399	0	0	0	0	0	0	0	0
$4	117	20	2	0	0	7270	7270
$1	117	21	1	0	0790	1.00	7900	22.12.22	13:13	1	01	7900	7900	00	3007907	0	0	0	0	0	0	0	0
$4	117	21	2	0	0	7900	7900
$1	117	22	1	0	2955	1.00	4131	22.12.22	13:26	1	01	4131	4590	00	1029550	0	0	0	0	0	0	0	1
$1	117	22	2	0	0895	1.00	4400	22.12.22	13:26	1	01	4400	4400	00	4008958	0	0	0	0	0	0	0	0
$4	117	22	2	0	0	8531	8531
$1	117	23	1	0	1958	1.00	1990	22.12.22	13:37	1	01	1990	1990	00	9019584	0	0	0	0	0	0	0	0
$1	117	23	2	0	4461	1.00	2790	22.12.22	13:37	1	01	2790	2790	00	10006269	0	0	0	0	0	0	0	0
$4	117	23	2	0	0	4780	4780
$1	117	24	1	0	4543	1.00	4350	22.12.22	13:45	1	01	4350	4350	00	35027430	0	0	0	0	0	0	0	0
$1	117	24	2	0	4463	1.00	2790	22.12.22	13:45	1	01	2790	2790	00	10006283	0	0	0	0	0	0	0	0
$1	117	24	3	0	4464	1.00	2790	22.12.22	13:45	1	01	2790	2790	00	10006290	0	0	0	0	0	0	0	0
$1	117	24	4	0	3651	1.00	3450	22.12.22	13:45	1	01	3450	3450	00	9036512	0	0	0	0	0	0	0	0
$4	117	24	2	0	0	13380	13380
$1	117	25	1	0	4369	1.00	2190	22.12.22	14:11	1	01	2190	2190	00	10005088	0	0	0	0	0	0	0	0
$1	117	25	2	0	4465	1.00	1650	22.12.22	14:11	2	01	1650	1650	00	10006306	0	0	0	0	0	0	0	0
$1	117	25	3	0	4460	1.00	490	22.12.22	14:11	2	01	490	490	00	10006252	0	0	0	0	0	0	0	0
$1	117	25	4	0	3901	1.00	950	22.12.22	14:11	1	01	950	950	00	28039013	0	0	0	0	0	0	0	0
$1	117	25	5	0	2350	1.00	790	22.12.22	14:12	1	01	790	790	00	15023506	0	0	0	0	0	0	0	0
$4	117	25	2	0	0	6070	6070
$1	117	26	1	0	4460	1.00	490	22.12.22	14:20	2	01	490	490	00	10006252	0	0	0	0	0	0	0	0
$4	117	26	2	0	0	490	490
$1	117	27	1	0	2009	1.00	3350	22.12.22	14:38	1	01	3350	3350	00	680275060864	0	0	0	0	0	0	0	0
$4	117	27	2	0	0	3350	3350
$1	117	28	1	0	4531	1.00	5190	22.12.22	14:43	1	01	5190	5190	00	10007075	0	0	0	0	0	0	0	0
$1	117	28	2	0	1820	1.00	2150	22.12.22	14:43	1	01	2150	2150	00	5701278288101	0	0	0	0	0	0	0	0
$4	117	28	2	0	0	7340	7340
$1	117	29	1	0	2053	1.00	2850	22.12.22	14:51	1	01	2850	2850	00	11020530	0	0	0	0	0	0	0	0
$1	117	29	2	0	3663	1.00	1490	22.12.22	14:51	1	01	1490	1490	00	8691190466220	0	0	0	0	0	0	0	0
$1	117	29	3	0	3239	1.00	1490	22.12.22	14:51	1	01	1490	1490	00	8691190466121	0	0	0	0	0	0	0	0
$4	117	29	2	0	0	5830	5830
$1	117	30	1	0	2010	1.00	3190	22.12.22	14:58	2	01	3190	3190	00	9020108	0	0	0	0	0	0	0	0
$4	117	30	2	0	0	3190	3190
$1	117	31	1	0	3410	1.00	3150	22.12.22	15:03	1	01	3150	3150	00	10006047	0	0	0	0	0	0	0	0
$1	117	31	2	0	4245	1.00	3350	22.12.22	15:03	2	01	3350	3350	00	10001134	0	0	0	0	0	0	0	0
$4	117	31	2	0	0	6500	6500
$1	117	32	1	0	4418	1.00	4490	22.12.22	15:14	1	01	4490	4490	00	10005583	0	0	0	0	0	0	0	0
$1	117	32	2	0	4439	1.00	3790	22.12.22	15:14	1	01	3790	3790	00	10005781	0	0	0	0	0	0	0	0
$4	117	32	2	0	0	8280	8280
$1	117	33	1	0	3901	4.00	3800	22.12.22	15:33	1	01	3800	3800	00	28039013	0	0	0	0	0	0	0	0
$4	117	33	2	0	0	3800	3800
$12	117	1	1	0	4549	1.00	6900	22.12.22	15:36	1	01	6900	6900	00	10007235	0	0	0	0	0	0	0	0
$12	117	1	2	0	4549	1.00	6900	22.12.22	15:37	1	01	6900	6900	00	10007235	0	0	0	0	0	0	0	0
$1	117	34	1	0	4549	1.00	6900	22.12.22	15:37	1	01	6900	6900	00	10007235	0	0	0	0	0	0	0	0
$4	117	34	2	0	0	6900	6900
$1	117	35	1	0	1216	1.00	490	22.12.22	15:38	2	01	490	490	00	5909990668458	0	0	0	0	0	0	0	0
$4	117	35	1	0	0	1000	1000
$4	117	35	1	0	1	510	510
$1	117	36	1	0	4551	1.00	5190	22.12.22	15:55	1	01	5190	5190	00	10007259	0	0	0	0	0	0	0	0
$1	117	36	2	0	0041	1.000	6490	22.12.22	15:56	1	01	6490	6490	00		0	0	0	0	0	0	0	0
$4	117	36	2	0	0	11680	11680
$1	117	37	1	0	0893	1.00	4500	22.12.22	15:57	1	01	4500	4500	00	4008934	0	0	0	0	0	0	0	0
$1	117	37	2	0	2053	1.00	2850	22.12.22	15:57	1	01	2850	2850	00	11020530	0	0	0	0	0	0	0	0
$4	117	37	2	0	0	7350	7350
$1	117	38	1	0	4357	1.00	8090	22.12.22	16:00	1	01	8090	8090	00	10003534	0	0	0	0	0	0	0	0
$1	117	38	2	0	3388	1.00	4950	22.12.22	16:00	1	01	4950	4950	00	24033886	0	0	0	0	0	0	0	0
$1	117	38	3	0	4102	1.00	5290	22.12.22	16:00	1	01	5290	5290	00	10000229	0	0	0	0	0	0	0	0
$1	117	38	4	0	4397	1.00	4990	22.12.22	16:00	1	01	4990	4990	00	10005361	0	0	0	0	0	0	0	0
$1	117	38	5	0	0824	1.00	7150	22.12.22	16:00	1	01	7150	7150	00	10002384	0	0	0	0	0	0	0	0
$4	117	38	2	0	0	30470	30470
$1	117	39	1	0	1131	2.00	2100	22.12.22	16:04	4	01	2100	2100	00	5011315	0	0	0	0	0	0	0	0
$1	117	39	2	0	0971	1.00	790	22.12.22	16:04	2	01	790	790	00	5009718	0	0	0	0	0	0	0	0
$1	117	39	3	0	3517	1.00	1250	22.12.22	16:05	1	01	1250	1250	00	8691190842239	0	0	0	0	0	0	0	0
$4	117	39	1	0	0	5000	5000
$4	117	39	1	0	1	860	860
$1	117	40	1	0	3024	1.00	550	22.12.22	16:07	2	01	550	550	00	10003695	0	0	0	0	0	0	0	0
$1	117	40	2	0	3053	1.00	750	22.12.22	16:07	2	01	750	750	00	20030537	0	0	0	0	0	0	0	0
$1	117	40	3	0	3967	1.00	1550	22.12.22	16:07	1	01	1550	1550	00	8691190903039	0	0	0	0	0	0	0	0
$1	117	40	4	0	1852	1.00	9990	22.12.22	16:11	1	01	9990	9990	00	8018526	0	0	0	0	0	0	0	0
$1	117	40	5	0	1721	1.00	6350	22.12.22	16:13	1	01	6350	6350	00	8017215	0	0	0	0	0	0	0	0
$1	117	40	6	0	0293	1.00	8350	22.12.22	16:14	1	01	8350	8350	00	6412600834642	0	0	0	0	0	0	0	0
$4	117	40	2	0	0	27540	27540
$1	117	41	1	0	3400	1.00	3090	22.12.22	16:16	1	01	3090	3090	00	10005965	0	0	0	0	0	0	0	0
$4	117	41	2	0	0	3090	3090
$1	117	42	1	0	2050	2.00	5700	22.12.22	16:23	1	01	5700	5700	00	11020509	0	0	0	0	0	0	0	0
$1	117	42	2	0	2055	1.00	5650	22.12.22	16:24	1	01	5650	5650	00	11020554	0	0	0	0	0	0	0	0
$4	117	42	1	0	0	20000	20000
$4	117	42	1	0	1	8650	8650
$1	117	43	1	0	4473	2.00	8580	22.12.22	16:33	1	01	8580	8580	00	10006375	0	0	0	0	0	0	0	0
$1	117	43	2	0	4475	1.00	3790	22.12.22	16:33	1	01	3790	3790	00	10006399	0	0	0	0	0	0	0	0
$4	117	43	2	0	0	12370	12370
$1	117	44	1	0	3153	1.00	2900	22.12.22	16:42	1	01	2900	2900	00	5902249015812	0	0	0	0	0	0	0	0
$4	117	44	2	0	0	2900	2900
$1	117	45	1	0	2350	1.00	790	22.12.22	16:56	1	01	790	790	00	15023506	0	0	0	0	0	0	0	0
$1	117	45	2	0	2024	1.00	1590	22.12.22	16:56	1	01	1590	2490	00	10020241	0	0	0	0	0	0	0	1
$4	117	45	2	0	0	2380	2380
$1	117	46	1	0	0496	1.00	3600	22.12.22	17:03	1	01	3600	3600	00	5907502687430	0	0	0	0	0	0	0	0
$1	117	46	2	0	3152	1.00	2500	22.12.22	17:03	1	01	2500	2500	00	5902249015775	0	0	0	0	0	0	0	0
$1	117	46	3	0	3154	1.00	3550	22.12.22	17:04	1	01	3550	3550	00	5902249015904	0	0	0	0	0	0	0	0
$4	117	46	2	0	0	9650	9650
$14	01	22.12.23	09:36	4
$13	00	1	22.12.23	09:36	01	0	0	0	0	0	0	0	0	0	             
$1	118	1	1	0	3901	1.00	950	22.12.23	09:38	1	01	950	950	00	28039013	0	0	0	0	0	0	0	0
$4	118	1	1	0	0	1000	1000
$4	118	1	1	0	1	050	050
$1	118	2	1	0	4166	1.00	6300	22.12.23	09:52	1	01	6300	6300	00	10000977	0	0	0	0	0	0	0	0
$1	118	2	2	0	0731	1.00	4450	22.12.23	09:52	1	01	4450	4450	00	3007310	0	0	0	0	0	0	0	0
$1	118	2	3	0	0225	1.000	2990	22.12.23	09:52	1	01	2990	2990	00		0	0	0	0	0	0	0	0
$4	118	2	2	0	0	13740	13740
$1	118	3	1	0	0993	1.00	490	22.12.23	09:55	2	01	490	490	00	5906365702991	0	0	0	0	0	0	0	0
$1	118	3	2	0	2053	1.00	2850	22.12.23	09:55	1	01	2850	2850	00	11020530	0	0	0	0	0	0	0	0
$1	118	3	3	0	2350	1.00	790	22.12.23	09:55	1	01	790	790	00	15023506	0	0	0	0	0	0	0	0
$4	118	3	2	0	0	4130	4130
$1	118	4	1	0	2936	2.00	7300	22.12.23	09:58	1	01	7300	7300	00	10003114	0	0	0	0	0	0	0	0
$1	118	4	2	0	0041	2.000	8380	22.12.23	09:58	1	01	8380	8380	00		0	0	0	0	0	0	0	0
$4	118	4	2	0	0	15680	15680
$1	118	5	1	0	2010	1.00	3190	22.12.23	10:03	2	01	3190	3190	00	9020108	0	0	0	0	0	0	0	0
$4	118	5	1	0	0	5000	5000
$4	118	5	1	0	1	1810	1810
$1	118	6	1	0	4480	1.00	2950	22.12.23	10:04	1	01	2950	2950	00	10006443	0	0	0	0	0	0	0	0
$4	118	6	1	0	0	3000	3000
$4	118	6	1	0	1	050	050
$1	118	7	1	0	4443	1.00	3050	22.12.23	10:05	1	01	3050	3050	00	10005873	0	0	0	0	0	0	0	0
$1	118	7	2	0	0002	1.000	250	22.12.23	10:05	1	01	250	250	00		0	0	0	0	0	0	0	0
$1	118	7	3	0	4490	1.00	990	22.12.23	10:09	1	01	990	990	00	10006542	0	0	0	0	0	0	0	0
$4	118	7	2	0	0	4290	4290
$1	118	8	1	0	1055	1.00	760	22.12.23	10:12	4	01	760	950	00	5010554	0	0	0	0	0	0	0	1
$4	118	8	1	0	0	760	760
$1	118	9	1	0	3564	1.00	390	22.12.23	10:17	4	01	390	390	00	20035648	0	0	0	0	0	0	0	0
$4	118	9	1	0	0	390	390
$1	118	10	1	0	1326	1.00	1350	22.12.23	10:35	4	01	1350	1350	00	6013264	0	0	0	0	0	0	0	0
$1	118	10	2	0	4551	1.00	5190	22.12.23	10:36	1	01	5190	5190	00	10007259	0	0	0	0	0	0	0	0
$1	118	10	3	0	4473	1.00	4290	22.12.23	10:36	1	01	4290	4290	00	10006375	0	0	0	0	0	0	0	0
$1	118	10	4	0	3342	1.00	3500	22.12.23	10:36	1	01	3500	3500	00	5902249015997	0	0	0	0	0	0	0	0
$1	118	10	5	0	0525	1.00	3700	22.12.23	10:36	1	01	3700	3700	00	5907502687676	0	0	0	0	0	0	0	0
$1	118	10	6	0	4315	1.00	890	22.12.23	10:36	2	01	890	890	00	10003800	0	0	0	0	0	0	0	0
$1	118	10	7	0	3058	1.00	950	22.12.23	10:36	2	01	950	950	00	10003893	0	0	0	0	0	0	0	0
$1	118	10	8	0	2341	1.00	2350	22.12.23	10:36	1	01	2350	2350	00	10004937	0	0	0	0	0	0	0	0
$1	118	10	9	0	2350	1.00	790	22.12.23	10:36	1	01	790	790	00	15023506	0	0	0	0	0	0	0	0
$1	118	10	10	0	0587	1.00	990	22.12.23	10:36	1	01	990	1300	00	5902249011166	0	0	0	0	0	0	0	1
$4	118	10	2	0	0	24000	24000
$1	118	11	1	0	3907	1.00	9190	22.12.23	10:38	1	01	9190	9190	00	28039075	0	0	0	0	0	0	0	0
$4	118	11	1	0	0	9190	9190
$1	118	12	1	0	2744	1.00	6900	22.12.23	10:52	1	01	6900	6900	00	35027447	0	0	0	0	0	0	0	0
$1	118	12	2	0	4548	1.00	4350	22.12.23	10:52	1	01	4350	4350	00	10007228	0	0	0	0	0	0	0	0
$4	118	12	1	0	0	11250	11250
$1	118	13	1	0	3906	1.00	3950	22.12.23	10:53	1	01	3950	3950	00	28039068	0	0	0	0	0	0	0	0
$1	118	13	2	0	3903	1.00	2490	22.12.23	10:53	1	01	2490	2490	00	28039037	0	0	0	0	0	0	0	0
$4	118	13	2	0	0	6440	6440
$1	118	14	1	0	4473	1.00	4290	22.12.23	11:00	1	01	4290	4290	00	10006375	0	0	0	0	0	0	0	0
$4	118	14	1	0	0	5000	5000
$4	118	14	1	0	1	710	710
$1	118	15	1	0	0591	1.00	4250	22.12.23	11:13	1	01	4250	4250	00	5907502687928	0	0	0	0	0	0	0	0
$1	118	15	2	0	4545	1.00	5190	22.12.23	11:13	1	01	5190	5190	00	10007198	0	0	0	0	0	0	0	0
$1	118	15	3	0	0041	1.000	4290	22.12.23	11:14	1	01	4290	4290	00		0	0	0	0	0	0	0	0
$4	118	15	2	0	0	13730	13730
$1	118	16	1	0	0505	1.00	3400	22.12.23	11:24	1	01	3400	3400	00	5907502687515	0	0	0	0	0	0	0	0
$1	118	16	2	0	0504	1.00	3400	22.12.23	11:24	1	01	3400	3400	00	5907502687508	0	0	0	0	0	0	0	0
$1	118	16	3	0	2742	1.00	5800	22.12.23	11:25	1	01	5800	5800	00	35027423	0	0	0	0	0	0	0	0
$1	118	16	4	0	0093	1.000	2990	22.12.23	11:25	3	01	2990	2990	00		0	0	0	0	0	0	0	0
$1	118	16	5	0	0612	1.00	2490	22.12.23	11:26	1	01	2490	2490	00	5902249011180	0	0	0	0	0	0	0	0
$4	118	16	2	0	0	18080	18080
$1	118	17	1	0	2053	1.00	2850	22.12.23	11:28	1	01	2850	2850	00	11020530	0	0	0	0	0	0	0	0
$4	118	17	1	0	0	10000	10000
$4	118	17	1	0	1	7150	7150
$1	118	18	1	0	4486	1.00	1390	22.12.23	11:47	1	01	1390	1390	00	10006504	0	0	0	0	0	0	0	0
$4	118	18	1	0	0	1390	1390
$1	118	19	1	0	3901	1.00	950	22.12.23	11:50	1	01	950	950	00	28039013	0	0	0	0	0	0	0	0
$4	118	19	2	0	0	950	950
$1	118	20	1	0	0451	1.00	4300	22.12.23	11:52	1	01	4300	4300	00	5907502687102	0	0	0	0	0	0	0	0
$1	118	20	2	0	0461	1.00	2600	22.12.23	11:52	1	01	2600	2600	00	5907502687232	0	0	0	0	0	0	0	0
$4	118	20	1	0	0	10000	10000
$4	118	20	1	0	1	3100	3100
$1	118	21	1	0	2053	2.00	5700	22.12.23	11:55	1	01	5700	5700	00	11020530	0	0	0	0	0	0	0	0
$1	118	21	2	0	2050	3.00	8550	22.12.23	11:56	1	01	8550	8550	00	11020509	0	0	0	0	0	0	0	0
$1	118	21	3	0	2350	1.00	790	22.12.23	11:56	1	01	790	790	00	15023506	0	0	0	0	0	0	0	0
$1	118	21	4	0	4512	2.00	1180	22.12.23	11:56	1	01	1180	1180	00	10006771	0	0	0	0	0	0	0	0
$4	118	21	2	0	0	16220	16220
$1	118	22	1	0	4305	1.00	5850	22.12.23	11:58	1	01	5850	5850	00	10002681	0	0	0	0	0	0	0	0
$4	118	22	1	0	0	10000	10000
$4	118	22	1	0	1	4150	4150
$1	118	23	1	0	1812	1.00	4550	22.12.23	12:11	1	01	4550	4550	00	8018120	0	0	0	0	0	0	0	0
$4	118	23	2	0	0	4550	4550
$1	118	24	1	0	4403	1.00	9450	22.12.23	12:13	1	01	9450	9450	00	10005439	0	0	0	0	0	0	0	0
$1	118	24	2	0	4503	1.00	2790	22.12.23	12:13	1	01	2790	2790	00	10006672	0	0	0	0	0	0	0	0
$4	118	24	1	0	0	12240	12240
$1	118	25	1	0	4500	1.00	750	22.12.23	12:20	1	01	750	750	00	10006641	0	0	0	0	0	0	0	0
$4	118	25	1	0	0	750	750
$1	118	26	1	0	4443	1.00	3050	22.12.23	12:25	1	01	3050	3050	00	10005873	0	0	0	0	0	0	0	0
$1	118	26	2	0	3410	1.00	3150	22.12.23	12:27	1	01	3150	3150	00	10006047	0	0	0	0	0	0	0	0
$1	118	26	3	0	3901	1.00	950	22.12.23	12:27	1	01	950	950	00	28039013	0	0	0	0	0	0	0	0
$4	118	26	2	0	0	7150	7150
$1	118	27	1	0	4532	1.00	7550	22.12.23	12:31	1	01	7550	7550	00	10007082	0	0	0	0	0	0	0	0
$4	118	27	2	0	0	7550	7550
$1	118	28	1	0	4245	1.00	3350	22.12.23	12:33	2	01	3350	3350	00	680275064213	0	0	0	0	0	0	0	0
$1	118	28	2	0	2009	1.00	3350	22.12.23	12:33	1	01	3350	3350	00	9020092	0	0	0	0	0	0	0	0
$1	118	28	3	0	1716	2.00	9000	22.12.23	12:33	1	01	9000	9000	00	10002896	0	0	0	0	0	0	0	0
$4	118	28	2	0	0	15700	15700
$1	118	29	1	0	3256	1.00	1250	22.12.23	12:36	1	01	1250	1250	00	8691190842109	0	0	0	0	0	0	0	0
$4	118	29	1	0	0	2000	2000
$4	118	29	1	0	1	750	750
$1	118	30	1	0	1097	1.00	400	22.12.23	12:39	4	01	400	400	00	5909994310568	0	0	0	0	0	0	0	0
$1	118	30	2	0	1205	1.00	550	22.12.23	12:39	2	01	550	550	00	5909990628575	0	0	0	0	0	0	0	0
$4	118	30	1	0	0	1000	1000
$4	118	30	1	0	1	050	050
$1	118	31	1	0	4362	1.00	2850	22.12.23	12:40	2	01	2850	2850	00	10004845	0	0	0	0	0	0	0	0
$4	118	31	1	0	0	3000	3000
$4	118	31	1	0	1	150	150
$1	118	32	1	0	4099	1.00	4990	22.12.23	12:45	1	01	4990	4990	00	10000199	0	0	0	0	0	0	0	0
$1	118	32	2	0	0624	1.00	3700	22.12.23	12:45	1	01	3700	3700	00	5902249011296	0	0	0	0	0	0	0	0
$1	118	32	3	0	0625	1.00	3250	22.12.23	12:45	1	01	3250	3250	00	5902249011302	0	0	0	0	0	0	0	0
$4	118	32	1	0	0	11940	11940
$1	118	33	1	0	4461	1.00	2790	22.12.23	13:07	1	01	2790	2790	00	4792252943995	0	0	0	0	0	0	0	0
$1	118	33	2	0	1314	1.00	3590	22.12.23	13:07	3	01	3590	3590	00	6013141	0	0	0	0	0	0	0	0
$1	118	33	3	0	2704	1.00	1990	22.12.23	13:07	2	01	1990	1990	00	17027045	0	0	0	0	0	0	0	0
$1	118	33	4	0	4490	1.00	990	22.12.23	13:08	1	01	990	990	00	10006542	0	0	0	0	0	0	0	0
$1	118	33	5	0	4491	1.00	990	22.12.23	13:08	1	01	990	990	00	10006559	0	0	0	0	0	0	0	0
$1	118	33	6	0	4510	2.00	1300	22.12.23	13:08	1	01	1300	1300	00	10006757	0	0	0	0	0	0	0	0
$1	118	33	7	0	1858	1.00	9900	22.12.23	13:08	1	01	9900	9900	00	8018588	0	0	0	0	0	0	0	0
$1	118	33	8	0	1863	1.00	12190	22.12.23	13:08	1	01	12190	12190	00	8018632	0	0	0	0	0	0	0	0
$4	118	33	1	0	0	40000	40000
$4	118	33	1	0	1	6260	6260
$1	118	34	1	0	4540	1.00	12400	22.12.23	13:12	1	01	12400	12400	00	10007174	0	0	0	0	0	0	0	0
$1	118	34	2	0	2350	5.00	3950	22.12.23	13:12	1	01	3950	3950	00	15023506	0	0	0	0	0	0	0	0
$1	118	34	3	0	4261	1.00	4750	22.12.23	13:16	1	01	4750	4750	00	10002155	0	0	0	0	0	0	0	0
$1	118	34	4	0	3557	1.00	4590	22.12.23	13:16	1	01	4590	4590	00	10000052	0	0	0	0	0	0	0	0
$1	118	34	5	0	4266	1.00	5190	22.12.23	13:16	1	01	5190	5190	00	10002216	0	0	0	0	0	0	0	0
$1	118	34	6	0	1891	1.00	3250	22.12.23	13:16	1	01	3250	3250	00	10005958	0	0	0	0	0	0	0	0
$4	118	34	2	0	0	34130	34130
$1	118	35	1	0	2596	1.00	1050	22.12.23	13:22	2	01	1050	1050	00	17025966	0	0	0	0	0	0	0	0
$10	118	35	1	0	1040	1.00	450	22.12.23	13:22	2	01	450	450	00	5906365702847	0	0	0	0	0	0	0	0
$1	118	35	2	0	1039	1.00	590	22.12.23	13:23	2	01	590	590	00	5906365702823	0	0	0	0	0	0	0	0
$4	118	35	1	0	0	5000	5000
$4	118	35	1	0	1	3360	3360
$1	118	36	1	0	4537	1.00	5190	22.12.23	13:40	1	01	5190	5190	00	10007136	0	0	0	0	0	0	0	0
$4	118	36	2	0	0	5190	5190
$1	118	37	1	0	0625	1.00	3250	22.12.23	13:48	1	01	3250	3250	00	5902249011302	0	0	0	0	0	0	0	0
$1	118	37	2	0	0624	1.00	3700	22.12.23	13:48	1	01	3700	3700	00	5902249011296	0	0	0	0	0	0	0	0
$1	118	37	3	0	0622	1.00	2790	22.12.23	13:48	1	01	2790	2790	00	5902249011272	0	0	0	0	0	0	0	0
$1	118	37	4	0	0465	1.00	4150	22.12.23	13:48	1	01	4150	4150	00	5907502687164	0	0	0	0	0	0	0	0
$1	118	37	5	0	2290	1.00	2390	22.12.23	13:48	1	01	2390	2390	00	5907502687829	0	0	0	0	0	0	0	0
$4	118	37	2	0	0	16280	16280
$1	118	38	1	0	4473	1.00	4290	22.12.23	13:54	1	01	4290	4290	00	10006375	0	0	0	0	0	0	0	0
$4	118	38	2	0	0	4290	4290
$1	118	39	1	0	2053	2.00	5700	22.12.23	13:55	1	01	5700	5700	00	11020530	0	0	0	0	0	0	0	0
$4	118	39	2	0	0	5700	5700
$1	118	40	1	0	2927	1.00	8990	22.12.23	13:59	1	01	8990	8990	00	36029273	0	0	0	0	0	0	0	0
$4	118	40	1	0	0	8990	8990
$1	118	41	1	0	2350	3.00	2370	22.12.23	14:01	1	01	2370	2370	00	15023506	0	0	0	0	0	0	0	0
$4	118	41	1	0	0	2370	2370
$1	118	42	1	0	0027	2.000	6600	22.12.23	14:08	1	01	6600	6600	00		0	0	0	0	0	0	0	0
$1	118	42	2	0	0002	1.000	2990	22.12.23	14:08	1	01	2990	2990	00		0	0	0	0	0	0	0	0
$1	118	42	3	0	2026	2.00	5300	22.12.23	14:08	1	01	5300	5300	00	10020265	0	0	0	0	0	0	0	0
$1	118	42	4	0	4230	1.00	1290	22.12.23	14:09	1	01	1290	1290	00	8691190864040	0	0	0	0	0	0	0	0
$1	118	42	5	0	2024	1.00	1590	22.12.23	14:09	1	01	1590	2490	00	10020241	0	0	0	0	0	0	0	1
$4	118	42	2	0	0	17770	17770
$1	118	43	1	0	0002	1.000	2990	22.12.23	14:24	1	01	2990	2990	00		0	0	0	0	0	0	0	0
$1	118	43	2	0	4545	1.00	5190	22.12.23	14:25	1	01	5190	5190	00	10007198	0	0	0	0	0	0	0	0
$1	118	43	3	0	4242	1.00	4490	22.12.23	14:25	1	01	4490	4490	00	10001103	0	0	0	0	0	0	0	0
$4	118	43	2	0	0	12670	12670
$1	118	44	1	0	4471	1.00	1790	22.12.23	14:35	2	01	1790	1790	00	10006351	0	0	0	0	0	0	0	0
$1	118	44	2	0	2053	1.00	2850	22.12.23	14:35	1	01	2850	2850	00	11020530	0	0	0	0	0	0	0	0
$1	118	44	3	0	2050	1.00	2850	22.12.23	14:35	1	01	2850	2850	00	11020509	0	0	0	0	0	0	0	0
$4	118	44	1	0	0	10000	10000
$4	118	44	1	0	1	2510	2510
$1	118	45	1	0	0458	1.00	990	22.12.23	14:48	1	01	990	1300	00	5907502687072	0	0	0	0	0	0	0	1
$1	118	45	2	0	0458	1.00	990	22.12.23	14:48	1	01	990	1300	00	5907502687072	0	0	0	0	0	0	0	1
$1	118	45	3	0	3355	1.00	4190	22.12.23	14:48	1	01	4190	4190	00	5701278609449	0	0	0	0	0	0	0	0
$1	118	45	4	0	1841	1.00	3190	22.12.23	14:48	1	01	3190	3190	00	10004470	0	0	0	0	0	0	0	0
$4	118	45	2	0	0	9360	9360
$1	118	46	1	0	0037	1.000	15000	22.12.23	14:53	1	01	15000	15000	00		0	0	0	0	0	0	0	0
$4	118	46	1	0	0	15000	15000
$1	118	47	1	0	4473	2.00	1716	22.12.23	15:06	1	01	8580	8580	00	10006375	0	1	0	0	0	0	0	0
$1	118	47	2	0	3489	1.00	590	22.12.23	15:07	2	01	2950	2950	00	17034890	0	1	0	0	0	0	0	0
$1	118	47	3	0	0545	1.00	218	22.12.23	15:07	1	01	1090	1090	00	8691190890520	0	1	0	0	0	0	0	0
$1	118	47	4	0	2951	1.00	298	22.12.23	15:07	1	01	1490	1490	00	8691190466107	0	1	0	0	0	0	0	0
$1	118	47	5	0	3689	1.00	178	22.12.23	15:07	1	01	890	890	00	8691190391034	0	1	0	0	0	0	0	0
$4	118	47	1	0	0	3000	3000
$1	118	48	1	0	2053	1.00	2850	22.12.23	15:10	1	01	2850	2850	00	11020530	0	0	0	0	0	0	0	0
$1	118	48	2	0	2053	1.00	2850	22.12.23	15:11	1	01	2850	2850	00	11020530	0	0	0	0	0	0	0	0
$1	118	48	3	0	2053	1.00	2850	22.12.23	15:11	1	01	2850	2850	00	11020530	0	0	0	0	0	0	0	0
$1	118	48	4	0	2050	1.00	2850	22.12.23	15:11	1	01	2850	2850	00	11020509	0	0	0	0	0	0	0	0
$1	118	48	5	0	2052	1.00	11290	22.12.23	15:11	1	01	11290	11290	00	11020523	0	0	0	0	0	0	0	0
$4	118	48	1	0	0	25000	25000
$4	118	48	1	0	1	2310	2310
$1	118	49	1	0	4278	1.00	3250	22.12.23	15:15	1	01	3250	3250	00	10002377	0	0	0	0	0	0	0	0
$1	118	49	2	0	4272	1.00	3690	22.12.23	15:15	1	01	3690	3690	00	10002278	0	0	0	0	0	0	0	0
$4	118	49	1	0	0	10000	10000
$4	118	49	1	0	1	3060	3060
$1	118	50	1	0	1443	1.00	2000	22.12.23	15:33	1	01	2000	2000	00	10002995	0	0	0	0	0	0	0	0
$1	118	50	2	0	3248	1.00	4390	22.12.23	15:33	1	01	4390	4390	00	34032480	0	0	0	0	0	0	0	0
$1	118	50	3	0	1705	1.00	4200	22.12.23	15:33	1	01	4200	4200	00	10003152	0	0	0	0	0	0	0	0
$4	118	50	1	0	0	11100	11100
$4	118	50	1	0	1	510	510
$1	118	51	1	0	2006	1.00	4550	22.12.23	15:44	1	01	4550	4550	00	9020061	0	0	0	0	0	0	0	0
$1	118	51	2	0	2007	1.00	3690	22.12.23	15:44	2	01	3690	3690	00	9020078	0	0	0	0	0	0	0	0
$4	118	51	2	0	0	8240	8240
$1	118	52	1	0	4533	1.00	12400	22.12.23	15:47	1	01	12400	12400	00	10007099	0	0	0	0	0	0	0	0
$1	118	52	2	0	4367	1.00	2190	22.12.23	15:47	1	01	2190	2190	00	10005064	0	0	0	0	0	0	0	0
$1	118	52	3	0	0002	1.000	2990	22.12.23	15:48	1	01	2990	2990	00		0	0	0	0	0	0	0	0
$4	118	52	2	0	0	17580	17580
$1	118	53	1	0	0639	1.00	3250	22.12.23	15:50	1	01	3250	3250	00	5902249011777	0	0	0	0	0	0	0	0
$1	118	53	2	0	1824	1.00	1900	22.12.23	15:54	1	01	1900	1900	00	10004494	0	0	0	0	0	0	0	0
$4	118	53	2	0	0	5150	5150
$1	118	54	1	0	2745	1.00	5390	22.12.23	15:54	1	01	5390	5390	00	35027454	0	0	0	0	0	0	0	0
$1	118	54	2	0	3017	1.00	7550	22.12.23	15:54	1	01	7550	7550	00	10007143	0	0	0	0	0	0	0	0
$4	118	54	2	0	0	12940	12940
$1	118	55	1	0	3145	1.00	2550	22.12.23	15:57	1	01	2550	2550	00	16031456	0	0	0	0	0	0	0	0
$4	118	55	2	0	0	2550	2550
$1	118	56	1	0	3901	3.00	2850	22.12.23	15:58	1	01	2850	2850	00	28039013	0	0	0	0	0	0	0	0
$4	118	56	1	0	0	10000	10000
$4	118	56	1	0	1	7150	7150
$1	118	57	1	0	1403	1.00	3300	22.12.23	16:00	1	01	3300	3300	00	25812	0	0	0	0	0	0	0	0
$1	118	57	2	0	0734	1.00	4350	22.12.23	16:04	1	01	4350	4350	00	5902729031318	0	0	0	0	0	0	0	0
$4	118	57	2	0	0	7650	7650
$1	118	58	1	0	0472	1.00	990	22.12.23	16:05	1	01	990	1300	00	5907502687300	0	0	0	0	0	0	0	1
$4	118	58	2	0	0	990	990
$1	118	59	1	0	0041	1.000	6990	22.12.23	16:11	1	01	6990	6990	00		0	0	0	0	0	0	0	0
$1	118	59	2	0	4455	1.00	650	22.12.23	16:11	1	01	650	650	00	10006207	0	0	0	0	0	0	0	0
$1	118	59	3	0	4475	1.00	3790	22.12.23	16:11	1	01	3790	3790	00	5903760205300	0	0	0	0	0	0	0	0
$1	118	59	4	0	2011	1.00	3150	22.12.23	16:12	2	01	3150	3150	00	9020115	0	0	0	0	0	0	0	0
$1	118	59	5	0	1049	1.00	1400	22.12.23	16:12	4	01	1400	1400	00	5010493	0	0	0	0	0	0	0	0
$1	118	59	6	0	0041	1.000	3780	22.12.23	16:12	1	01	3780	3780	00		0	0	0	0	0	0	0	0
$1	118	59	7	0	2350	1.00	790	22.12.23	16:12	1	01	790	790	00	15023506	0	0	0	0	0	0	0	0
$1	118	59	8	0	1714	1.00	4250	22.12.23	16:12	1	01	4250	4250	00	10003350	0	0	0	0	0	0	0	0
$1	118	59	9	0	4443	1.00	3050	22.12.23	16:13	1	01	3050	3050	00	10005873	0	0	0	0	0	0	0	0
$1	118	59	10	0	0639	1.00	3250	22.12.23	16:15	1	01	3250	3250	00	5902249011777	0	0	0	0	0	0	0	0
$1	118	59	11	0	0537	1.00	2800	22.12.23	16:16	1	01	2800	2800	00	5902249010121	0	0	0	0	0	0	0	0
$4	118	59	2	0	0	33900	33900
$1	118	60	1	0	1321	1.00	3690	22.12.23	16:28	1	01	3690	3690	00	25652	0	0	0	0	0	0	0	0
$4	118	60	2	0	0	3690	3690
$1	118	61	1	0	4368	1.00	2790	22.12.23	16:31	1	01	2790	2790	00	10005071	0	0	0	0	0	0	0	0
$1	118	61	2	0	4459	1.00	490	22.12.23	16:31	2	01	490	490	00	10006245	0	0	0	0	0	0	0	0
$4	118	61	2	0	0	3280	3280
$1	118	62	1	0	4150	1.00	5890	22.12.23	16:51	1	01	5890	5890	00	10006825	0	0	0	0	0	0	0	0
$1	118	62	2	0	2350	1.00	790	22.12.23	16:51	1	01	790	790	00	15023506	0	0	0	0	0	0	0	0
$4	118	62	1	0	0	10000	10000
$4	118	62	1	0	1	3320	3320
$1	118	63	1	0	2022	1.00	2350	22.12.23	16:54	1	01	2350	2350	00	10020227	0	0	0	0	0	0	0	0
$4	118	63	1	0	0	3000	3000
$4	118	63	1	0	1	650	650
$1	118	64	1	0	0041	1.000	6490	22.12.23	17:08	1	01	6490	6490	00		0	0	0	0	0	0	0	0
$1	118	64	2	0	2053	1.00	2850	22.12.23	17:08	1	01	2850	2850	00	11020530	0	0	0	0	0	0	0	0
$4	118	64	1	0	0	10000	10000
$4	118	64	1	0	1	660	660
$1	118	65	1	0	3551	1.00	3450	22.12.23	17:21	1	01	3450	3450	00	8035516	0	0	0	0	0	0	0	0
$1	118	65	2	0	1843	1.00	2650	22.12.23	17:21	1	01	2650	2650	00	5701278106207	0	0	0	0	0	0	0	0
$1	118	65	3	0	1842	1.00	3190	22.12.23	17:21	1	01	3190	3190	00	8018427	0	0	0	0	0	0	0	0
$1	118	65	4	0	1237	1.00	1150	22.12.23	17:21	4	01	1150	1150	00	5012374	0	0	0	0	0	0	0	0
$4	118	65	2	0	0	10440	10440
$10	118	66	1	0	4127	1.00	3750	22.12.23	17:32	1	01	3750	3750	00	10000588	0	0	0	0	0	0	0	0
$1	118	66	1	0	0041	1.000	2690	22.12.23	17:34	1	01	2690	2690	00		0	0	0	0	0	0	0	0
$1	118	66	2	0	4368	1.00	2790	22.12.23	17:34	1	01	2790	2790	00	10005071	0	0	0	0	0	0	0	0
$1	118	66	3	0	4367	1.00	2190	22.12.23	17:34	1	01	2190	2190	00	10005064	0	0	0	0	0	0	0	0
$1	118	66	4	0	4369	1.00	2190	22.12.23	17:34	1	01	2190	2190	00	10005088	0	0	0	0	0	0	0	0
$4	118	66	2	0	0	9860	9860
$14	01	22.12.24	09:40	4
$13	00	1	22.12.24	09:40	01	0	0	0	0	0	0	0	0	0	             
$1	119	1	1	0	4523	1.00	2490	22.12.24	09:49	1	01	2490	2490	00	10000465	0	0	0	0	0	0	0	0
$4	119	1	1	0	0	3500	3500
$4	119	1	1	0	1	1010	1010
$1	119	2	1	0	3523	1.00	14650	22.12.24	09:53	1	01	14650	14650	00	25553	0	0	0	0	0	0	0	0
$1	119	2	2	0	3502	1.00	14650	22.12.24	09:53	1	01	14650	14650	00	25546	0	0	0	0	0	0	0	0
$1	119	2	3	0	3466	1.00	14650	22.12.24	09:54	1	01	14650	14650	00	25539	0	0	0	0	0	0	0	0
$1	119	2	4	0	1755	1.00	5950	22.12.24	09:54	1	01	5950	5950	00	8017550	0	0	0	0	0	0	0	0
$1	119	2	5	0	3033	1.00	3850	22.12.24	09:54	1	01	3850	3850	00	19354	0	0	0	0	0	0	0	0
$4	119	2	2	0	0	53750	53750
$1	119	3	1	0	0971	1.00	790	22.12.24	09:56	2	01	790	790	00	5905279799516	0	0	0	0	0	0	0	0
$1	119	3	2	0	0703	1.00	7190	22.12.24	09:56	1	01	7190	7190	00	3007037	0	0	0	0	0	0	0	0
$4	119	3	2	0	0	7980	7980
$1	119	4	1	0	1436	1.00	2990	22.12.24	10:02	1	01	2990	2990	00	10002957	0	0	0	0	0	0	0	0
$1	119	4	2	0	4524	1.00	7390	22.12.24	10:02	1	01	7390	7390	00	5903641982153	0	0	0	0	0	0	0	0
$1	119	4	3	0	4517	1.00	9990	22.12.24	10:02	1	01	9990	9990	00	10007020	0	0	0	0	0	0	0	0
$4	119	4	1	0	0	25000	25000
$4	119	4	1	0	1	4630	4630
$1	119	5	1	0	2707	1.00	2450	22.12.24	10:05	4	01	2450	2450	00	17027076	0	0	0	0	0	0	0	0
$1	119	5	2	0	2707	1.00	2450	22.12.24	10:05	4	01	2450	2450	00	17027076	0	0	0	0	0	0	0	0
$1	119	5	3	0	2011	1.00	3150	22.12.24	10:05	2	01	3150	3150	00	9020115	0	0	0	0	0	0	0	0
$1	119	5	4	0	2011	1.00	3150	22.12.24	10:05	2	01	3150	3150	00	9020115	0	0	0	0	0	0	0	0
$1	119	5	5	0	2015	1.00	4990	22.12.24	10:06	1	01	4990	4990	00	680275058281	0	0	0	0	0	0	0	0
$1	119	5	6	0	4548	1.00	4350	22.12.24	10:06	1	01	4350	4350	00	10007228	0	0	0	0	0	0	0	0
$1	119	5	7	0	0339	1.00	2990	22.12.24	10:06	1	01	2990	2990	00	5900168902374	0	0	0	0	0	0	0	0
$4	119	5	2	0	0	23530	23530
$1	119	6	1	0	2053	2.00	5700	22.12.24	10:08	1	01	5700	5700	00	11020530	0	0	0	0	0	0	0	0
$4	119	6	2	0	0	5700	5700
$1	119	7	1	0	2752	1.00	5190	22.12.24	10:35	1	01	5190	5190	00	35027522	0	0	0	0	0	0	0	0
$4	119	7	2	0	0	5190	5190
$1	119	8	1	0	4262	1.00	2750	22.12.24	10:50	1	01	2750	2750	00	10002179	0	0	0	0	0	0	0	0
$1	119	8	2	0	4250	1.00	5150	22.12.24	10:51	1	01	5150	5150	00	10002056	0	0	0	0	0	0	0	0
$4	119	8	1	0	0	10000	10000
$4	119	8	1	0	1	2100	2100
$1	119	9	1	0	0738	1.00	7500	22.12.24	11:33	1	01	7500	7500	00	3007389	0	0	0	0	0	0	0	0
$1	119	9	2	0	2500	1.00	3390	22.12.24	11:33	1	01	3390	3390	00	19859	0	0	0	0	0	0	0	0
$4	119	9	1	0	0	11000	11000
$4	119	9	1	0	1	110	110
$1	119	10	1	0	4368	1.00	2790	22.12.24	11:54	1	01	2790	2790	00	10005071	0	0	0	0	0	0	0	0
$1	119	10	2	0	4369	1.00	2190	22.12.24	11:54	1	01	2190	2190	00	10005088	0	0	0	0	0	0	0	0
$10	119	10	1	0	4368	1.00	2790	22.12.24	11:55	1	01	2790	2790	00	10005071	0	0	0	0	0	0	0	0
$1	119	10	3	0	0713	1.00	2150	22.12.24	11:56	1	01	2150	2150	00	3007136	0	0	0	0	0	0	0	0
$1	119	10	4	0	0734	1.00	4350	22.12.24	11:56	1	01	4350	4350	00	3007341	0	0	0	0	0	0	0	0
$1	119	10	5	0	1273	1.00	1650	22.12.24	11:56	1	01	1650	1650	00	8691190967253	0	0	0	0	0	0	0	0
$1	119	10	6	0	4335	1.00	7290	22.12.24	11:56	1	01	7290	7290	00	10004364	0	0	0	0	0	0	0	0
$1	119	10	7	0	4527	1.00	8890	22.12.24	11:57	1	01	8890	8890	00	6412600827699	0	0	0	0	0	0	0	0
$1	119	10	8	0	3222	1.00	5750	22.12.24	11:57	1	01	5750	5750	00	35032229	0	0	0	0	0	0	0	0
$1	119	10	9	0	3269	1.00	4887	22.12.24	11:58	1	01	4887	5750	00	14032691	0	0	0	0	0	0	0	1
$1	119	10	10	0	3011	1.00	5850	22.12.24	11:58	1	01	5850	6500	00	5903760200329	0	0	0	0	0	0	0	1
$1	119	10	11	0	1629	1.00	2690	22.12.24	11:58	1	01	2690	2690	00	5906660815969	0	0	0	0	0	0	0	0
$4	119	10	2	0	0	48487	48487
$1	119	11	1	0	4462	1.00	2790	22.12.24	12:01	1	01	2790	2790	00	4792252932814	0	0	0	0	0	0	0	0
$4	119	11	2	0	0	2790	2790
$1	119	12	1	0	0727	1.00	7990	22.12.24	12:04	1	01	7990	7990	00	3007273	0	0	0	0	0	0	0	0
$1	119	12	2	0	0731	1.00	4450	22.12.24	12:04	1	01	4450	4450	00	3007310	0	0	0	0	0	0	0	0
$4	119	12	2	0	0	12440	12440
$1	119	13	1	0	4474	1.00	4950	22.12.24	12:20	1	01	4950	4950	00	5903760205294	0	0	0	0	0	0	0	0
$1	119	13	2	0	4241	1.00	3490	22.12.24	12:20	1	01	3490	3490	00	10001097	0	0	0	0	0	0	0	0
$1	119	13	3	0	4502	1.00	2990	22.12.24	12:20	1	01	2990	2990	00	10006665	0	0	0	0	0	0	0	0
$1	119	13	4	0	4399	1.00	3950	22.12.24	12:20	1	01	3950	3950	00	10005378	0	0	0	0	0	0	0	0
$4	119	13	2	0	0	15380	15380
$1	119	14	1	0	2350	3.00	2370	22.12.24	12:22	1	01	2370	2370	00	15023506	0	0	0	0	0	0	0	0
$1	119	14	2	0	4092	1.00	3000	22.12.24	12:23	1	01	3000	3000	00	5903760202989	0	0	0	0	0	0	0	0
$1	119	14	3	0	4089	1.00	3000	22.12.24	12:24	1	01	3000	3000	00	1040890	0	0	0	0	0	0	0	0
$1	119	14	4	0	3341	1.00	3000	22.12.24	12:29	1	01	3000	3000	00	5902249015980	0	0	0	0	0	0	0	0
$1	119	14	5	0	0605	1.00	4300	22.12.24	12:29	1	01	4300	4300	00	5902249011098	0	0	0	0	0	0	0	0
$1	119	14	6	0	0603	1.00	4150	22.12.24	12:29	1	01	4150	4150	00	5902249011074	0	0	0	0	0	0	0	0
$4	119	14	2	0	0	19820	19820
$1	119	15	1	0	2015	1.00	4990	22.12.24	12:34	1	01	4990	4990	00	9020153	0	0	0	0	0	0	0	0
$1	119	15	2	0	4514	1.00	6990	22.12.24	12:34	1	01	6990	6990	00	5903641982351	0	0	0	0	0	0	0	0
$1	119	15	3	0	0530	1.00	2690	22.12.24	12:34	1	01	2690	2690	00	5907502687867	0	0	0	0	0	0	0	0
$4	119	15	1	0	0	14700	14700
$4	119	15	1	0	1	030	030
$1	119	16	1	0	2745	1.00	5390	22.12.24	12:35	1	01	5390	5390	00	35027454	0	0	0	0	0	0	0	0
$1	119	16	2	0	4167	1.00	5900	22.12.24	12:37	1	01	5900	5900	00	5902729034937	0	0	0	0	0	0	0	0
$1	119	16	3	0	3941	1.00	2250	22.12.24	12:37	1	01	2250	2250	00	8691190605155	0	0	0	0	0	0	0	0
$4	119	16	2	0	0	13540	13540
$14	01	22.12.24	13:37	4
$13	00	1	22.12.24	13:37	01	0	0	0	0	0	0	0	0	0	             
$14	01	22.12.28	09:33	4
$13	00	1	22.12.28	09:33	01	0	0	0	0	0	0	0	0	0	             
$1	120	1	1	0	0296	1.00	8450	22.12.28	10:39	1	01	8450	8450	00	10004425	0	0	0	0	0	0	0	0
$1	120	1	2	0	2168	1.00	2850	22.12.28	10:39	1	01	2850	2850	00	25454	0	0	0	0	0	0	0	0
$4	120	1	1	0	0	20000	20000
$4	120	1	1	0	1	8700	8700
$1	120	2	1	0	0048	1.000	6950	22.12.28	11:08	1	01	6950	6950	00		0	0	0	0	0	0	0	0
$4	120	2	1	0	0	10000	10000
$4	120	2	1	0	1	3050	3050
$1	120	3	1	0	3648	1.00	4392	22.12.28	11:10	1	01	4392	5490	00	9036482	0	0	0	0	0	0	0	1
$4	120	3	1	0	0	5000	5000
$4	120	3	1	0	1	608	608
$1	120	4	1	0	0333	1.00	1850	22.12.28	11:30	1	01	1850	1850	00	5900168907263	0	0	0	0	0	0	0	0
$1	120	4	2	0	4369	1.00	2190	22.12.28	11:30	1	01	2190	2190	00	10005088	0	0	0	0	0	0	0	0
$1	120	4	3	0	4368	1.00	2790	22.12.28	11:30	1	01	2790	2790	00	5903760205188	0	0	0	0	0	0	0	0
$1	120	4	4	0	3259	1.00	1550	22.12.28	11:30	1	01	1550	1550	00	5900168904385	0	0	0	0	0	0	0	0
$1	120	4	5	0	0225	1.000	250	22.12.28	11:30	1	01	250	250	00		0	0	0	0	0	0	0	0
$4	120	4	2	0	0	8630	8630
$1	120	5	1	0	1186	1.00	1250	22.12.28	11:36	2	01	1250	1250	00	5909994310810	0	0	0	0	0	0	0	0
$4	120	5	1	0	0	5000	5000
$4	120	5	1	0	1	3750	3750
$1	120	6	1	0	1234	2.00	1500	22.12.28	11:40	2	01	1500	1500	00	5909990311910	0	0	0	0	0	0	0	0
$4	120	6	2	0	0	1500	1500
$1	120	7	1	0	3293	1.00	1690	22.12.28	12:05	2	01	1690	1690	00	22032935	0	0	0	0	0	0	0	0
$4	120	7	1	0	0	5000	5000
$4	120	7	1	0	1	3310	3310
$1	120	8	1	0	2572	1.00	2232	22.12.28	12:17	2	01	2790	2790	00	17025720	0	1	0	0	0	0	0	0
$1	120	8	2	0	2542	1.00	840	22.12.28	12:17	2	01	1050	1050	00	17025423	0	1	0	0	0	0	0	0
$1	120	8	3	0	1190	1.00	472	22.12.28	12:17	2	01	590	590	00	5909990021864	0	1	0	0	0	0	0	0
$1	120	8	4	0	3300	1.00	792	22.12.28	12:17	1	01	990	990	00	22033000	0	1	0	0	0	0	0	0
$4	120	8	1	0	0	4336	4336
$1	120	9	1	0	2350	2.00	1580	22.12.28	15:19	1	01	1580	1580	00	15023506	0	0	0	0	0	0	0	0
$4	120	9	1	0	0	2000	2000
$4	120	9	1	0	1	420	420
$1	120	10	1	0	0543	1.00	3000	22.12.28	15:58	1	01	3000	3000	00	5902249010138	0	0	0	0	0	0	0	0
$1	120	10	2	0	1179	1.00	700	22.12.28	15:58	2	01	700	700	00	5909994309524	0	0	0	0	0	0	0	0
$4	120	10	2	0	0	3700	3700
$1	120	11	1	0	3702	1.00	2450	22.12.28	16:18	1	01	2450	2450	00	8691190595029	0	0	0	0	0	0	0	0
$4	120	11	2	0	0	2450	2450
$1	120	12	1	0	1519	1.00	5350	22.12.28	16:43	4	01	5350	5350	00	7015199	0	0	0	0	0	0	0	0
$4	120	12	2	0	0	5350	5350
$14	01	22.12.29	09:37	4
$13	00	1	22.12.29	09:37	01	0	0	0	0	0	0	0	0	0	             
$1	121	1	1	0	1173	1.00	275	22.12.29	10:48	2	01	275	550	00	5909990468225	0	0	0	0	0	0	0	1
$4	121	1	1	0	0	275	275
$1	121	2	1	0	0614	1.00	3450	22.12.29	11:19	1	01	3450	3450	00	5902249011203	0	0	0	0	0	0	0	0
$1	121	2	2	0	1452	1.00	1990	22.12.29	11:19	1	01	1990	1990	00	10003060	0	0	0	0	0	0	0	0
$4	121	2	2	0	0	5440	5440
$1	121	3	1	0	4487	1.00	841	22.12.29	11:29	1	01	841	990	00	10006511	0	0	0	0	0	0	0	1
$1	121	3	2	0	2488	1.00	490	22.12.29	11:30	2	01	490	490	00	20024888	0	0	0	0	0	0	0	0
$1	121	3	3	0	2491	1.00	450	22.12.29	11:30	2	01	450	450	00	20024918	0	0	0	0	0	0	0	0
$4	121	3	1	0	0	2000	2000
$4	121	3	1	0	1	219	219
$1	121	4	1	0	4487	1.00	841	22.12.29	11:31	1	01	841	990	00	10006511	0	0	0	0	0	0	0	1
$4	121	4	1	0	0	1000	1000
$4	121	4	1	0	1	159	159
$1	121	5	1	0	3903	1.00	2490	22.12.29	11:57	1	01	2490	2490	00	28039037	0	0	0	0	0	0	0	0
$4	121	5	2	0	0	2490	2490
$1	121	6	1	0	1190	1.00	590	22.12.29	12:01	2	01	590	590	00	5909990021864	0	0	0	0	0	0	0	0
$4	121	6	1	0	0	1000	1000
$4	121	6	1	0	1	410	410
$1	121	7	1	0	3240	1.00	3190	22.12.29	12:43	1	01	3190	3190	00	10002759	0	0	0	0	0	0	0	0
$4	121	7	2	0	0	3190	3190
$1	121	8	1	0	1134	1.00	560	22.12.29	12:48	2	01	560	590	00	5907752643583	0	0	0	0	0	0	0	1
$1	121	8	2	0	1134	1.00	560	22.12.29	12:48	2	01	560	590	00	5011346	0	0	0	0	0	0	0	1
$1	121	8	3	0	2596	1.00	1050	22.12.29	12:48	2	01	1050	1050	00	17025966	0	0	0	0	0	0	0	0
$1	121	8	4	0	1574	2.00	1100	22.12.29	12:49	4	01	1100	1100	00	5906660817215	0	0	0	0	0	0	0	0
$4	121	8	2	0	0	3270	3270
$1	121	9	1	0	0041	1.000	4590	22.12.29	14:34	1	01	4590	4590	00		0	0	0	0	0	0	0	0
$4	121	9	2	0	0	4590	4590
$1	121	10	1	0	4391	1.00	8406	22.12.29	14:48	1	01	8406	9890	00	10005309	0	0	0	0	0	0	0	1
$1	121	10	2	0	4414	1.00	5550	22.12.29	14:49	1	01	5550	5550	00	10005538	0	0	0	0	0	0	0	0
$1	121	10	3	0	4423	1.00	7390	22.12.29	14:49	1	01	7390	7390	00	10005620	0	0	0	0	0	0	0	0
$1	121	10	4	0	0466	1.00	2300	22.12.29	14:50	1	01	2300	2300	00	10001196	0	0	0	0	0	0	0	0
$4	121	10	2	0	0	23646	23646
$1	121	11	1	0	0182	1.000	496	22.12.29	15:02	2	01	496	620	00		0	0	0	0	0	0	0	1
$4	121	11	1	0	0	496	496
$1	121	12	1	0	2350	1.00	790	22.12.29	15:31	1	01	790	790	00	15023506	0	0	0	0	0	0	0	0
$4	121	12	1	0	0	1000	1000
$4	121	12	1	0	1	210	210
$1	121	13	1	0	1887	1.00	490	22.12.29	15:36	4	01	490	490	00	5905279799721	0	0	0	0	0	0	0	0
$1	121	13	2	0	1052	1.00	450	22.12.29	15:36	4	01	450	450	00	5907752643972	0	0	0	0	0	0	0	0
$1	121	13	3	0	0980	1.00	590	22.12.29	15:36	2	01	590	590	00	5906365702410	0	0	0	0	0	0	0	0
$1	121	13	4	0	1448	1.00	1990	22.12.29	15:37	1	01	1990	1990	00	10003022	0	0	0	0	0	0	0	0
$4	121	13	2	0	0	3520	3520
$1	121	14	1	0	0041	1.000	4290	22.12.29	16:02	1	01	4290	4290	00		0	0	0	0	0	0	0	0
$4	121	14	2	0	0	4290	4290
$1	121	15	1	0	3571	1.00	398	22.12.29	16:17	1	01	398	1990	00	6013813	0	0	0	0	0	0	0	1
$4	121	15	1	0	0	398	398
$1	121	16	1	0	3880	1.00	1062	22.12.29	17:04	1	01	1062	1250	00	10005811	0	0	0	0	0	0	0	1
$1	121	16	2	0	2503	1.00	1350	22.12.29	17:04	1	01	1350	1350	00	10003930	0	0	0	0	0	0	0	0
$4	121	16	1	0	0	2412	2412
$14	01	22.12.30	09:41	4
$13	00	1	22.12.30	09:41	01	0	0	0	0	0	0	0	0	0	             
$1	122	1	1	0	1251	1.00	275	22.12.30	09:41	2	01	275	550	00	5909994308527	0	0	0	0	0	0	0	1
$4	122	1	1	0	0	275	275
$1	122	2	1	0	1133	1.00	1250	22.12.30	10:06	4	01	1250	1250	00	5011339	0	0	0	0	0	0	0	0
$4	122	2	1	0	0	2000	2000
$4	122	2	1	0	1	750	750
$1	122	3	1	0	0365	1.00	1150	22.12.30	10:25	1	01	1150	1150	00	5905279370142	0	0	0	0	0	0	0	0
$1	122	3	2	0	4369	1.00	2190	22.12.30	10:26	1	01	2190	2190	00	10005088	0	0	0	0	0	0	0	0
$4	122	3	2	0	0	3340	3340
$1	122	4	1	0	2277	1.00	2600	22.12.30	10:30	1	01	2600	2600	00	5902249014808	0	0	0	0	0	0	0	0
$4	122	4	2	0	0	2600	2600
$1	122	5	1	0	1804	1.00	2590	22.12.30	11:04	1	01	2590	2590	00	8018045	0	0	0	0	0	0	0	0
$1	122	5	2	0	1805	1.00	2590	22.12.30	11:04	1	01	2590	2590	00	8018052	0	0	0	0	0	0	0	0
$4	122	5	1	0	0	5180	5180
$1	122	6	1	0	1788	1.00	11000	22.12.30	11:25	1	01	11000	11000	00	8017888	0	0	0	0	0	0	0	0
$1	122	6	2	0	0294	1.00	8350	22.12.30	11:25	1	01	8350	8350	00	154	0	0	0	0	0	0	0	0
$1	122	6	3	0	3784	1.00	2450	22.12.30	11:25	1	01	2450	2450	00	11563	0	0	0	0	0	0	0	0
$1	122	6	4	0	1881	1.00	5290	22.12.30	11:25	1	01	5290	5290	00	8018816	0	0	0	0	0	0	0	0
$1	122	6	5	0	3448	1.00	1250	22.12.30	11:25	1	01	1250	1250	00	8691190842222	0	0	0	0	0	0	0	0
$1	122	6	6	0	1369	1.00	890	22.12.30	11:25	1	01	890	890	00	8691190142018	0	0	0	0	0	0	0	0
$4	122	6	1	0	0	30000	30000
$4	122	6	1	0	1	770	770
$1	122	7	1	0	3138	1.00	1150	22.12.30	12:16	2	01	1150	1150	00	20031381	0	0	0	0	0	0	0	0
$1	122	7	2	0	3058	1.00	950	22.12.30	12:17	2	01	950	950	00	10003893	0	0	0	0	0	0	0	0
$1	122	7	3	0	2742	1.00	5800	22.12.30	12:17	1	01	5800	5800	00	35027423	0	0	0	0	0	0	0	0
$1	122	7	4	0	4549	1.00	6900	22.12.30	12:18	1	01	6900	6900	00	10007235	0	0	0	0	0	0	0	0
$1	122	7	5	0	0371	1.00	1790	22.12.30	12:18	1	01	1790	1790	00	5906874565292	0	0	0	0	0	0	0	0
$1	122	7	6	0	1832	1.00	2150	22.12.30	12:18	1	01	2150	2150	00	8018328	0	0	0	0	0	0	0	0
$1	122	7	7	0	0478	1.00	3650	22.12.30	12:18	1	01	3650	3650	00	5907502687355	0	0	0	0	0	0	0	0
$1	122	7	8	0	0470	1.00	4100	22.12.30	12:18	1	01	4100	4100	00	5907502687263	0	0	0	0	0	0	0	0
$1	122	7	9	0	3011	1.00	5525	22.12.30	12:18	1	01	5525	6500	00	1030112	0	0	0	0	0	0	0	1
$4	122	7	2	0	0	32015	32015
$1	122	8	1	0	4034	1.00	990	22.12.30	12:25	2	01	990	990	00	19903	0	0	0	0	0	0	0	0
$1	122	8	2	0	3023	1.00	650	22.12.30	12:47	2	01	650	650	00	10003688	0	0	0	0	0	0	0	0
$1	122	8	3	0	0093	1.000	490	22.12.30	12:47	3	01	490	490	00		0	0	0	0	0	0	0	0
$4	122	8	1	0	0	5000	5000
$4	122	8	1	0	1	2870	2870
$1	122	9	1	0	2519	1.00	2550	22.12.30	13:15	2	01	2550	2550	00	17025195	0	0	0	0	0	0	0	0
$4	122	9	2	0	0	2550	2550
$1	122	10	1	0	1107	1.00	450	22.12.30	13:18	2	01	450	450	00	5909994311466	0	0	0	0	0	0	0	0
$4	122	10	1	0	0	450	450
$1	122	11	1	0	0450	1.00	4300	22.12.30	13:36	1	01	4300	4300	00	5907502687157	0	0	0	0	0	0	0	0
$1	122	11	2	0	2050	1.00	2850	22.12.30	13:36	1	01	2850	2850	00	11020509	0	0	0	0	0	0	0	0
$1	122	11	3	0	2053	2.00	5700	22.12.30	13:37	1	01	5700	5700	00	11020530	0	0	0	0	0	0	0	0
$4	122	11	2	0	0	12850	12850
$1	122	12	1	0	2053	1.00	2850	22.12.30	14:26	1	01	2850	2850	00	11020530	0	0	0	0	0	0	0	0
$4	122	12	2	0	0	2850	2850
$1	122	13	1	0	3078	1.00	300	22.12.30	14:58	2	01	300	300	00	20030780	0	0	0	0	0	0	0	0
$1	122	13	2	0	2484	1.00	450	22.12.30	14:58	4	01	450	450	00	20024840	0	0	0	0	0	0	0	0
$1	122	13	3	0	1134	1.00	560	22.12.30	14:58	2	01	560	590	00	5011346	0	0	0	0	0	0	0	1
$1	122	13	4	0	1134	1.00	560	22.12.30	14:58	2	01	560	590	00	5011346	0	0	0	0	0	0	0	1
$1	122	13	5	0	3209	1.00	1750	22.12.30	14:58	1	01	1750	1750	00	21032097	0	0	0	0	0	0	0	0
$1	122	13	6	0	0469	1.00	2500	22.12.30	14:58	1	01	2500	2500	00	5907502687294	0	0	0	0	0	0	0	0
$1	122	13	7	0	4246	1.00	3900	22.12.30	14:58	1	01	3900	3900	00	5902249016857	0	0	0	0	0	0	0	0
$1	122	13	8	0	0557	1.00	2600	22.12.30	14:58	1	01	2600	2600	00	5902249010411	0	0	0	0	0	0	0	0
$4	122	13	2	0	0	12620	12620
$1	122	14	1	0	2944	1.00	1490	22.12.30	15:23	1	01	1490	1490	00	8691190466039	0	0	0	0	0	0	0	0
$4	122	14	1	0	0	10000	10000
$4	122	14	1	0	1	8510	8510
$1	122	15	1	0	4551	1.00	5190	22.12.30	16:09	1	01	5190	5190	00	10007259	0	0	0	0	0	0	0	0
$4	122	15	2	0	0	5190	5190
$1	122	16	1	0	1233	1.00	700	22.12.30	16:23	2	01	700	700	00	5909990628223	0	0	0	0	0	0	0	0
$4	122	16	2	0	0	700	700
$1	122	17	1	0	4413	1.00	4802	22.12.30	16:24	1	01	4802	5650	00	10005521	0	0	0	0	0	0	0	1
$4	122	17	2	0	0	4802	4802
$14	01	22.12.31	09:31	4
$13	00	1	22.12.31	09:31	01	0	0	0	0	0	0	0	0	0	             
$1	123	1	1	0	0894	1.00	4500	22.12.31	09:52	1	01	4500	4500	00	5902596416300	0	0	0	0	0	0	0	0
$4	123	1	1	0	0	10000	10000
$4	123	1	1	0	1	5500	5500
$1	123	2	1	0	3741	1.00	1100	22.12.31	10:06	1	01	1100	1100	00	8691190603038	0	0	0	0	0	0	0	0
$4	123	2	1	0	0	1100	1100
$1	123	3	1	0	3901	1.00	950	22.12.31	10:08	1	01	950	950	00	28039013	0	0	0	0	0	0	0	0
$4	123	3	2	0	0	950	950
$1	123	4	1	0	3901	2.00	1900	22.12.31	10:18	1	01	1900	1900	00	28039013	0	0	0	0	0	0	0	0
$4	123	4	2	0	0	1900	1900
$1	123	5	1	0	2663	1.00	790	22.12.31	11:30	4	01	790	790	00	17026635	0	0	0	0	0	0	0	0
$4	123	5	1	0	0	790	790
$1	123	6	1	0	0041	1.000	4290	22.12.31	11:46	1	01	4290	4290	00		0	0	0	0	0	0	0	0
$1	123	6	2	0	2542	1.00	1050	22.12.31	11:47	2	01	1050	1050	00	17025423	0	0	0	0	0	0	0	0
$4	123	6	2	0	0	5340	5340
$1	123	7	1	0	1527	1.00	3650	22.12.31	11:50	4	01	3650	3650	00	7015274	0	0	0	0	0	0	0	0
$1	123	7	2	0	3152	1.00	2500	22.12.31	11:50	1	01	2500	2500	00	5902249015775	0	0	0	0	0	0	0	0
$4	123	7	1	0	0	6150	6150
$1	123	8	1	0	1178	2.00	900	22.12.31	11:55	2	01	900	900	00	5909990628360	0	0	0	0	0	0	0	0
$1	123	8	2	0	3498	1.00	990	22.12.31	11:58	1	01	990	990	00	635	0	0	0	0	0	0	0	0
$4	123	8	2	0	0	1890	1890
$1	123	9	1	0	2024	1.00	1990	22.12.31	11:59	1	01	1990	2490	00	10020241	0	0	0	0	0	0	0	1
$1	123	9	2	0	2024	1.00	1990	22.12.31	11:59	1	01	1990	2490	00	10020241	0	0	0	0	0	0	0	1
$1	123	9	3	0	0297	1.00	2000	22.12.31	11:59	1	01	2000	2000	00	10004340	0	0	0	0	0	0	0	0
$4	123	9	2	0	0	5980	5980
$1	123	10	1	0	0027	1.000	3490	22.12.31	12:14	1	01	3490	3490	00		0	0	0	0	0	0	0	0
$1	123	10	2	0	2350	2.00	1580	22.12.31	12:15	1	01	1580	1580	00	15023506	0	0	0	0	0	0	0	0
$4	123	10	2	0	0	5070	5070
$1	123	11	1	0	1054	1.00	550	22.12.31	12:16	4	01	550	550	00	5907752643873	0	0	0	0	0	0	0	0
$1	123	11	2	0	2434	1.00	2790	22.12.31	12:18	1	01	2790	2790	00	16024342	0	0	0	0	0	0	0	0
$1	123	11	3	0	2395	1.00	2450	22.12.31	12:18	1	01	2450	2450	00	16023956	0	0	0	0	0	0	0	0
$1	123	11	4	0	2367	1.00	2490	22.12.31	12:18	1	01	2490	2490	00	16023673	0	0	0	0	0	0	0	0
$4	123	11	2	0	0	8280	8280
$1	123	12	1	0	1189	1.00	590	22.12.31	12:47	2	01	590	590	00	5909994310711	0	0	0	0	0	0	0	0
$1	123	12	2	0	4548	1.00	4350	22.12.31	12:48	1	01	4350	4350	00	10007228	0	0	0	0	0	0	0	0
$4	123	12	1	0	0	5000	5000
$4	123	12	1	0	1	060	060
$14	01	22.12.31	13:50	4
$13	00	1	22.12.31	13:50	01	0	0	0	0	0	0	0	0	0	             
$14	01	23.01.02	09:23	4
$13	00	1	23.01.02	09:23	01	0	0	0	0	0	0	0	0	0	             
$14	01	23.01.02	14:54	4
$13	00	1	23.01.02	14:54	01	0	0	0	0	0	0	0	0	0	             
$14	01	23.01.03	18:15	4
$13	00	1	23.01.03	18:15	01	0	0	0	0	0	0	0	0	0	             
$14	01	23.01.05	12:13	4
$13	00	1	23.01.05	12:14	01	0	0	0	0	0	0	0	0	0	             
$14	01	23.01.05	12:32	4
$13	00	1	23.01.05	12:32	01	0	0	0	0	0	0	0	0	0	             
$14	01	23.01.07	09:31	4
$13	00	1	23.01.07	09:31	01	0	0	0	0	0	0	0	0	0	             
$1	124	1	1	0	1040	2.00	900	23.01.07	09:34	2	01	900	900	00	5906365702847	0	0	0	0	0	0	0	0
$4	124	1	1	0	0	900	900
$1	124	2	1	0	0775	1.00	3955	23.01.07	09:38	1	01	5650	5650	00	3007754	0	1	0	0	0	0	0	0
$1	124	2	2	0	0711	1.00	4515	23.01.07	09:38	1	01	6450	6450	00	3007112	0	1	0	0	0	0	0	0
$1	124	2	3	0	3464	1.00	4130	23.01.07	09:38	1	01	5900	5900	00	3034644	0	1	0	0	0	0	0	0
$4	124	2	1	0	0	12600	12600
$1	124	3	1	0	4426	1.00	5890	23.01.07	09:57	1	01	5890	5890	00	10005651	0	0	0	0	0	0	0	0
$4	124	3	1	0	0	10000	10000
$4	124	3	1	0	1	4110	4110
$1	124	4	1	0	1097	1.00	400	23.01.07	10:38	4	01	400	400	00	5909994310568	0	0	0	0	0	0	0	0
$4	124	4	1	0	0	400	400
$1	124	5	1	0	0027	1.000	3890	23.01.07	11:21	1	01	3890	3890	00		0	0	0	0	0	0	0	0
$1	124	5	2	0	1186	1.00	1250	23.01.07	11:21	2	01	1250	1250	00	5909994310810	0	0	0	0	0	0	0	0
$4	124	5	2	0	0	5140	5140
$1	124	6	1	0	4450	1.00	3550	23.01.07	12:10	1	01	3550	3550	00	10006153	0	0	0	0	0	0	0	0
$1	124	6	2	0	3095	1.00	750	23.01.07	12:10	2	01	750	750	00	10003985	0	0	0	0	0	0	0	0
$4	124	6	1	0	0	5000	5000
$4	124	6	1	0	1	700	700
$1	124	7	1	0	3058	1.00	950	23.01.07	12:10	2	01	950	950	00	10003893	0	0	0	0	0	0	0	0
$4	124	7	1	0	0	950	950
$1	124	8	1	0	1191	1.00	450	23.01.07	12:30	2	01	450	450	00	5909990628490	0	0	0	0	0	0	0	0
$1	124	8	2	0	1012	1.00	890	23.01.07	12:31	4	01	890	890	00	5909994310865	0	0	0	0	0	0	0	0
$4	124	8	2	0	0	1340	1340
$1	124	9	1	0	1189	1.00	590	23.01.07	12:47	2	01	590	590	00	5909994310711	0	0	0	0	0	0	0	0
$4	124	9	1	0	0	590	590
$1	124	10	1	0	4022	1.00	3090	23.01.07	12:53	1	01	3090	3090	00	8691190375034	0	0	0	0	0	0	0	0
$1	124	10	2	0	1277	1.00	1550	23.01.07	12:53	1	01	1550	1550	00	8691190070120	0	0	0	0	0	0	0	0
$1	124	10	3	0	0458	1.00	990	23.01.07	12:53	1	01	990	1300	00	5907502687072	0	0	0	0	0	0	0	1
$4	124	10	1	0	0	5630	5630
$1	124	11	1	0	4227	1.00	1290	23.01.07	12:57	1	01	1290	1290	00	8691190864170	0	0	0	0	0	0	0	0
$1	124	11	2	0	2024	1.00	2490	23.01.07	12:57	1	01	2490	2490	00	10020241	0	0	0	0	0	0	0	0
$4	124	11	2	0	0	3780	3780
$14	01	23.01.10	09:28	4
$13	00	1	23.01.10	09:28	01	0	0	0	0	0	0	0	0	0	             
$1	125	1	1	0	4438	2.00	7900	23.01.10	10:05	1	01	7900	7900	00	10005774	0	0	0	0	0	0	0	0
$1	125	1	2	0	4406	1.00	4950	23.01.10	10:06	1	01	4950	4950	00	10005453	0	0	0	0	0	0	0	0
$4	125	1	2	0	0	12850	12850
$1	125	2	1	0	2395	1.00	2450	23.01.10	10:28	1	01	2450	2450	00	16023956	0	0	0	0	0	0	0	0
$4	125	2	2	0	0	2450	2450
$1	125	3	1	0	4061	1.00	3990	23.01.10	11:05	1	01	3990	3990	00	4250382202998	0	0	0	0	0	0	0	0
$4	125	3	2	0	0	3990	3990
$1	125	4	1	0	3400	1.00	3090	23.01.10	11:41	1	01	3090	3090	00	10005965	0	0	0	0	0	0	0	0
$4	125	4	2	0	0	3090	3090
$12	125	1	1	0	4283	1.00	7590	23.01.10	11:43	1	01	7590	7590	00	10002339	0	0	0	0	0	0	0	0
$12	125	1	2	0	0006	1.000	4190	23.01.10	11:43	1	01	4190	4190	00		0	0	0	0	0	0	0	0
$12	125	1	3	0	0006	1.000	3500	23.01.10	11:45	1	01	3500	3500	00		0	0	0	0	0	0	0	0
$1	125	5	1	0	0006	1.000	3500	23.01.10	11:46	1	01	3500	3500	00		0	0	0	0	0	0	0	0
$1	125	5	2	0	1913	1.00	1790	23.01.10	11:46	1	01	1790	1790	00	9019133	0	0	0	0	0	0	0	0
$4	125	5	2	0	0	5290	5290
$1	125	6	1	0	1112	1.00	690	23.01.10	11:53	2	01	690	690	00	5906365702267	0	0	0	0	0	0	0	0
$4	125	6	1	0	0	2000	2000
$4	125	6	1	0	1	1310	1310
$1	125	7	1	0	2391	1.00	2890	23.01.10	13:40	1	01	2890	2890	00	16023918	0	0	0	0	0	0	0	0
$1	125	7	2	0	4504	1.00	2950	23.01.10	13:40	1	01	2950	2950	00	10006689	0	0	0	0	0	0	0	0
$4	125	7	1	0	0	5840	5840
$1	125	8	1	0	4034	1.00	495	23.01.10	14:53	2	01	990	990	00	19903	0	1	0	0	0	0	0	0
$1	125	8	2	0	3125	1.00	425	23.01.10	14:54	2	01	850	850	00	10004005	0	1	0	0	0	0	0	0
$4	125	8	1	0	0	920	920
$1	125	9	1	0	3651	1.00	3450	23.01.10	15:38	1	01	3450	3450	00	9036512	0	0	0	0	0	0	0	0
$4	125	9	2	0	0	3450	3450
$1	125	10	1	0	2056	1.00	5990	23.01.10	15:40	1	01	5990	5990	00	11020561	0	0	0	0	0	0	0	0
$4	125	10	2	0	0	5990	5990
$1	125	11	1	0	2053	1.00	2850	23.01.10	15:54	1	01	2850	2850	00	11020530	0	0	0	0	0	0	0	0
$1	125	11	2	0	2053	1.00	2850	23.01.10	15:55	1	01	2850	2850	00	11020530	0	0	0	0	0	0	0	0
$4	125	11	1	0	0	10000	10000
$4	125	11	1	0	1	4300	4300
$1	125	12	1	0	3095	1.00	750	23.01.10	16:08	2	01	750	750	00	10003985	0	0	0	0	0	0	0	0
$1	125	12	2	0	2347	1.00	4290	23.01.10	16:08	1	01	4290	4290	00	4023470	0	0	0	0	0	0	0	0
$4	125	12	1	0	0	5040	5040
$14	01	23.01.11	09:38	4
$13	00	1	23.01.11	09:38	01	0	0	0	0	0	0	0	0	0	             
$1	126	1	1	0	2391	1.00	2890	23.01.11	10:48	1	01	2890	2890	00	16023918	0	0	0	0	0	0	0	0
$4	126	1	2	0	0	2890	2890
$1	126	2	1	0	1249	1.00	790	23.01.11	10:54	2	01	790	790	00	5909994310667	0	0	0	0	0	0	0	0
$4	126	2	1	0	0	5000	5000
$4	126	2	1	0	1	4210	4210
$1	126	3	1	0	0983	1.00	750	23.01.11	11:42	4	01	750	750	00	5009831	0	0	0	0	0	0	0	0
$1	126	3	2	0	1032	1.00	890	23.01.11	11:42	4	01	890	890	00	5010325	0	0	0	0	0	0	0	0
$4	126	3	1	0	0	2000	2000
$4	126	3	1	0	1	360	360
$1	126	4	1	0	4202	1.00	390	23.01.11	11:57	1	01	390	390	00	8691190801069	0	0	0	0	0	0	0	0
$4	126	4	1	0	0	390	390
$1	126	5	1	0	1111	2.00	1100	23.01.11	12:00	2	01	1100	1100	00	5906365702304	0	0	0	0	0	0	0	0
$4	126	5	1	0	0	1100	1100
$1	126	6	1	0	2024	1.00	2490	23.01.11	12:18	1	01	2490	2490	00	10020241	0	0	0	0	0	0	0	0
$4	126	6	2	0	0	2490	2490
$1	126	7	1	0	4295	1.00	11450	23.01.11	12:34	1	01	11450	11450	00	10002582	0	0	0	0	0	0	0	0
$4	126	7	1	0	0	15000	15000
$4	126	7	1	0	1	3550	3550
$1	126	8	1	0	1230	1.00	450	23.01.11	12:51	2	01	450	450	00	5909994310766	0	0	0	0	0	0	0	0
$4	126	8	1	0	0	1000	1000
$4	126	8	1	0	1	550	550
$1	126	9	1	0	3902	1.00	1390	23.01.11	12:56	1	01	1390	1390	00	28039020	0	0	0	0	0	0	0	0
$4	126	9	1	0	0	2000	2000
$4	126	9	1	0	1	610	610
$1	126	10	1	0	3140	1.00	1090	23.01.11	13:10	2	01	1090	1090	00	20031404	0	0	0	0	0	0	0	0
$4	126	10	2	0	0	1090	1090
$1	126	11	1	0	0521	1.00	1090	23.01.11	13:39	1	01	1090	1090	00	8691190890643	0	0	0	0	0	0	0	0
$4	126	11	2	0	0	1090	1090
$1	126	12	1	0	1112	2.00	1380	23.01.11	14:16	2	01	1380	1380	00	5906365702267	0	0	0	0	0	0	0	0
$1	126	12	2	0	1210	1.00	400	23.01.11	14:16	2	01	400	400	00	5909994310360	0	0	0	0	0	0	0	0
$1	126	12	3	0	0997	1.00	450	23.01.11	14:16	2	01	450	450	00	5906365702083	0	0	0	0	0	0	0	0
$1	126	12	4	0	0964	1.00	590	23.01.11	14:16	2	01	590	590	00	5905279799585	0	0	0	0	0	0	0	0
$1	126	12	5	0	2350	4.00	3160	23.01.11	14:22	1	01	3160	3160	00	15023506	0	0	0	0	0	0	0	0
$4	126	12	2	0	0	5980	5980
$1	126	13	1	0	2350	3.00	2370	23.01.11	14:24	1	01	2370	2370	00	15023506	0	0	0	0	0	0	0	0
$1	126	13	2	0	1055	1.00	950	23.01.11	14:24	4	01	950	950	00	5905279799141	0	0	0	0	0	0	0	0
$4	126	13	2	0	0	3320	3320
$1	126	14	1	0	3902	1.00	1390	23.01.11	14:40	1	01	1390	1390	00	28039020	0	0	0	0	0	0	0	0
$1	126	14	2	0	3903	1.00	2490	23.01.11	14:40	1	01	2490	2490	00	28039037	0	0	0	0	0	0	0	0
$1	126	14	3	0	1573	1.00	550	23.01.11	14:41	4	01	550	550	00	5906660817208	0	0	0	0	0	0	0	0
$4	126	14	2	0	0	4430	4430
$1	126	15	1	0	2053	1.00	2850	23.01.11	15:01	1	01	2850	2850	00	11020530	0	0	0	0	0	0	0	0
$1	126	15	2	0	2050	1.00	2850	23.01.11	15:01	1	01	2850	2850	00	11020509	0	0	0	0	0	0	0	0
$1	126	15	3	0	0571	1.00	1300	23.01.11	15:01	1	01	1300	1300	00	5902249011142	0	0	0	0	0	0	0	0
$4	126	15	2	0	0	7000	7000
$1	126	16	1	0	2168	1.00	2850	23.01.11	15:39	1	01	2850	2850	00	25454	0	0	0	0	0	0	0	0
$1	126	16	2	0	3969	1.00	1550	23.01.11	15:39	1	01	1550	1550	00	8691190903213	0	0	0	0	0	0	0	0
$4	126	16	2	0	0	4400	4400
$1	126	17	1	0	1513	1.00	2190	23.01.11	15:48	4	01	2190	2190	00	7015137	0	0	0	0	0	0	0	0
$4	126	17	2	0	0	2190	2190
$1	126	18	1	0	0980	3.00	1770	23.01.11	16:09	2	01	1770	1770	00	5906365702410	0	0	0	0	0	0	0	0
$4	126	18	1	0	0	5000	5000
$4	126	18	1	0	1	3230	3230
$1	126	19	1	0	3508	1.00	2950	23.01.11	16:11	1	01	2950	2950	00	24035088	0	0	0	0	0	0	0	0
$1	126	19	2	0	4257	1.00	3990	23.01.11	16:11	1	01	3990	3990	00	10002124	0	0	0	0	0	0	0	0
$1	126	19	3	0	2024	1.00	1590	23.01.11	16:13	1	01	1590	2490	00	10020241	0	0	0	0	0	0	0	1
$4	126	19	1	0	0	8530	8530
$1	126	20	1	0	4075	1.00	3000	23.01.11	16:26	1	01	3000	3000	00	1040753	0	0	0	0	0	0	0	0
$4	126	20	2	0	0	3000	3000
$1	126	21	1	0	1209	1.00	690	23.01.11	17:16	2	01	690	690	00	5909990628605	0	0	0	0	0	0	0	0
$4	126	21	2	0	0	690	690
$14	01	23.01.12	09:34	4
$13	00	1	23.01.12	09:34	01	0	0	0	0	0	0	0	0	0	             
$1	127	1	1	0	1068	1.00	650	23.01.12	10:47	2	01	650	650	00	5905279799400	0	0	0	0	0	0	0	0
$4	127	1	1	0	0	650	650
$1	127	2	1	0	0856	1.00	7900	23.01.12	11:22	1	01	7900	7900	00	4008569	0	0	0	0	0	0	0	0
$1	127	2	2	0	0855	1.00	7900	23.01.12	11:22	1	01	7900	7900	00	4008552	0	0	0	0	0	0	0	0
$1	127	2	3	0	0570	1.00	690	23.01.12	11:22	1	01	690	690	00	5902249010503	0	0	0	0	0	0	0	0
$1	127	2	4	0	0608	1.00	850	23.01.12	11:22	1	01	850	850	00	5902249011050	0	0	0	0	0	0	0	0
$1	127	2	5	0	3242	1.00	2000	23.01.12	11:22	1	01	2000	2000	00	10003367	0	0	0	0	0	0	0	0
$4	127	2	1	0	0	20000	20000
$4	127	2	1	0	1	660	660
$1	127	3	1	0	4504	1.00	2950	23.01.12	12:03	1	01	2950	2950	00	10006689	0	0	0	0	0	0	0	0
$4	127	3	1	0	0	10000	10000
$4	127	3	1	0	1	7050	7050
$1	127	4	1	0	2506	1.00	950	23.01.12	12:26	1	01	950	950	00	20025069	0	0	0	0	0	0	0	0
$1	127	4	2	0	2711	1.00	1990	23.01.12	12:26	2	01	1990	1990	00	17027113	0	0	0	0	0	0	0	0
$1	127	4	3	0	4060	1.00	6650	23.01.12	12:26	2	01	6650	6650	00	27040607	0	0	0	0	0	0	0	0
$1	127	4	4	0	1561	2.00	7300	23.01.12	12:26	4	01	7300	7300	00	5907804205769	0	0	0	0	0	0	0	0
$1	127	4	5	0	2350	2.00	1580	23.01.12	12:27	1	01	1580	1580	00	15023506	0	0	0	0	0	0	0	0
$4	127	4	2	0	0	18470	18470
$1	127	5	1	0	0499	1.00	2800	23.01.12	12:31	1	01	2800	2800	00	5907502687553	0	0	0	0	0	0	0	0
$1	127	5	2	0	0498	1.00	2500	23.01.12	12:31	1	01	2500	2500	00	5907502687546	0	0	0	0	0	0	0	0
$4	127	5	2	0	0	5300	5300
$1	127	6	1	0	0372	1.00	1790	23.01.12	13:21	1	01	1790	1790	00	5906874565278	0	0	0	0	0	0	0	0
$4	127	6	1	0	0	2000	2000
$4	127	6	1	0	1	210	210
$1	127	7	1	0	3522	1.00	2490	23.01.12	14:00	1	01	2490	2490	00	710	0	0	0	0	0	0	0	0
$1	127	7	2	0	4116	1.00	1990	23.01.12	14:01	1	01	1990	1990	00	10000403	0	0	0	0	0	0	0	0
$4	127	7	2	0	0	4480	4480
$12	127	1	1	0	3058	1.00	950	23.01.12	14:29	2	01	950	950	00	10003893	0	0	0	0	0	0	0	0
$12	127	1	2	0	3410	1.00	3150	23.01.12	14:29	1	01	3150	3150	00	10006047	0	0	0	0	0	0	0	0
$12	127	1	3	0	3401	1.00	3090	23.01.12	14:29	1	01	3090	3090	00	10005972	0	0	0	0	0	0	0	0
$12	127	1	4	0	1479	1.00	3390	23.01.12	14:30	4	01	3390	3390	00	5907804205332	0	0	0	0	0	0	0	0
$1	127	8	1	0	0027	1.000	2950	23.01.12	14:47	1	01	2950	2950	00		0	0	0	0	0	0	0	0
$1	127	8	2	0	2752	1.00	5190	23.01.12	14:47	1	01	5190	5190	00	35027522	0	0	0	0	0	0	0	0
$4	127	8	2	0	0	8140	8140
$1	127	9	1	0	1184	4.00	1800	23.01.12	15:08	2	01	1800	1800	00	5909990628377	0	0	0	0	0	0	0	0
$4	127	9	2	0	0	1800	1800
$1	127	10	1	0	0093	1.000	490	23.01.12	15:52	3	01	490	490	00		0	0	0	0	0	0	0	0
$4	127	10	1	0	0	490	490
$1	127	11	1	0	1914	1.00	1790	23.01.12	16:21	1	01	1790	1790	00	680275029083	0	0	0	0	0	0	0	0
$4	127	11	2	0	0	1790	1790
$1	127	12	1	0	2370	1.00	2490	23.01.12	16:22	1	01	2490	2490	00	16023703	0	0	0	0	0	0	0	0
$1	127	12	2	0	2395	1.00	2450	23.01.12	16:23	1	01	2450	2450	00	16023956	0	0	0	0	0	0	0	0
$1	127	12	3	0	2436	1.00	2590	23.01.12	16:23	1	01	2590	2590	00	16024366	0	0	0	0	0	0	0	0
$1	127	12	4	0	2707	1.00	2450	23.01.12	16:24	4	01	2450	2450	00	17027076	0	0	0	0	0	0	0	0
$4	127	12	2	0	0	9980	9980
$1	127	13	1	0	1821	2.00	4300	23.01.12	17:16	1	01	4300	4300	00	5701278288149	0	0	0	0	0	0	0	0
$4	127	13	2	0	0	4300	4300
$1	128	1	1	0	2328	1.00	750	23.01.13	10:51	2	01	750	750	00	20023287	0	0	0	0	0	0	0	0
$4	128	1	1	0	0	750	750
$1	128	2	1	0	1179	1.00	550	23.01.13	10:58	2	01	550	550	00	5909994309524	0	0	0	0	0	0	0	0
$1	128	2	2	0	1097	1.00	550	23.01.13	10:58	2	01	550	550	00	5909994310568	0	0	0	0	0	0	0	0
$1	128	2	3	0	1107	1.00	700	23.01.13	10:58	2	01	700	700	00	5909994311466	0	0	0	0	0	0	0	0
$1	128	2	4	0	1221	1.00	450	23.01.13	10:58	2	01	450	450	00	5909990224616	0	0	0	0	0	0	0	0
$4	128	2	1	0	0	10000	10000
$4	128	2	1	0	1	7750	7750
$1	128	3	1	0	4554	1.00	9990	23.01.13	11:01	2	01	9990	9990	00	10007280	0	0	0	0	0	0	0	0
$4	128	3	1	0	0	9990	9990
$1	128	4	1	0	0514	1.00	3090	23.01.13	11:12	1	01	3090	3090	00	5907502687744	0	0	0	0	0	0	0	0
$1	128	4	2	0	4133	1.00	3750	23.01.13	11:12	1	01	3750	3750	00	10000649	0	0	0	0	0	0	0	0
$4	128	4	2	0	0	6840	6840
$1	128	5	1	0	0297	1.00	2000	23.01.13	11:37	1	01	2000	2000	00	10004340	0	0	0	0	0	0	0	0
$1	128	5	2	0	0195	1.000	390	23.01.13	11:37	1	01	390	390	00		0	0	0	0	0	0	0	0
$4	128	5	2	0	0	2390	2390
$1	128	6	1	0	0041	1.000	2490	23.01.13	11:43	1	01	2490	2490	00		0	0	0	0	0	0	0	0
$4	128	6	1	0	0	10000	10000
$4	128	6	1	0	1	7510	7510
$1	128	7	1	0	2542	1.00	1050	23.01.13	12:17	2	01	1050	1050	00	17025423	0	0	0	0	0	0	0	0
$4	128	7	2	0	0	1050	1050
$1	128	8	1	0	2828	1.00	14690	23.01.13	14:50	1	01	14690	14690	00	10004371	0	0	0	0	0	0	0	0
$1	128	8	2	0	2827	1.00	13650	23.01.13	14:50	1	01	13650	13650	00	10004395	0	0	0	0	0	0	0	0
$1	128	8	3	0	3236	1.00	4750	23.01.13	14:50	1	01	4750	4750	00	10004456	0	0	0	0	0	0	0	0
$1	128	8	4	0	0881	1.00	5490	23.01.13	14:50	1	01	5490	5490	00	5906395235018	0	0	0	0	0	0	0	0
$1	128	8	5	0	2328	1.00	750	23.01.13	14:50	2	01	750	750	00	20023287	0	0	0	0	0	0	0	0
$4	128	8	2	0	0	39330	39330
$1	128	9	1	0	3901	1.00	950	23.01.13	14:52	1	01	950	950	00	28039013	0	0	0	0	0	0	0	0
$4	128	9	2	0	0	950	950
$1	128	10	1	0	3903	1.00	2490	23.01.13	14:55	1	01	2490	2490	00	28039037	0	0	0	0	0	0	0	0
$4	128	10	2	0	0	2490	2490
$1	128	11	1	0	2053	1.00	2850	23.01.13	15:01	1	01	2850	2850	00	11020530	0	0	0	0	0	0	0	0
$4	128	11	2	0	0	2850	2850
$1	128	12	1	0	2430	1.00	2790	23.01.13	16:11	1	01	2790	2790	00	16024304	0	0	0	0	0	0	0	0
$4	128	12	2	0	0	2790	2790
$1	128	13	1	0	1377	1.00	1850	23.01.13	16:34	1	01	1850	1850	00	8691190965426	0	0	0	0	0	0	0	0
$1	128	13	2	0	0988	1.00	590	23.01.13	16:34	4	01	590	590	00	5009886	0	0	0	0	0	0	0	0
$1	128	13	3	0	3082	1.00	1990	23.01.13	16:34	1	01	1990	1990	00	20025007	0	0	0	0	0	0	0	0
$4	128	13	2	0	0	4430	4430
$1	128	14	1	0	4545	1.00	5190	23.01.13	16:39	1	01	5190	5190	00	10007198	0	0	0	0	0	0	0	0
$4	128	14	2	0	0	5190	5190
$1	128	15	1	0	1564	1.00	4480	23.01.13	17:03	4	01	4480	6400	00	7015649	0	0	0	0	0	0	0	1
$1	128	15	2	0	1495	1.00	5437	23.01.13	17:03	4	01	5437	7250	00	7014956	0	0	0	0	0	0	0	1
$4	128	15	1	0	0	9917	9917
$1	129	1	1	0	3901	3.00	2850	23.01.14	10:27	1	01	2850	2850	00	28039013	0	0	0	0	0	0	0	0
$4	129	1	1	0	0	4000	4000
$4	129	1	1	0	1	1150	1150
$1	129	2	1	0	2350	2.00	1580	23.01.14	10:28	1	01	1580	1580	00	15023506	0	0	0	0	0	0	0	0
$4	129	2	1	0	0	1580	1580
$1	129	3	1	0	1177	1.00	750	23.01.14	10:40	2	01	750	750	00	5909994311312	0	0	0	0	0	0	0	0
$4	129	3	1	0	0	2000	2000
$4	129	3	1	0	1	1250	1250
$1	129	4	1	0	0450	1.00	4600	23.01.14	11:16	1	01	4600	4600	00	5907502687157	0	0	0	0	0	0	0	0
$1	129	4	2	0	2050	1.00	2850	23.01.14	11:20	1	01	2850	2850	00	11020509	0	0	0	0	0	0	0	0
$1	129	4	3	0	4454	1.00	690	23.01.14	11:22	1	01	690	690	00	5907658333397	0	0	0	0	0	0	0	0
$4	129	4	1	0	0	8200	8200
$4	129	4	1	0	1	060	060
$1	129	5	1	0	4561	1.00	6390	23.01.14	11:25	1	01	6390	6390	00	10007679	0	0	0	0	0	0	0	0
$1	129	5	2	0	4369	1.00	2190	23.01.14	11:25	1	01	2190	2190	00	5903760205164	0	0	0	0	0	0	0	0
$1	129	5	3	0	2490	1.00	1850	23.01.14	11:25	1	01	1850	1850	00	5903760202439	0	0	0	0	0	0	0	0
$4	129	5	1	0	0	10430	10430
$1	129	6	1	0	0039	1.000	1190	23.01.14	11:31	1	01	1190	1190	00		0	0	0	0	0	0	0	0
$1	129	6	2	0	1562	1.00	2690	23.01.14	11:31	4	01	2690	2690	00	7015625	0	0	0	0	0	0	0	0
$4	129	6	1	0	0	5000	5000
$4	129	6	1	0	1	1120	1120
$1	129	7	1	0	2350	4.00	3160	23.01.14	11:47	1	01	3160	3160	00	15023506	0	0	0	0	0	0	0	0
$4	129	7	1	0	0	3160	3160
$1	129	8	1	0	2611	1.00	1890	23.01.14	12:09	2	01	1890	1890	00	5904960013283	0	0	0	0	0	0	0	0
$4	129	8	1	0	0	1890	1890
$1	129	9	1	0	2350	1.00	790	23.01.14	12:37	1	01	790	790	00	15023506	0	0	0	0	0	0	0	0
$4	129	9	1	0	0	790	790
$1	129	10	1	0	2551	1.00	2450	23.01.14	12:59	2	01	2450	2450	00	5904960017496	0	0	0	0	0	0	0	0
$4	129	10	1	0	0	2450	2450
$14	01	23.01.14	14:06	4
$13	00	1	23.01.14	14:06	01	0	0	0	0	0	0	0	0	0	             
$14	01	23.01.17	09:47	4
$13	00	1	23.01.17	09:47	01	0	0	0	0	0	0	0	0	0	             
$1	130	1	1	0	1953	1.00	1890	23.01.17	10:05	1	01	1890	1890	00	10007556	0	0	0	0	0	0	0	0
$1	130	1	2	0	1901	1.00	1750	23.01.17	10:05	1	01	1750	1750	00	10007334	0	0	0	0	0	0	0	0
$4	130	1	2	0	0	3640	3640
$1	130	2	1	0	0372	1.00	1790	23.01.17	10:20	1	01	1790	1790	00	5906874565278	0	0	0	0	0	0	0	0
$4	130	2	1	0	0	1790	1790
$10	130	3	1	0	1574	1.00	550	23.01.17	10:40	4	01	550	550	00	5906660817215	0	0	0	0	0	0	0	0
$10	130	3	2	0	0480	1.00	3900	23.01.17	10:43	1	01	3900	3900	00	5902249010428	0	0	0	0	0	0	0	0
$10	130	3	3	0	0462	1.00	2690	23.01.17	10:46	1	01	2690	2690	00	5907502687256	0	0	0	0	0	0	0	0
$1	130	3	1	0	3901	2.00	1900	23.01.17	10:46	1	01	1900	1900	00	28039013	0	0	0	0	0	0	0	0
$1	130	3	2	0	0451	1.00	4600	23.01.17	10:46	1	01	4600	4600	00	5907502687102	0	0	0	0	0	0	0	0
$1	130	3	3	0	0480	1.00	3900	23.01.17	10:46	1	01	3900	3900	00	5902249010428	0	0	0	0	0	0	0	0
$1	130	3	4	0	0460	1.00	2690	23.01.17	10:46	1	01	2690	2690	00	5907502687218	0	0	0	0	0	0	0	0
$1	130	3	5	0	0462	1.00	2690	23.01.17	10:46	1	01	2690	2690	00	5907502687256	0	0	0	0	0	0	0	0
$4	130	3	1	0	0	15780	15780
$1	130	4	1	0	4367	1.00	2190	23.01.17	11:58	1	01	2190	2190	00	10005064	0	0	0	0	0	0	0	0
$4	130	4	1	0	0	2190	2190
$1	130	5	1	0	1249	2.00	1800	23.01.17	12:06	2	01	1800	1800	00	5909994310667	0	0	0	0	0	0	0	0
$4	130	5	2	0	0	1800	1800
$1	130	6	1	0	0971	1.00	850	23.01.17	12:10	2	01	850	850	00	5905279799516	0	0	0	0	0	0	0	0
$4	130	6	2	0	0	850	850
$1	130	7	1	0	0536	1.00	3000	23.01.17	12:34	1	01	3000	3000	00	5902249010169	0	0	0	0	0	0	0	0
$4	130	7	2	0	0	3000	3000
$1	130	8	1	0	2009	1.00	3250	23.01.17	12:50	1	01	3250	3250	00	680275060864	0	0	0	0	0	0	0	0
$1	130	8	2	0	2711	1.00	1990	23.01.17	12:50	2	01	1990	1990	00	17027113	0	0	0	0	0	0	0	0
$1	130	8	3	0	0468	1.00	2500	23.01.17	12:51	1	01	2500	2500	00	5907502687287	0	0	0	0	0	0	0	0
$4	130	8	1	0	0	7740	7740
$1	130	9	1	0	3951	1.00	1650	23.01.17	14:45	1	01	1650	1650	00	8691190967291	0	0	0	0	0	0	0	0
$1	130	9	2	0	4362	1.00	2850	23.01.17	14:45	2	01	2850	2850	00	5904960018844	0	0	0	0	0	0	0	0
$4	130	9	2	0	0	4500	4500
$1	130	10	1	0	4534	1.00	5950	23.01.17	15:19	1	01	5950	5950	00	10007105	0	0	0	0	0	0	0	0
$1	130	10	2	0	3902	1.00	1390	23.01.17	15:20	1	01	1390	1390	00	28039020	0	0	0	0	0	0	0	0
$1	130	10	3	0	1905	1.00	1750	23.01.17	15:20	1	01	1750	1750	00	10007488	0	0	0	0	0	0	0	0
$4	130	10	2	0	0	9090	9090
$1	130	11	1	0	2572	1.00	2790	23.01.17	16:22	2	01	2790	2790	00	17025720	0	0	0	0	0	0	0	0
$4	130	11	1	0	0	10000	10000
$4	130	11	1	0	1	7210	7210
$1	130	12	1	0	1900	1.00	1650	23.01.17	16:36	1	01	1650	1650	00	10007310	0	0	0	0	0	0	0	0
$4	130	12	2	0	0	1650	1650
$1	130	13	1	0	4133	1.00	3750	23.01.17	16:43	1	01	3750	3750	00	10000649	0	0	0	0	0	0	0	0
$4	130	13	2	0	0	3750	3750
$1	130	14	1	0	2350	1.00	790	23.01.17	17:08	1	01	790	790	00	15023506	0	0	0	0	0	0	0	0
$4	130	14	1	0	0	790	790
$1	131	1	1	0	0557	1.00	2800	23.01.18	10:07	1	01	2800	2800	00	5902249010411	0	0	0	0	0	0	0	0
$1	131	1	2	0	1190	1.00	650	23.01.18	10:07	2	01	650	650	00	5909990021864	0	0	0	0	0	0	0	0
$4	131	1	1	0	0	4000	4000
$4	131	1	1	0	1	550	550
$1	131	2	1	0	1232	1.00	490	23.01.18	10:18	2	01	490	490	00	5909990219520	0	0	0	0	0	0	0	0
$4	131	2	1	0	0	490	490
$1	131	3	1	0	2296	1.00	2890	23.01.18	10:21	1	01	2890	2890	00	5902249010473	0	0	0	0	0	0	0	0
$4	131	3	1	0	0	5000	5000
$4	131	3	1	0	1	2110	2110
$1	131	4	1	0	4558	1.00	6390	23.01.18	10:52	1	01	6390	6390	00	10007648	0	0	0	0	0	0	0	0
$1	131	4	2	0	0631	1.00	2590	23.01.18	10:52	1	01	2590	2590	00	5902249011364	0	0	0	0	0	0	0	0
$4	131	4	1	0	0	10000	10000
$4	131	4	1	0	1	1020	1020
$1	131	5	1	0	1178	3.00	1650	23.01.18	11:32	2	01	1650	1650	00	5909990628360	0	0	0	0	0	0	0	0
$1	131	5	2	0	1458	1.00	2090	23.01.18	11:33	1	01	2090	2090	00	10003121	0	0	0	0	0	0	0	0
$1	131	5	3	0	2026	1.00	2650	23.01.18	11:36	1	01	2650	2650	00	10020265	0	0	0	0	0	0	0	0
$4	131	5	2	0	0	6390	6390
$1	131	6	1	0	0702	1.00	2150	23.01.18	11:50	1	01	2150	2150	00	3007020	0	0	0	0	0	0	0	0
$4	131	6	2	0	0	2150	2150
$1	131	7	1	0	4060	1.00	6650	23.01.18	12:16	2	01	6650	6650	00	27040607	0	0	0	0	0	0	0	0
$4	131	7	1	0	0	8000	8000
$4	131	7	1	0	1	1350	1350
$1	131	8	1	0	4551	1.00	5190	23.01.18	14:07	1	01	5190	5190	00	10007259	0	0	0	0	0	0	0	0
$1	131	8	2	0	1590	1.00	1590	23.01.18	14:07	1	01	1590	1590	00	7015908	0	0	0	0	0	0	0	0
$4	131	8	1	0	0	10000	10000
$4	131	8	1	0	1	3220	3220
$1	131	9	1	0	2053	1.00	2850	23.01.18	14:52	1	01	2850	2850	00	11020530	0	0	0	0	0	0	0	0
$4	131	9	1	0	0	10000	10000
$4	131	9	1	0	1	7150	7150
$1	131	10	1	0	4028	1.00	1350	23.01.18	15:02	1	01	1350	1350	00	8691190115081	0	0	0	0	0	0	0	0
$1	131	10	2	0	2441	1.00	1150	23.01.18	15:02	1	01	1150	1150	00	16024410	0	0	0	0	0	0	0	0
$4	131	10	1	0	0	2500	2500
$1	131	11	1	0	3996	1.00	1200	23.01.18	15:11	1	01	1200	1200	00	8691190967178	0	0	0	0	0	0	0	0
$1	131	11	2	0	0041	1.000	590	23.01.18	15:12	1	01	590	590	00		0	0	0	0	0	0	0	0
$4	131	11	1	0	0	1790	1790
$1	131	12	1	0	0954	1.00	990	23.01.18	15:42	2	01	990	990	00	5905279799394	0	0	0	0	0	0	0	0
$1	131	12	2	0	3556	1.00	1550	23.01.18	15:42	2	01	1550	1550	00	20035563	0	0	0	0	0	0	0	0
$1	131	12	3	0	1232	1.00	490	23.01.18	15:42	2	01	490	490	00	5909990219520	0	0	0	0	0	0	0	0
$1	131	12	4	0	3071	1.00	700	23.01.18	15:42	2	01	700	700	00	10003596	0	0	0	0	0	0	0	0
$4	131	12	2	0	0	3730	3730
$1	131	13	1	0	0628	2.00	1380	23.01.18	16:20	1	01	1380	1380	00	2006284	0	0	0	0	0	0	0	0
$1	131	13	2	0	4503	1.00	2790	23.01.18	16:20	1	01	2790	2790	00	10006672	0	0	0	0	0	0	0	0
$1	131	13	3	0	4505	1.00	2850	23.01.18	16:20	1	01	2850	2850	00	10006696	0	0	0	0	0	0	0	0
$4	131	13	2	0	0	7020	7020
$1	132	1	1	0	2543	1.00	1350	23.01.19	09:34	2	01	1350	1350	00	17025430	0	0	0	0	0	0	0	0
$1	132	1	2	0	1012	1.00	950	23.01.19	09:34	2	01	950	950	00	5909994310865	0	0	0	0	0	0	0	0
$4	132	1	2	0	0	2300	2300
$1	132	2	1	0	2052	1.00	11290	23.01.19	09:35	1	01	11290	11290	00	11020523	0	0	0	0	0	0	0	0
$4	132	2	1	0	0	15000	15000
$4	132	2	1	0	1	3710	3710
$1	132	3	1	0	3056	1.00	630	23.01.19	09:50	2	01	630	900	00	5902581617859	0	0	0	0	0	0	0	1
$4	132	3	1	0	0	630	630
$1	132	4	1	0	1249	1.00	900	23.01.19	10:22	2	01	900	900	00	5909994310667	0	0	0	0	0	0	0	0
$1	132	4	2	0	1181	1.00	550	23.01.19	10:22	2	01	550	550	00	5909994310964	0	0	0	0	0	0	0	0
$1	132	4	3	0	1192	1.00	890	23.01.19	10:22	2	01	890	890	00	5909990219322	0	0	0	0	0	0	0	0
$4	132	4	1	0	0	5000	5000
$4	132	4	1	0	1	2660	2660
$10	132	5	1	0	0975	1.00	650	23.01.19	11:20	2	01	650	650	00	5905279799035	0	0	0	0	0	0	0	0
$1	132	5	1	0	0093	1.000	1590	23.01.19	11:21	3	01	1590	1590	00		0	0	0	0	0	0	0	0
$4	132	5	1	0	0	2000	2000
$4	132	5	1	0	1	410	410
$1	132	6	1	0	3293	1.00	1690	23.01.19	11:39	2	01	1690	1690	00	22032935	0	0	0	0	0	0	0	0
$4	132	6	1	0	0	2000	2000
$4	132	6	1	0	1	310	310
$1	132	7	1	0	1230	1.00	550	23.01.19	12:13	2	01	550	550	00	5909994310766	0	0	0	0	0	0	0	0
$4	132	7	2	0	0	550	550
$1	132	8	1	0	4565	1.00	6500	23.01.19	12:30	1	01	6500	6500	00	10007716	0	0	0	0	0	0	0	0
$1	132	8	2	0	3402	1.00	3450	23.01.19	12:30	1	01	3450	3450	00	10006016	0	0	0	0	0	0	0	0
$1	132	8	3	0	3043	1.00	790	23.01.19	12:30	2	01	790	790	00	10003831	0	0	0	0	0	0	0	0
$4	132	8	2	0	0	10740	10740
$1	132	9	1	0	2009	1.00	3250	23.01.19	12:48	1	01	3250	3250	00	10007594	0	0	0	0	0	0	0	0
$4	132	9	2	0	0	3250	3250
$1	132	10	1	0	1049	2.00	2800	23.01.19	12:51	4	01	2800	2800	00	5010493	0	0	0	0	0	0	0	0
$4	132	10	2	0	0	2800	2800
$1	132	11	1	0	1708	1.00	1590	23.01.19	12:54	1	01	1590	1590	00	10003244	0	0	0	0	0	0	0	0
$4	132	11	1	0	0	2000	2000
$4	132	11	1	0	1	410	410
$1	132	12	1	0	0881	1.00	5490	23.01.19	12:59	1	01	5490	5490	00	4008811	0	0	0	0	0	0	0	0
$4	132	12	1	0	0	5490	5490
$1	132	13	1	0	0467	1.00	2290	23.01.19	13:03	1	01	2290	2490	00	5907502687096	0	0	0	0	0	0	0	1
$1	132	13	2	0	0906	1.00	5900	23.01.19	13:03	1	01	5900	5900	00	4009061	0	0	0	0	0	0	0	0
$1	132	13	3	0	0881	1.00	5490	23.01.19	13:03	1	01	5490	5490	00	4008811	0	0	0	0	0	0	0	0
$4	132	13	1	0	0	20000	20000
$4	132	13	1	0	1	6320	6320
$1	132	14	1	0	1452	1.00	1990	23.01.19	13:06	1	01	1990	1990	00	10003060	0	0	0	0	0	0	0	0
$4	132	14	1	0	0	1990	1990
$1	132	15	1	0	1891	1.00	3250	23.01.19	14:48	1	01	3250	3250	00	10005958	0	0	0	0	0	0	0	0
$1	132	15	2	0	1265	1.00	3150	23.01.19	14:48	1	01	3150	3150	00	10005903	0	0	0	0	0	0	0	0
$1	132	15	3	0	2010	1.00	3550	23.01.19	14:48	1	01	3550	3550	00	10007600	0	0	0	0	0	0	0	0
$1	132	15	4	0	2009	1.00	3250	23.01.19	14:48	1	01	3250	3250	00	680275060864	0	0	0	0	0	0	0	0
$4	132	15	1	0	0	13200	13200
$1	132	16	1	0	2350	2.00	1580	23.01.19	15:13	1	01	1580	1580	00	15023506	0	0	0	0	0	0	0	0
$4	132	16	1	0	0	1580	1580
$1	132	17	1	0	2053	1.00	2850	23.01.19	15:56	1	01	2850	2850	00	11020530	0	0	0	0	0	0	0	0
$4	132	17	2	0	0	2850	2850
$1	132	18	1	0	4566	1.00	5490	23.01.19	16:38	2	01	5490	5490	00	10007723	0	0	0	0	0	0	0	0
$1	132	18	2	0	0041	1.000	2150	23.01.19	16:39	1	01	2150	2150	00		0	0	0	0	0	0	0	0
$1	132	18	3	0	2050	1.00	2850	23.01.19	16:39	1	01	2850	2850	00	11020509	0	0	0	0	0	0	0	0
$4	132	18	2	0	0	10490	10490
$1	132	19	1	0	1190	1.00	650	23.01.19	16:55	2	01	650	650	00	5909990021864	0	0	0	0	0	0	0	0
$4	132	19	1	0	0	1000	1000
$4	132	19	1	0	1	350	350
$14	01	23.01.20	09:32	4
$13	00	1	23.01.20	09:32	01	0	0	0	0	0	0	0	0	0	             
$1	133	1	1	0	4533	1.00	12400	23.01.20	10:08	1	01	12400	12400	00	10007099	0	0	0	0	0	0	0	0
$1	133	1	2	0	4315	1.00	890	23.01.20	10:08	2	01	890	890	00	10003800	0	0	0	0	0	0	0	0
$1	133	1	3	0	3091	1.00	650	23.01.20	10:08	2	01	650	650	00	10003909	0	0	0	0	0	0	0	0
$4	133	1	2	0	0	13940	13940
$1	133	2	1	0	0869	1.00	5490	23.01.20	10:38	1	01	5490	5490	00	4008699	0	0	0	0	0	0	0	0
$1	133	2	2	0	3485	1.00	3000	23.01.20	10:38	1	01	3000	3000	00	10004876	0	0	0	0	0	0	0	0
$1	133	2	3	0	3486	1.00	2850	23.01.20	10:38	1	01	2850	2850	00	1034868	0	0	0	0	0	0	0	0
$1	133	2	4	0	3240	1.00	3190	23.01.20	10:43	1	01	3190	3190	00	10002759	0	0	0	0	0	0	0	0
$4	133	2	2	0	0	14530	14530
$1	133	3	1	0	1035	4.00	2360	23.01.20	11:49	2	01	2360	2360	00	5909994310124	0	0	0	0	0	0	0	0
$4	133	3	1	0	0	4000	4000
$4	133	3	1	0	1	1640	1640
$1	133	4	1	0	0506	1.00	4300	23.01.20	12:56	1	01	4300	4300	00	5902249010190	0	0	0	0	0	0	0	0
$4	133	4	2	0	0	4300	4300
$1	133	5	1	0	2350	4.00	3160	23.01.20	12:59	1	01	3160	3160	00	15023506	0	0	0	0	0	0	0	0
$1	133	5	2	0	4563	1.00	1990	23.01.20	12:59	1	01	1990	1990	00	10007693	0	0	0	0	0	0	0	0
$4	133	5	1	0	0	10000	10000
$4	133	5	1	0	1	4850	4850
$1	133	6	1	0	0983	1.00	850	23.01.20	13:24	4	01	850	850	00	5009831	0	0	0	0	0	0	0	0
$4	133	6	1	0	0	2000	2000
$4	133	6	1	0	1	1150	1150
$1	133	7	1	0	2053	5.00	14250	23.01.20	13:43	1	01	14250	14250	00	11020530	0	0	0	0	0	0	0	0
$1	133	7	2	0	0570	1.00	690	23.01.20	13:43	1	01	690	690	00	2005706	0	0	0	0	0	0	0	0
$4	133	7	2	0	0	14940	14940
$1	133	8	1	0	1454	1.00	1990	23.01.20	14:57	1	01	1990	1990	00	10003084	0	0	0	0	0	0	0	0
$4	133	8	2	0	0	1990	1990
$1	133	9	1	0	1184	1.00	550	23.01.20	15:06	2	01	550	550	00	5909990628377	0	0	0	0	0	0	0	0
$1	133	9	2	0	1133	1.00	1250	23.01.20	15:06	4	01	1250	1250	00	5011339	0	0	0	0	0	0	0	0
$4	133	9	2	0	0	1800	1800
$1	133	10	1	0	1184	1.00	550	23.01.20	15:07	2	01	550	550	00	5909990628377	0	0	0	0	0	0	0	0
$4	133	10	2	0	0	550	550
$1	133	11	1	0	0041	1.000	1900	23.01.20	15:17	1	01	1900	1900	00		0	0	0	0	0	0	0	0
$4	133	11	1	0	0	10000	10000
$4	133	11	1	0	1	8100	8100
$1	133	12	1	0	4565	1.00	6500	23.01.20	15:35	1	01	6500	6500	00	10007716	0	0	0	0	0	0	0	0
$4	133	12	2	0	0	6500	6500
$1	133	13	1	0	0002	1.000	2990	23.01.20	15:36	1	01	2990	2990	00		0	0	0	0	0	0	0	0
$1	133	13	2	0	2010	1.00	3550	23.01.20	15:36	1	01	3550	3550	00	680275060871	0	0	0	0	0	0	0	0
$4	133	13	2	0	0	6540	6540
$1	133	14	1	0	4554	1.00	9990	23.01.20	17:01	2	01	9990	9990	00	10007280	0	0	0	0	0	0	0	0
$1	133	14	2	0	1462	1.00	1590	23.01.20	17:01	1	01	1590	1590	00	10003183	0	0	0	0	0	0	0	0
$4	133	14	2	0	0	11580	11580
$1	134	1	1	0	0869	1.00	5490	23.01.21	09:55	1	01	5490	5490	00	5906395235179	0	0	0	0	0	0	0	0
$4	134	1	2	0	0	5490	5490
$1	134	2	1	0	2015	1.00	4150	23.01.21	10:03	1	01	4150	4150	00	10007525	0	0	0	0	0	0	0	0
$1	134	2	2	0	2009	1.00	3250	23.01.21	10:03	1	01	3250	3250	00	10007594	0	0	0	0	0	0	0	0
$4	134	2	2	0	0	7400	7400
$1	134	3	1	0	0353	1.00	2750	23.01.21	10:14	1	01	2750	2750	00	5900168900707	0	0	0	0	0	0	0	0
$1	134	3	2	0	0352	1.00	2750	23.01.21	10:14	1	01	2750	2750	00	5900168900196	0	0	0	0	0	0	0	0
$1	134	3	3	0	0329	1.00	2190	23.01.21	10:14	1	01	2190	2190	00	5900168908116	0	0	0	0	0	0	0	0
$1	134	3	4	0	1926	1.00	1750	23.01.21	10:14	1	01	1750	1750	00	680275039846	0	0	0	0	0	0	0	0
$4	134	3	1	0	0	10000	10000
$4	134	3	1	0	1	560	560
$1	134	4	1	0	3304	1.00	750	23.01.21	10:22	1	01	750	750	00	5907658333465	0	0	0	0	0	0	0	0
$1	134	4	2	0	1203	1.00	700	23.01.21	10:22	2	01	700	700	00	5909990219612	0	0	0	0	0	0	0	0
$4	134	4	2	0	0	1450	1450
$12	134	1	1	0	2052	1.00	11290	23.01.21	11:21	1	01	11290	11290	00	11020523	0	0	0	0	0	0	0	0
$1	134	5	1	0	0604	1.00	4350	23.01.21	11:27	1	01	4350	4350	00	5902249011081	0	0	0	0	0	0	0	0
$1	134	5	2	0	2350	2.00	1580	23.01.21	11:27	1	01	1580	1580	00	15023506	0	0	0	0	0	0	0	0
$4	134	5	2	0	0	5930	5930
$1	134	6	1	0	4563	1.00	1990	23.01.21	11:30	1	01	1990	1990	00	680275064770	0	0	0	0	0	0	0	0
$1	134	6	2	0	3083	1.00	700	23.01.21	11:30	2	01	700	700	00	10003916	0	0	0	0	0	0	0	0
$1	134	6	3	0	1379	1.00	1850	23.01.21	11:31	1	01	1850	1850	00	6013790	0	0	0	0	0	0	0	0
$1	134	6	4	0	2050	1.00	2850	23.01.21	11:31	1	01	2850	2850	00	11020509	0	0	0	0	0	0	0	0
$4	134	6	1	0	0	10000	10000
$4	134	6	1	0	1	2610	2610
$1	134	7	1	0	4210	1.00	390	23.01.21	11:32	1	01	390	390	00	8691190801427	0	0	0	0	0	0	0	0
$4	134	7	2	0	0	390	390
$1	134	8	1	0	1820	1.00	2150	23.01.21	11:54	1	01	2150	2150	00	10004326	0	0	0	0	0	0	0	0
$4	134	8	2	0	0	2150	2150
$1	134	9	1	0	4566	1.00	5490	23.01.21	11:57	2	01	5490	5490	00	10007723	0	0	0	0	0	0	0	0
$1	134	9	2	0	4092	1.00	3000	23.01.21	11:58	1	01	3000	3000	00	1040920	0	0	0	0	0	0	0	0
$4	134	9	2	0	0	8490	8490
$1	134	10	1	0	2015	1.00	4150	23.01.21	12:11	1	01	4150	4150	00	10007525	0	0	0	0	0	0	0	0
$1	134	10	2	0	0464	1.00	4200	23.01.21	12:11	1	01	4200	4200	00	5907502687225	0	0	0	0	0	0	0	0
$1	134	10	3	0	4542	1.00	4350	23.01.21	12:11	1	01	4350	4350	00	35027461	0	0	0	0	0	0	0	0
$1	134	10	4	0	1562	1.00	2690	23.01.21	12:11	4	01	2690	2690	00	7015625	0	0	0	0	0	0	0	0
$1	134	10	5	0	0702	1.00	2150	23.01.21	12:11	1	01	2150	2150	00	3007020	0	0	0	0	0	0	0	0
$1	134	10	6	0	1403	1.00	3300	23.01.21	12:11	1	01	3300	3300	00	10005996	0	0	0	0	0	0	0	0
$4	134	10	1	0	0	20850	20850
$4	134	10	1	0	1	010	010
$1	134	11	1	0	4556	1.00	6150	23.01.21	12:14	1	01	6150	6150	00	10007624	0	0	0	0	0	0	0	0
$4	134	11	2	0	0	6150	6150
$1	134	12	1	0	1491	1.00	2690	23.01.21	12:17	4	01	2690	2690	00	7014918	0	0	0	0	0	0	0	0
$4	134	12	2	0	0	2690	2690
$1	134	13	1	0	1927	1.00	1790	23.01.21	12:23	1	01	1790	1790	00	10007389	0	0	0	0	0	0	0	0
$1	134	13	2	0	2142	1.00	750	23.01.21	12:23	2	01	750	750	00	23290	0	0	0	0	0	0	0	0
$4	134	13	2	0	0	2540	2540
$1	134	14	1	0	0007	1.000	2890	23.01.21	12:43	1	01	2890	2890	00		0	0	0	0	0	0	0	0
$4	134	14	2	0	0	2890	2890
$1	134	15	1	0	2013	1.00	5450	23.01.21	12:45	1	01	5450	5450	00	680275060857	0	0	0	0	0	0	0	0
$1	134	15	2	0	0225	1.000	590	23.01.21	12:45	1	01	590	590	00		0	0	0	0	0	0	0	0
$4	134	15	2	0	0	6040	6040
$1	134	16	1	0	1491	1.00	2690	23.01.21	12:47	4	01	2690	2690	00	5907804205301	0	0	0	0	0	0	0	0
$1	134	16	2	0	2011	1.00	3490	23.01.21	12:47	1	01	3490	3490	00	680275060888	0	0	0	0	0	0	0	0
$4	134	16	1	0	0	7000	7000
$4	134	16	1	0	1	820	820
$1	134	17	1	0	4555	1.00	14990	23.01.21	12:59	2	01	14990	14990	00	10007297	0	0	0	0	0	0	0	0
$4	134	17	1	0	0	15000	15000
$4	134	17	1	0	1	010	010
$14	01	23.01.21	14:31	4
$13	00	1	23.01.21	14:31	01	0	0	0	0	0	0	0	0	0	             
$14	01	23.01.24	09:32	4
$13	00	1	23.01.24	09:32	01	0	0	0	0	0	0	0	0	0	             
$1	135	1	1	0	1376	1.00	1290	23.01.24	10:21	1	01	1290	1290	00	18746	0	0	0	0	0	0	0	0
$1	135	1	2	0	1447	1.00	1990	23.01.24	10:21	1	01	1990	1990	00	10003015	0	0	0	0	0	0	0	0
$1	135	1	3	0	1574	1.00	550	23.01.24	10:22	4	01	550	550	00	5906660817215	0	0	0	0	0	0	0	0
$4	135	1	2	0	0	3830	3830
$1	135	2	1	0	0457	1.00	1400	23.01.24	10:23	1	01	1400	1400	00	5907502687065	0	0	0	0	0	0	0	0
$4	135	2	2	0	0	1400	1400
$1	135	3	1	0	1230	1.00	550	23.01.24	10:54	2	01	550	550	00	5909994310766	0	0	0	0	0	0	0	0
$1	135	3	2	0	1234	1.00	790	23.01.24	10:54	2	01	790	790	00	5909990311910	0	0	0	0	0	0	0	0
$4	135	3	1	0	0	1340	1340
$1	135	4	1	0	1825	1.00	2350	23.01.24	11:22	1	01	2350	2350	00	10004777	0	0	0	0	0	0	0	0
$4	135	4	2	0	0	2350	2350
$1	135	5	1	0	0557	1.00	2800	23.01.24	11:24	1	01	2800	2800	00	5902249010411	0	0	0	0	0	0	0	0
$4	135	5	2	0	0	2800	2800
$1	135	6	1	0	0048	1.000	4850	23.01.24	11:28	1	01	4850	4850	00		0	0	0	0	0	0	0	0
$1	135	6	2	0	0293	1.00	8350	23.01.24	11:28	1	01	8350	8350	00	147	0	0	0	0	0	0	0	0
$4	135	6	1	0	0	13200	13200
$1	135	7	1	0	2350	2.00	1580	23.01.24	11:52	1	01	1580	1580	00	15023506	0	0	0	0	0	0	0	0
$1	135	7	2	0	3901	1.00	950	23.01.24	11:52	1	01	950	950	00	28039013	0	0	0	0	0	0	0	0
$4	135	7	1	0	0	2530	2530
$1	135	8	1	0	3907	1.00	9190	23.01.24	11:53	1	01	9190	9190	00	28039075	0	0	0	0	0	0	0	0
$4	135	8	1	0	0	10000	10000
$4	135	8	1	0	1	810	810
$1	135	9	1	0	0027	1.000	3050	23.01.24	11:54	1	01	3050	3050	00		0	0	0	0	0	0	0	0
$1	135	9	2	0	3452	1.00	4690	23.01.24	11:55	1	01	4690	4690	00	10000281	0	0	0	0	0	0	0	0
$1	135	9	3	0	0314	1.00	1890	23.01.24	11:55	1	01	1890	1890	00	5900168905658	0	0	0	0	0	0	0	0
$1	135	9	4	0	0048	1.000	4850	23.01.24	11:55	1	01	4850	4850	00		0	0	0	0	0	0	0	0
$4	135	9	2	0	0	14480	14480
$1	135	10	1	0	2350	2.00	1580	23.01.24	12:00	1	01	1580	1580	00	15023506	0	0	0	0	0	0	0	0
$1	135	10	2	0	3901	4.00	3800	23.01.24	12:01	1	01	3800	3800	00	28039013	0	0	0	0	0	0	0	0
$4	135	10	2	0	0	5380	5380
$1	135	11	1	0	4568	3.00	8850	23.01.24	12:10	1	01	8850	8850	00	10007747	0	0	0	0	0	0	0	0
$4	135	11	1	0	0	10000	10000
$4	135	11	1	0	1	1150	1150
$1	135	12	1	0	4563	2.00	3980	23.01.24	12:19	1	01	3980	3980	00	10007693	0	0	0	0	0	0	0	0
$1	135	12	2	0	3452	2.00	9380	23.01.24	12:19	1	01	9380	9380	00	10000281	0	0	0	0	0	0	0	0
$4	135	12	2	0	0	13360	13360
$1	135	13	1	0	4061	1.00	3950	23.01.24	13:12	1	01	3950	4350	00	27040614	0	0	0	0	0	0	0	1
$1	135	13	2	0	4061	2.00	8700	23.01.24	13:12	1	01	8700	8700	00	27040614	0	0	0	0	0	0	0	0
$1	135	13	3	0	4060	1.00	6650	23.01.24	13:13	2	01	6650	6990	00	27040607	0	0	0	0	0	0	0	1
$1	135	13	4	0	4060	1.00	6990	23.01.24	13:13	2	01	6990	6990	00	27040607	0	0	0	0	0	0	0	0
$4	135	13	2	0	0	26290	26290
$1	135	14	1	0	2350	2.00	1580	23.01.24	13:39	1	01	1580	1580	00	15023506	0	0	0	0	0	0	0	0
$4	135	14	2	0	0	1580	1580
$1	135	15	1	0	2350	1.00	790	23.01.24	13:40	1	01	790	790	00	15023506	0	0	0	0	0	0	0	0
$4	135	15	2	0	0	790	790
$1	135	16	1	0	0041	1.000	1900	23.01.24	14:02	1	01	1900	1900	00		0	0	0	0	0	0	0	0
$4	135	16	2	0	0	1900	1900
$1	135	17	1	0	1529	1.00	5990	23.01.24	14:12	4	01	5990	5990	00	7015298	0	0	0	0	0	0	0	0
$4	135	17	1	0	0	5990	5990
$1	135	18	1	0	1632	1.00	2082	23.01.24	15:13	1	01	2082	2450	00	7016325	0	0	0	0	0	0	0	1
$4	135	18	1	0	0	2082	2082
$1	135	19	1	0	1184	1.00	550	23.01.24	15:16	2	01	550	550	00	5909990628377	0	0	0	0	0	0	0	0
$4	135	19	2	0	0	550	550
$1	135	20	1	0	0586	1.00	690	23.01.24	15:18	1	01	690	690	00	2005867	0	0	0	0	0	0	0	0
$4	135	20	2	0	0	690	690
$1	135	21	1	0	1632	1.00	2082	23.01.24	15:18	1	01	2082	2450	00	7016325	0	0	0	0	0	0	0	1
$4	135	21	2	0	0	2082	2082
$1	135	22	1	0	0624	1.00	3700	23.01.24	15:42	1	01	3700	3700	00	5902249011296	0	0	0	0	0	0	0	0
$1	135	22	2	0	0622	1.00	2790	23.01.24	15:42	1	01	2790	2790	00	5902249011272	0	0	0	0	0	0	0	0
$4	135	22	2	0	0	6490	6490
$1	135	23	1	0	2024	1.00	1990	23.01.24	16:10	1	01	1990	2490	00	10020241	0	0	0	0	0	0	0	1
$1	135	23	2	0	2024	1.00	1990	23.01.24	16:10	1	01	1990	2490	00	10020241	0	0	0	0	0	0	0	1
$4	135	23	2	0	0	3980	3980
$1	135	24	1	0	4092	1.00	3000	23.01.24	17:17	1	01	3000	3000	00	1040920	0	0	0	0	0	0	0	0
$4	135	24	2	0	0	3000	3000
$14	01	23.01.25	09:33	4
$13	00	1	23.01.25	09:33	01	0	0	0	0	0	0	0	0	0	             
$1	136	1	1	0	3576	1.00	700	23.01.25	10:12	2	01	700	700	00	20035761	0	0	0	0	0	0	0	0
$1	136	1	2	0	3095	1.00	750	23.01.25	10:12	2	01	750	750	00	10003985	0	0	0	0	0	0	0	0
$1	136	1	3	0	0027	1.000	4950	23.01.25	10:13	1	01	4950	4950	00	10005866	0	0	0	0	0	0	0	0
$4	136	1	2	0	0	6400	6400
$1	136	2	1	0	0356	1.00	2790	23.01.25	10:14	1	01	2790	2790	00	1003567	0	0	0	0	0	0	0	0
$1	136	2	2	0	3483	1.00	1550	23.01.25	10:14	1	01	1550	1550	00	1034837	0	0	0	0	0	0	0	0
$1	136	2	3	0	3259	1.00	1550	23.01.25	10:14	1	01	1550	1550	00	1032598	0	0	0	0	0	0	0	0
$1	136	2	4	0	3482	1.00	1550	23.01.25	10:14	1	01	1550	1550	00	1034820	0	0	0	0	0	0	0	0
$4	136	2	1	0	0	10000	10000
$4	136	2	1	0	1	2560	2560
$1	136	3	1	0	1133	1.00	1250	23.01.25	10:17	4	01	1250	1250	00	5011339	0	0	0	0	0	0	0	0
$1	136	3	2	0	2350	1.00	790	23.01.25	10:17	1	01	790	790	00	15023506	0	0	0	0	0	0	0	0
$4	136	3	1	0	0	2040	2040
$1	136	4	1	0	2350	1.00	790	23.01.25	10:37	1	01	790	790	00	15023506	0	0	0	0	0	0	0	0
$1	136	4	2	0	1181	1.00	550	23.01.25	10:37	2	01	550	550	00	5909994310964	0	0	0	0	0	0	0	0
$1	136	4	3	0	1226	1.00	590	23.01.25	10:37	2	01	590	590	00	5909990219025	0	0	0	0	0	0	0	0
$1	136	4	4	0	1111	1.00	1300	23.01.25	10:37	2	01	1300	1300	00	5906365702304	0	0	0	0	0	0	0	0
$1	136	4	5	0	1068	1.00	650	23.01.25	10:38	2	01	650	650	00	5905279799400	0	0	0	0	0	0	0	0
$4	136	4	1	0	0	4000	4000
$4	136	4	1	0	1	120	120
$1	136	5	1	0	0971	1.00	850	23.01.25	10:54	2	01	850	850	00	5009718	0	0	0	0	0	0	0	0
$4	136	5	2	0	0	850	850
$1	136	6	1	0	1082	2.00	3300	23.01.25	11:25	2	01	3300	3300	00	5907752643392	0	0	0	0	0	0	0	0
$1	136	6	2	0	1458	1.00	2090	23.01.25	11:25	1	01	2090	2090	00	10003121	0	0	0	0	0	0	0	0
$4	136	6	2	0	0	5390	5390
$1	136	7	1	0	1715	1.00	2290	23.01.25	11:55	1	01	2290	2290	00	10003343	0	0	0	0	0	0	0	0
$4	136	7	2	0	0	2290	2290
$1	136	8	1	0	4568	2.00	5900	23.01.25	13:02	1	01	5900	5900	00	10007747	0	0	0	0	0	0	0	0
$4	136	8	1	0	0	10000	10000
$4	136	8	1	0	1	4100	4100
$1	136	9	1	0	3043	1.00	790	23.01.25	13:05	2	01	790	790	00	10003831	0	0	0	0	0	0	0	0
$4	136	9	1	0	0	1000	1000
$4	136	9	1	0	1	210	210
$1	136	10	1	0	0093	1.000	1050	23.01.25	14:29	3	01	1050	1050	00		0	0	0	0	0	0	0	0
$4	136	10	1	0	0	1050	1050
$1	136	11	1	0	2350	1.00	790	23.01.25	14:57	1	01	790	790	00	15023506	0	0	0	0	0	0	0	0
$4	136	11	2	0	0	790	790
$1	136	12	1	0	1765	1.00	5650	23.01.25	15:40	1	01	5650	5650	00	5711914159436	0	0	0	0	0	0	0	0
$4	136	12	1	0	0	7000	7000
$4	136	12	1	0	1	1350	1350
$1	136	13	1	0	0031	1.000	6550	23.01.25	16:17	1	01	6550	6550	00		0	0	0	0	0	0	0	0
$4	136	13	1	0	0	7000	7000
$4	136	13	1	0	1	450	450
$1	136	14	1	0	0457	1.00	1400	23.01.25	16:59	1	01	1400	1400	00	5907502687065	0	0	0	0	0	0	0	0
$4	136	14	2	0	0	1400	1400
$14	01	23.01.26	09:33	4
$13	00	1	23.01.26	09:33	01	0	0	0	0	0	0	0	0	0	             
$1	137	1	1	0	2612	1.00	1750	23.01.26	09:34	1	01	1750	1750	00	17026123	0	0	0	0	0	0	0	0
$4	137	1	2	0	0	1750	1750
$1	137	2	1	0	0983	1.00	850	23.01.26	10:08	4	01	850	850	00	5009831	0	0	0	0	0	0	0	0
$4	137	2	1	0	0	1000	1000
$4	137	2	1	0	1	150	150
$1	137	3	1	0	1037	1.00	700	23.01.26	11:10	2	01	700	700	00	5905279799424	0	0	0	0	0	0	0	0
$1	137	3	2	0	0952	1.00	490	23.01.26	11:10	4	01	490	490	00	5009527	0	0	0	0	0	0	0	0
$4	137	3	1	0	0	1190	1190
$1	137	4	1	0	1133	1.00	1250	23.01.26	11:38	4	01	1250	1250	00	5011339	0	0	0	0	0	0	0	0
$4	137	4	1	0	0	1250	1250
$1	137	5	1	0	4568	2.00	5900	23.01.26	11:51	1	01	5900	5900	00	10007747	0	0	0	0	0	0	0	0
$4	137	5	2	0	0	5900	5900
$1	137	6	1	0	1184	1.00	550	23.01.26	12:39	2	01	550	550	00	5909990628377	0	0	0	0	0	0	0	0
$4	137	6	1	0	0	1000	1000
$4	137	6	1	0	1	450	450
$1	137	7	1	0	1132	1.00	517	23.01.26	12:50	2	01	517	690	00	5907752643491	0	0	0	0	0	0	0	1
$4	137	7	1	0	0	517	517
$1	137	8	1	0	2933	1.00	6790	23.01.26	13:20	1	01	6790	6790	00	10003442	0	0	0	0	0	0	0	0
$1	137	8	2	0	0893	1.00	4500	23.01.26	13:20	1	01	4500	4500	00	4008934	0	0	0	0	0	0	0	0
$4	137	8	1	0	0	12000	12000
$4	137	8	1	0	1	710	710
$10	137	9	1	0	4508	1.00	650	23.01.26	13:25	2	01	650	650	00	5905279799882	0	0	0	0	0	0	0	0
$1	137	9	1	0	4508	1.00	487	23.01.26	13:26	2	01	487	650	00	5905279799882	0	0	0	0	0	0	0	1
$4	137	9	1	0	0	487	487
$1	137	10	1	0	4568	1.00	2950	23.01.26	14:26	1	01	2950	2950	00	10007747	0	0	0	0	0	0	0	0
$4	137	10	2	0	0	2950	2950
$1	137	11	1	0	3091	1.00	650	23.01.26	14:28	2	01	650	650	00	10003909	0	0	0	0	0	0	0	0
$4	137	11	2	0	0	650	650
$1	137	12	1	0	2053	1.00	2850	23.01.26	15:32	1	01	2850	2850	00	11020530	0	0	0	0	0	0	0	0
$4	137	12	2	0	0	2850	2850
