#1	COM11:57600:MUX0:1	3	2021.11.13	15:16	OPSpRoz4	WIN 13.32.2020	OPSPROZ4IN.txt	OPSPROZ4OUT.txt
#
#Jota E 4095 PLU II gen. ver. 01 (identyfikator odczytany z urzadzenia i pliku ECRTBUF.TXT)
$1	1571	2386	1	0	1855	1.00	8990	21.10.30	10:34	1	30	8990	8990	00	0000008018557	0	0	0	0	0	0	0	0
$1	1571	2387	1	0	0479	1.00	2390	21.10.30	11:07	1	30	2390	2390	00	5907502687379	0	0	0	0	0	0	0	0
$1	1571	2388	1	0	0089	1.000	1090	21.10.30	11:09	3	30	1090	1090	00	0000000000000	0	0	0	0	0	0	0	0
$1	1571	2388	2	0	2069	1.00	2690	21.10.30	11:09	1	30	2690	2690	00	0000012020690	0	0	0	0	0	0	0	0
$1	1571	2389	1	0	3238	1.00	2950	21.10.30	11:12	1	30	2950	2950	00	0000024032384	0	0	0	0	0	0	0	0
$1	1571	2389	2	0	3378	1.00	3990	21.10.30	11:12	1	30	3990	3990	00	0000024033787	0	0	0	0	0	0	0	0
$1	1571	2389	3	0	3359	1.00	4450	21.10.30	11:12	1	30	4450	4450	00	0000024033596	0	0	0	0	0	0	0	0
$1	1571	2389	4	0	3372	1.00	3850	21.10.30	11:12	1	30	3850	3850	00	0000024033725	0	0	0	0	0	0	0	0
$1	1571	2389	5	0	3448	1.00	4290	21.10.30	11:12	1	30	4290	4290	00	0000024034487	0	0	0	0	0	0	0	0
$1	1571	2389	6	0	3253	1.00	3750	21.10.30	11:12	1	30	3750	3750	00	0000024032537	0	0	0	0	0	0	0	0
$1	1571	2389	7	0	3373	1.00	4950	21.10.30	11:12	1	30	4950	4950	00	0000024033732	0	0	0	0	0	0	0	0
$1	1571	2389	8	0	3253	1.00	3750	21.10.30	11:12	1	30	3750	3750	00	0000024032537	0	0	0	0	0	0	0	0
$1	1571	2389	9	0	3229	1.00	2590	21.10.30	11:12	1	30	2590	2590	00	5907155169291	0	0	0	0	0	0	0	0
$1	1571	2389	10	0	3229	1.00	2590	21.10.30	11:12	1	30	2590	2590	00	0000024032292	0	0	0	0	0	0	0	0
$1	1571	2389	11	0	0397	1.00	1890	21.10.30	11:12	1	30	1890	1890	00	5900168907751	0	0	0	0	0	0	0	0
$1	1571	2389	12	0	0396	1.00	1890	21.10.30	11:12	1	30	1890	1890	00	5900168907775	0	0	0	0	0	0	0	0
$1	1571	2389	13	0	3479	1.00	2700	21.10.30	11:12	1	30	2700	2700	00	0000002034799	0	0	0	0	0	0	0	0
$1	1571	2389	14	0	3478	1.00	2700	21.10.30	11:12	1	30	2700	2700	00	0000002034782	0	0	0	0	0	0	0	0
$1	1571	2389	15	0	1441	1.00	4750	21.10.30	11:12	1	30	4750	4750	00	5907688710434	0	0	0	0	0	0	0	0
$1	1571	2389	16	0	3476	1.00	2900	21.10.30	11:12	1	30	2900	2900	00	0000002034768	0	0	0	0	0	0	0	0
$1	1571	2390	1	0	0851	1.00	1990	21.10.30	11:13	1	30	1990	1990	00	0000004008514	0	0	0	0	0	0	0	0
$1	1571	2391	1	0	2350	3.00	1950	21.10.30	11:14	1	30	1950	1950	00	0000015023506	0	0	0	0	0	0	0	0
$1	1571	2392	1	0	0454	1.00	3750	21.10.30	11:47	1	30	3750	3750	00	5907502687188	0	0	0	0	0	0	0	0
$1	1571	2392	2	0	0457	1.00	1290	21.10.30	11:47	1	30	1290	1290	00	5907502687065	0	0	0	0	0	0	0	0
$1	1571	2392	3	0	0853	1.00	1990	21.10.30	11:47	1	30	1990	1990	00	0000004008538	0	0	0	0	0	0	0	0
$1	1571	2392	4	0	3209	1.00	1590	21.10.30	11:47	1	30	1590	1590	00	0000021032097	0	0	0	0	0	0	0	0
$1	1571	2392	5	0	0038	1.000	1490	21.10.30	11:47	1	30	1490	1490	00	0000000000000	0	0	0	0	0	0	0	0
$1	1571	2393	1	0	0065	1.000	400	21.10.30	11:51	1	30	400	400	00	0000000000000	0	0	0	0	0	0	0	0
$1	1571	2393	2	0	3211	1.00	1950	21.10.30	11:51	1	30	1950	1950	00	0000018032116	0	0	0	0	0	0	0	0
$1	1571	2394	1	0	2289	1.00	1850	21.10.30	11:53	1	30	1850	1850	00	0000014022890	0	0	0	0	0	0	0	0
$1	1571	2394	2	0	2274	1.00	3450	21.10.30	11:53	1	30	3450	3450	00	0000014022746	0	0	0	0	0	0	0	0
$1	1571	2395	1	0	1432	1.00	1490	21.10.30	11:58	1	30	1490	1490	00	5903760200091	0	0	0	0	0	0	0	0
$1	1571	2395	2	0	3948	1.00	1950	21.10.30	11:58	1	30	1950	1950	00	8691190967208	0	0	0	0	0	0	0	0
$1	1571	2396	1	0	3157	1.00	2990	21.10.30	12:11	1	30	2990	2990	00	5902249015782	0	0	0	0	0	0	0	0
$1	1571	2396	2	0	0494	1.00	3450	21.10.30	12:11	1	30	3450	3450	00	5907502687409	0	0	0	0	0	0	0	0
$1	1571	2397	1	0	2050	1.00	2550	21.10.30	12:12	1	30	2550	2550	00	0000011020509	0	0	0	0	0	0	0	0
$1	1571	2398	1	0	1339	1.00	1390	21.10.30	12:33	3	30	1390	1390	00	0000006013394	0	0	0	0	0	0	0	0
$1	1571	2398	2	0	1444	1.00	1450	21.10.30	12:33	1	30	1450	1450	00	0000034014448	0	0	0	0	0	0	0	0
$1	1571	2399	1	0	0960	2.00	980	21.10.30	12:36	3	30	980	980	00	5905279799608	0	0	0	0	0	0	0	0
$1	1571	2400	1	0	1181	1.00	450	21.10.30	12:40	2	30	450	450	00	5909994310964	0	0	0	0	0	0	0	0
$1	1571	2400	2	0	1162	1.00	450	21.10.30	12:40	2	30	450	450	00	5909994311763	0	0	0	0	0	0	0	0
$1	1571	2400	3	0	1232	1.00	400	21.10.30	12:40	2	30	400	400	00	5909990219520	0	0	0	0	0	0	0	0
$1	1571	2400	4	0	1097	1.00	450	21.10.30	12:40	2	30	450	450	00	5909994310568	0	0	0	0	0	0	0	0
$1	1571	2401	1	0	4039	1.00	1790	21.10.30	13:05	1	30	1790	1790	00	0000031040396	0	0	0	0	0	0	0	0
$1	1571	2401	2	0	0227	1.000	990	21.10.30	13:05	1	30	990	990	00	0000000000000	0	0	0	0	0	0	0	0
$1	1571	2401	3	0	0244	1.000	560	21.10.30	13:05	1	30	560	560	00	0000000000000	0	0	0	0	0	0	0	0
$1	1571	2401	4	0	1562	1.00	2390	21.10.30	13:05	2	30	2390	2390	00	0000007015625	0	0	0	0	0	0	0	0
$1	1571	2402	1	0	0182	1.000	780	21.10.30	13:21	2	30	780	780	00	0000000000000	0	0	0	0	0	0	0	0
$1	1571	2403	1	0	2549	1.00	2190	21.10.30	13:30	2	30	2190	2190	00	0000017025492	0	0	0	0	0	0	0	0
$1	1571	2403	2	0	2596	1.00	1090	21.10.30	13:30	1	30	1090	1090	00	5907078675183	0	0	0	0	0	0	0	0
$1	1571	2403	3	0	1112	1.00	490	21.10.30	13:30	2	30	490	490	00	5906365702267	0	0	0	0	0	0	0	0
$1	1571	2404	1	0	0038	1.000	1490	21.10.30	13:31	1	30	1490	1490	00	0000000000000	0	0	0	0	0	0	0	0
$1	1572	2406	1	0	1941	1.00	1450	21.11.02	11:31	2	30	1450	1450	00	0000009019416	0	0	0	0	0	0	0	0
$1	1572	2407	1	0	3819	1.00	1850	21.11.02	11:36	1	30	1850	1850	00	0000026038193	0	0	0	0	0	0	0	0
$1	1572	2407	2	0	4031	1.00	1090	21.11.02	11:36	1	30	1090	1090	00	0000031040310	0	0	0	0	0	0	0	0
$1	1572	2408	1	0	3795	1.00	1350	21.11.02	11:38	1	30	1350	1350	00	0000025037951	0	0	0	0	0	0	0	0
$1	1572	2409	1	0	0038	2.000	2980	21.11.02	11:40	1	30	2980	2980	00	0000000000000	0	0	0	0	0	0	0	0
$1	1572	2410	1	0	0320	1.00	2750	21.11.02	12:32	1	30	2750	2750	00	5900168900271	0	0	0	0	0	0	0	0
$1	1572	2410	2	0	0585	1.00	3750	21.11.02	12:32	1	30	3750	3750	00	5902249010602	0	0	0	0	0	0	0	0
$1	1572	2410	3	0	0608	1.00	850	21.11.02	12:32	1	30	850	850	00	5902249011050	0	0	0	0	0	0	0	0
$1	1572	2410	4	0	0586	1.00	690	21.11.02	12:32	1	30	690	690	00	5902249010527	0	0	0	0	0	0	0	0
$1	1572	2411	1	0	1714	1.00	4250	21.11.02	13:04	1	30	4250	4250	00	0000034017142	0	0	0	0	0	0	0	0
$1	1572	2412	1	0	1233	2.00	1300	21.11.02	13:30	2	30	1300	1300	00	5909990628223	0	0	0	0	0	0	0	0
$1	1572	2413	1	0	0038	1.000	760	21.11.02	13:31	1	30	760	760	00	0000000000000	0	0	0	0	0	0	0	0
$1	1572	2414	1	0	1122	1.00	890	21.11.02	13:42	3	30	890	890	00	5907752643798	0	0	0	0	0	0	0	0
$1	1572	2414	2	0	1149	1.00	450	21.11.02	13:42	2	30	450	450	00	5909994311961	0	0	0	0	0	0	0	0
$1	1572	2414	3	0	1217	1.00	450	21.11.02	13:42	2	30	450	450	00	5909990195824	0	0	0	0	0	0	0	0
$1	1572	2414	4	0	1192	1.00	690	21.11.02	13:42	2	30	690	690	00	5909990219322	0	0	0	0	0	0	0	0
$1	1572	2414	5	0	1205	1.00	450	21.11.02	13:42	2	30	450	450	00	5909990628575	0	0	0	0	0	0	0	0
$1	1572	2414	6	0	0971	1.00	790	21.11.02	13:42	2	30	790	790	00	0000005009718	0	0	0	0	0	0	0	0
$1	1572	2415	1	0	0989	1.00	390	21.11.02	14:27	3	30	390	390	00	5905279799486	0	0	0	0	0	0	0	0
$1	1572	2415	2	0	3478	1.00	2700	21.11.02	14:27	1	30	2700	2700	00	0000002034782	0	0	0	0	0	0	0	0
$1	1572	2416	1	0	2306	1.00	3850	21.11.02	14:55	1	30	3850	3850	00	0000014023064	0	0	0	0	0	0	0	0
$1	1572	2417	1	0	1202	1.00	490	21.11.02	14:59	2	30	490	490	00	5909994309326	0	0	0	0	0	0	0	0
$1	1572	2417	2	0	1226	1.00	450	21.11.02	14:59	2	30	450	450	00	5909990219025	0	0	0	0	0	0	0	0
$1	1572	2417	3	0	1012	1.00	890	21.11.02	14:59	2	30	890	890	00	5909994310865	0	0	0	0	0	0	0	0
$1	1572	2417	4	0	1233	1.00	650	21.11.02	14:59	2	30	650	650	00	5909990628223	0	0	0	0	0	0	0	0
$1	1572	2417	5	0	1715	1.00	2290	21.11.02	14:59	1	30	2290	2290	00	0000034017159	0	0	0	0	0	0	0	0
$1	1572	2418	1	0	1543	1.00	4750	21.11.02	15:09	3	30	4750	4750	00	5907804205073	0	0	0	0	0	0	0	0
$1	1572	2418	2	0	1519	1.00	4950	21.11.02	15:09	3	30	4950	4950	00	5907804205318	0	0	0	0	0	0	0	0
$1	1572	2418	3	0	1191	1.00	450	21.11.02	15:09	2	30	450	450	00	5909990628490	0	0	0	0	0	0	0	0
$1	1572	2418	4	0	1190	1.00	550	21.11.02	15:09	2	30	550	550	00	5909990021864	0	0	0	0	0	0	0	0
$1	1572	2419	1	0	0182	1.000	590	21.11.02	15:20	2	30	590	590	00	0000000000000	0	0	0	0	0	0	0	0
$1	1572	2419	2	0	2510	1.00	750	21.11.02	15:20	2	30	750	750	00	0000017025102	0	0	0	0	0	0	0	0
$1	1572	2420	1	0	1008	1.00	450	21.11.02	15:28	2	30	450	450	00	0000005010080	0	0	0	0	0	0	0	0
$1	1572	2420	2	0	1176	1.00	390	21.11.02	15:28	2	30	390	390	00	5909994401723	0	0	0	0	0	0	0	0
$1	1572	2420	3	0	1174	1.00	390	21.11.02	15:28	2	30	390	390	00	5909990628346	0	0	0	0	0	0	0	0
$1	1572	2420	4	0	2521	1.00	1075	21.11.02	15:28	3	30	1075	2150	00	5904960010978	0	0	0	0	0	0	0	1
$1	1572	2421	1	0	0002	1.000	2990	21.11.02	15:43	1	30	2990	2990	00	0000000000000	0	0	0	0	0	0	0	0
$1	1572	2421	2	0	0182	1.000	4890	21.11.02	15:43	2	30	4890	4890	00	0000000000000	0	0	0	0	0	0	0	0
$1	1572	2421	3	0	0002	1.000	5490	21.11.02	15:43	1	30	5490	5490	00	0000000000000	0	0	0	0	0	0	0	0
$1	1572	2422	1	0	0002	2.000	5980	21.11.02	15:47	1	30	5980	5980	00	0000000000000	0	0	0	0	0	0	0	0
$1	1572	2422	2	0	0002	1.000	1550	21.11.02	15:47	1	30	1550	1550	00	0000000000000	0	0	0	0	0	0	0	0
$1	1572	2422	3	0	0002	1.000	5590	21.11.02	15:47	1	30	5590	5590	00	0000000000000	0	0	0	0	0	0	0	0
$1	1572	2422	4	0	0002	1.000	2950	21.11.02	15:47	1	30	2950	2950	00	0000000000000	0	0	0	0	0	0	0	0
$1	1572	2423	1	0	2011	1.00	2990	21.11.02	15:56	2	30	2990	2990	00	0680275060888	0	0	0	0	0	0	0	0
$1	1572	2423	2	0	3377	1.00	4690	21.11.02	15:56	1	30	4690	4690	00	0000024033770	0	0	0	0	0	0	0	0
$1	1572	2423	3	0	3377	1.00	4690	21.11.02	15:56	1	30	4690	4690	00	0000024033770	0	0	0	0	0	0	0	0
$1	1572	2423	4	0	2612	1.00	1850	21.11.02	15:56	1	30	1850	1850	00	0000017026123	0	0	0	0	0	0	0	0
$1	1572	2424	1	0	4053	1.00	250	21.11.02	16:46	1	30	350	350	00	0000099040536	0	1	0	0	0	0	0	0
$10	1572	2424	1	0	2030	1.00	2690	21.11.02	16:46	1	30	2690	2690	00	0800307818830	0	0	0	0	0	0	0	0
$1	1572	2425	1	0	2030	1.00	2690	21.11.02	17:16	1	30	2690	2690	00	0800307818830	0	0	0	0	0	0	0	0
$1	1572	2425	2	0	0452	1.00	3990	21.11.02	17:16	1	30	3990	3990	00	5907502687058	0	0	0	0	0	0	0	0
$1	1572	2425	3	0	1112	1.00	490	21.11.02	17:16	2	30	490	490	00	5906365702267	0	0	0	0	0	0	0	0
$1	1572	2425	4	0	1097	1.00	450	21.11.02	17:16	2	30	450	450	00	5909994310568	0	0	0	0	0	0	0	0
$1	1572	2425	5	0	1168	1.00	450	21.11.02	17:16	2	30	450	450	00	5909994310261	0	0	0	0	0	0	0	0
$1	1572	2425	6	0	1232	1.00	400	21.11.02	17:16	2	30	400	400	00	5909990219520	0	0	0	0	0	0	0	0
$1	1573	2429	1	0	0526	1.00	3350	21.11.03	10:13	1	30	3350	3350	00	5907502687683	0	0	0	0	0	0	0	0
$1	1573	2429	2	0	0525	1.00	3350	21.11.03	10:13	1	30	3350	3350	00	5907502687676	0	0	0	0	0	0	0	0
$1	1573	2429	3	0	0527	1.00	3390	21.11.03	10:13	1	30	3390	3390	00	5907502687690	0	0	0	0	0	0	0	0
$1	1573	2430	1	0	0727	1.00	8250	21.11.03	10:45	1	30	8250	8250	00	0000003007273	0	0	0	0	0	0	0	0
$1	1573	2431	1	0	1821	1.00	1890	21.11.03	11:24	1	30	1890	1890	00	5701278288149	0	0	0	0	0	0	0	0
$1	1573	2431	2	0	0396	1.00	1890	21.11.03	11:24	1	30	1890	1890	00	5900168907775	0	0	0	0	0	0	0	0
$1	1573	2431	3	0	3479	1.00	2700	21.11.03	11:24	1	30	2700	2700	00	0000002034799	0	0	0	0	0	0	0	0
$1	1573	2432	1	0	0182	1.000	780	21.11.03	11:26	2	30	780	780	00	0000000000000	0	0	0	0	0	0	0	0
$1	1573	2433	1	0	2333	1.00	313	21.11.03	11:34	3	30	1250	1250	00	5903246866643	0	1	0	0	0	0	0	0
$1	1573	2433	2	0	2596	1.00	273	21.11.03	11:34	1	30	1090	1090	00	0000017025966	0	1	0	0	0	0	0	0
$1	1573	2433	3	0	3078	1.00	63	21.11.03	11:34	2	30	250	250	00	5902741001894	0	1	0	0	0	0	0	0
$1	1573	2434	1	0	3901	3.00	2850	21.11.03	11:37	1	30	2850	2850	00	0000028039013	0	0	0	0	0	0	0	0
$1	1573	2435	1	0	1068	1.00	490	21.11.03	11:51	2	30	490	490	00	5905279799400	0	0	0	0	0	0	0	0
$1	1573	2436	1	0	3454	1.00	3890	21.11.03	12:16	1	30	3890	3890	00	0000024034548	0	0	0	0	0	0	0	0
$1	1573	2436	2	0	3455	1.00	3950	21.11.03	12:16	1	30	3950	3950	00	0000024034555	0	0	0	0	0	0	0	0
$1	1573	2436	3	0	3244	1.00	1850	21.11.03	12:16	1	30	1850	1850	00	0000024032445	0	0	0	0	0	0	0	0
$1	1573	2437	1	0	2350	4.00	2600	21.11.03	12:27	1	30	2600	2600	00	0000015023506	0	0	0	0	0	0	0	0
$1	1573	2438	1	0	0002	1.000	4890	21.11.03	12:59	1	30	4890	4890	00	0000000000000	0	0	0	0	0	0	0	0
$1	1573	2439	1	0	0002	1.000	2590	21.11.03	12:59	1	30	2590	2590	00	0000000000000	0	0	0	0	0	0	0	0
$1	1573	2440	1	0	1232	2.00	800	21.11.03	13:09	2	30	800	800	00	5909990219520	0	0	0	0	0	0	0	0
$1	1573	2441	1	0	1231	1.00	450	21.11.03	13:20	2	30	450	450	00	5909994310469	0	0	0	0	0	0	0	0
$1	1573	2442	1	0	0038	1.000	850	21.11.03	13:22	1	30	850	850	00	0000000000000	0	0	0	0	0	0	0	0
$1	1573	2443	1	0	3458	1.00	40	21.11.03	13:53	1	30	3950	3950	00	0000024034586	0	1	0	0	0	0	0	0
$1	1573	2444	1	0	0002	1.000	4890	21.11.03	14:38	1	30	4890	4890	00	0000000000000	0	0	0	0	0	0	0	0
$1	1573	2444	2	0	0002	3.000	16770	21.11.03	14:38	1	30	16770	16770	00	0000000000000	0	0	0	0	0	0	0	0
$1	1573	2445	1	0	1527	1.00	3350	21.11.03	16:41	3	30	3350	3350	00	0000007015274	0	0	0	0	0	0	0	0
$1	1574	2448	1	0	0788	1.00	4750	21.11.04	10:19	1	30	4750	4750	00	0000003007884	0	0	0	0	0	0	0	0
$1	1574	2448	2	0	2350	1.00	650	21.11.04	10:19	1	30	650	650	00	0000015023506	0	0	0	0	0	0	0	0
$1	1574	2448	3	0	1339	1.00	1390	21.11.04	10:19	3	30	1390	1390	00	0000006013394	0	0	0	0	0	0	0	0
$1	1574	2448	4	0	2714	1.00	1990	21.11.04	10:19	3	30	1990	1990	00	0000017027144	0	0	0	0	0	0	0	0
$1	1574	2449	1	0	0026	1.000	2190	21.11.04	10:34	1	30	2190	2190	00	0000000000000	0	0	0	0	0	0	0	0
$1	1574	2449	2	0	0026	1.000	1990	21.11.04	10:34	1	30	1990	1990	00	0000000000000	0	0	0	0	0	0	0	0
$1	1574	2450	1	0	0195	1.000	1050	21.11.04	10:57	1	30	1050	1050	00	0000000000000	0	0	0	0	0	0	0	0
$1	1574	2450	2	0	0982	1.00	450	21.11.04	10:57	2	30	450	450	00	5907752643385	0	0	0	0	0	0	0	0
$1	1574	2450	3	0	1107	1.00	450	21.11.04	10:57	2	30	450	450	00	5909994311466	0	0	0	0	0	0	0	0
$1	1574	2450	4	0	0982	1.00	450	21.11.04	10:57	2	30	450	450	00	5907752643385	0	0	0	0	0	0	0	0
$1	1574	2451	1	0	0458	1.00	1290	21.11.04	11:02	1	30	1290	1290	00	5907502687072	0	0	0	0	0	0	0	0
$1	1574	2451	2	0	0731	1.00	4150	21.11.04	11:02	1	30	4150	4150	00	0000003007310	0	0	0	0	0	0	0	0
$1	1574	2451	3	0	0345	1.00	1890	21.11.04	11:02	1	30	1890	1890	00	5900168900387	0	0	0	0	0	0	0	0
$1	1574	2452	1	0	2028	1.00	2690	21.11.04	11:32	1	30	2690	2690	00	0000010020289	0	0	0	0	0	0	0	0
$1	1574	2453	1	0	0006	1.000	2890	21.11.04	11:33	1	30	2890	2890	00	0000000000000	0	0	0	0	0	0	0	0
$1	1574	2454	1	0	3090	1.00	690	21.11.04	11:35	2	30	690	690	00	5902741005762	0	0	0	0	0	0	0	0
$1	1574	2455	1	0	0093	1.000	550	21.11.04	11:47	3	30	550	550	00	0000000000000	0	0	0	0	0	0	0	0
$1	1574	2456	1	0	3901	2.00	1900	21.11.04	11:56	1	30	1900	1900	00	0000028039013	0	0	0	0	0	0	0	0
$1	1574	2456	2	0	0609	1.00	4190	21.11.04	11:56	1	30	4190	4190	00	5902249011111	0	0	0	0	0	0	0	0
$1	1574	2457	1	0	1991	1.00	3690	21.11.04	12:40	1	30	3690	3690	00	0000009019911	0	0	0	0	0	0	0	0
$1	1574	2457	2	0	0002	1.000	3490	21.11.04	12:40	1	30	3490	3490	00	0000000000000	0	0	0	0	0	0	0	0
$1	1574	2457	3	0	0230	1.000	1290	21.11.04	12:40	1	30	1290	1290	00	0000000000000	0	0	0	0	0	0	0	0
$1	1574	2458	1	0	1165	1.00	5	21.11.04	13:02	2	30	450	450	00	5909994311169	0	1	0	0	0	0	0	0
$1	1574	2458	2	0	1251	1.00	5	21.11.04	13:02	2	30	490	490	00	5909994308527	0	1	0	0	0	0	0	0
$1	1574	2458	3	0	1097	3.00	14	21.11.04	13:02	2	30	1350	1350	00	5909994310568	0	1	0	0	0	0	0	0
$10	1574	2459	1	0	2542	1.00	950	21.11.04	14:17	2	30	950	950	00	0000017025423	0	0	0	0	0	0	0	0
$10	1574	2459	2	0	2542	1.00	950	21.11.04	14:17	2	30	950	950	00	0000017025423	0	0	0	0	0	0	0	0
$10	1574	2459	3	0	2542	1.00	950	21.11.04	14:17	2	30	950	950	00	0000017025423	0	0	0	0	0	0	0	0
$1	1574	2459	1	0	0103	2.000	1380	21.11.04	14:17	1	30	1380	1380	00	0000000000000	0	0	0	0	0	0	0	0
$1	1574	2460	1	0	1391	1.00	3650	21.11.04	14:25	2	30	3650	3650	00	0000006013912	0	0	0	0	0	0	0	0
$1	1574	2460	2	0	2523	1.00	2450	21.11.04	14:25	2	30	2450	2450	00	0000017025232	0	0	0	0	0	0	0	0
$1	1574	2460	3	0	1185	1.00	490	21.11.04	14:25	2	30	490	490	00	5909990628391	0	0	0	0	0	0	0	0
$1	1574	2461	1	0	2542	1.00	238	21.11.04	14:27	2	30	950	950	00	5904960016123	0	1	0	0	0	0	0	0
$1	1574	2461	2	0	2542	1.00	238	21.11.04	14:27	2	30	950	950	00	5904960016123	0	1	0	0	0	0	0	0
$1	1574	2461	3	0	2542	1.00	163	21.11.04	14:27	2	30	650	950	00	5904960016123	0	1	0	0	0	0	0	1
$1	1574	2462	1	0	0041	1.000	1750	21.11.04	15:03	1	30	1750	1750	00	0000000000000	0	0	0	0	0	0	0	0
$1	1574	2463	1	0	0383	1.00	5050	21.11.04	15:19	1	30	5050	5050	00	5900168903968	0	0	0	0	0	0	0	0
$1	1574	2464	1	0	2053	3.00	7650	21.11.04	15:54	1	30	7650	7650	00	0000011020530	0	0	0	0	0	0	0	0
$1	1574	2464	2	0	2052	2.00	19600	21.11.04	15:54	1	30	19600	19600	00	0000011020523	0	0	0	0	0	0	0	0
$1	1574	2465	1	0	1924	1.00	1750	21.11.04	16:29	1	30	1750	1750	00	0000009019249	0	0	0	0	0	0	0	0
$1	1574	2465	2	0	1922	1.00	1750	21.11.04	16:29	1	30	1750	1750	00	0000009019225	0	0	0	0	0	0	0	0
$1	1574	2465	3	0	0736	1.00	4390	21.11.04	16:29	1	30	4390	4390	00	0000003007365	0	0	0	0	0	0	0	0
$1	1574	2465	4	0	2498	1.00	1490	21.11.04	16:29	3	30	1490	1490	00	0000020024987	0	0	0	0	0	0	0	0
$1	1574	2465	5	0	1342	1.00	1590	21.11.04	16:29	3	30	1590	1590	00	0000006013424	0	0	0	0	0	0	0	0
$1	1574	2466	1	0	0731	1.00	4150	21.11.04	16:32	1	30	4150	4150	00	0000003007310	0	0	0	0	0	0	0	0
$1	1574	2466	2	0	0774	1.00	3700	21.11.04	16:32	1	30	3700	3700	00	0000003007747	0	0	0	0	0	0	0	0
$1	1574	2467	1	0	2988	1.00	2090	21.11.04	17:08	2	30	2090	2090	00	0000019029887	0	0	0	0	0	0	0	0
$1	1574	2468	1	0	3903	1.00	2150	21.11.04	17:18	1	30	2150	2150	00	0000028039037	0	0	0	0	0	0	0	0
$1	1574	2468	2	0	0016	1.000	2990	21.11.04	17:18	1	30	2990	2990	00	0000000000000	0	0	0	0	0	0	0	0
$1	1574	2468	3	0	3648	1.00	4950	21.11.04	17:18	1	30	4950	4950	00	0000009036482	0	0	0	0	0	0	0	0
$1	1574	2468	4	0	0066	1.000	1190	21.11.04	17:18	1	30	1190	1190	00	0000000000000	0	0	0	0	0	0	0	0
$1	1574	2469	1	0	3479	1.00	2700	21.11.04	17:34	1	30	2700	2700	00	0000002034799	0	0	0	0	0	0	0	0
$1	1574	2469	2	0	4007	1.00	1150	21.11.04	17:34	1	30	1150	1150	00	0000031040075	0	0	0	0	0	0	0	0
$1	1574	2470	1	0	2354	1.00	9850	21.11.04	17:38	1	30	9850	9850	00	0000001023541	0	0	0	0	0	0	0	0
$1	1574	2470	2	0	2355	1.00	9850	21.11.04	17:38	1	30	9850	9850	00	0000001023558	0	0	0	0	0	0	0	0
$1	1574	2470	3	0	2297	1.00	4850	21.11.04	17:38	1	30	4850	4850	00	0000014022975	0	0	0	0	0	0	0	0
$1	1575	2472	1	0	2350	2.00	1300	21.11.05	09:57	1	30	1300	1300	00	0000015023506	0	0	0	0	0	0	0	0
$1	1575	2472	2	0	0041	1.000	200	21.11.05	09:57	1	30	200	200	00	0000000000000	0	0	0	0	0	0	0	0
$1	1575	2473	1	0	1562	1.00	2390	21.11.05	10:48	2	30	2390	2390	00	0000007015625	0	0	0	0	0	0	0	0
$1	1575	2474	1	0	0463	1.00	2250	21.11.05	10:49	1	30	2250	2250	00	5907502687249	0	0	0	0	0	0	0	0
$1	1575	2475	1	0	1925	1.00	1450	21.11.05	11:30	2	30	1450	1450	00	0000009019256	0	0	0	0	0	0	0	0
$1	1575	2475	2	0	0971	1.00	790	21.11.05	11:30	2	30	790	790	00	0000005009718	0	0	0	0	0	0	0	0
$1	1575	2476	1	0	0002	1.000	1090	21.11.05	12:28	1	30	1090	1090	00	0000000000000	0	0	0	0	0	0	0	0
$1	1575	2476	2	0	3727	1.00	1150	21.11.05	12:28	1	30	1150	1150	00	8691190070601	0	0	0	0	0	0	0	0
$1	1575	2476	3	0	3720	1.00	1750	21.11.05	12:28	1	30	1750	1750	00	8691190965426	0	0	0	0	0	0	0	0
$1	1575	2477	1	0	1037	1.00	550	21.11.05	12:45	2	30	550	550	00	5905279799424	0	0	0	0	0	0	0	0
$1	1575	2477	2	0	0002	1.000	1090	21.11.05	12:45	1	30	1090	1090	00	0000000000000	0	0	0	0	0	0	0	0
$1	1575	2478	1	0	2053	1.00	2550	21.11.05	12:54	1	30	2550	2550	00	0000011020530	0	0	0	0	0	0	0	0
$1	1575	2478	2	0	2053	1.00	2550	21.11.05	12:54	1	30	2550	2550	00	0000011020530	0	0	0	0	0	0	0	0
$1	1575	2478	3	0	2053	1.00	2550	21.11.05	12:54	1	30	2550	2550	00	0000011020530	0	0	0	0	0	0	0	0
$1	1575	2478	4	0	0738	1.00	7600	21.11.05	12:54	1	30	7600	7600	00	0000003007389	0	0	0	0	0	0	0	0
$1	1575	2479	1	0	0016	1.000	3190	21.11.05	13:31	1	30	3190	3190	00	0000000000000	0	0	0	0	0	0	0	0
$1	1575	2479	2	0	2341	1.00	1990	21.11.05	13:31	1	30	1990	1990	00	5903760200572	0	0	0	0	0	0	0	0
$1	1575	2479	3	0	2341	1.00	1990	21.11.05	13:31	1	30	1990	1990	00	5903760200572	0	0	0	0	0	0	0	0
$1	1575	2479	4	0	0182	1.000	460	21.11.05	13:31	2	30	460	460	00	0000000000000	0	0	0	0	0	0	0	0
$1	1575	2479	5	0	1337	1.00	1190	21.11.05	13:31	3	30	1190	1190	00	0000006013370	0	0	0	0	0	0	0	0
$1	1575	2480	1	0	2350	4.00	2600	21.11.05	13:33	1	30	2600	2600	00	0000015023506	0	0	0	0	0	0	0	0
$1	1575	2481	1	0	2432	1.00	2790	21.11.05	13:51	1	30	2790	2790	00	0000016024328	0	0	0	0	0	0	0	0
$1	1575	2482	1	0	2285	1.00	1950	21.11.05	14:17	1	30	1950	1950	00	0000014022852	0	0	0	0	0	0	0	0
$1	1575	2483	1	0	2350	2.00	1300	21.11.05	15:38	1	30	1300	1300	00	0000015023506	0	0	0	0	0	0	0	0
$1	1575	2483	2	0	1189	1.00	550	21.11.05	15:38	2	30	550	550	00	5909994310711	0	0	0	0	0	0	0	0
$1	1575	2484	1	0	3150	1.00	3290	21.11.05	15:44	1	30	3290	3290	00	0000028031505	0	0	0	0	0	0	0	0
$1	1575	2484	2	0	2350	6.00	3900	21.11.05	15:44	1	30	3900	3900	00	0000015023506	0	0	0	0	0	0	0	0
$1	1575	2485	1	0	0025	1.000	320	21.11.05	15:52	1	30	320	320	00	0000000000000	0	0	0	0	0	0	0	0
$1	1575	2485	2	0	2438	1.00	2950	21.11.05	15:52	1	30	2950	2950	00	0000016024380	0	0	0	0	0	0	0	0
$1	1575	2485	3	0	0628	1.00	690	21.11.05	15:52	1	30	690	690	00	5902249011326	0	0	0	0	0	0	0	0
$1	1575	2485	4	0	0988	1.00	790	21.11.05	15:52	1	30	790	790	00	0000005009886	0	0	0	0	0	0	0	0
$1	1575	2485	5	0	0988	1.00	790	21.11.05	15:52	1	30	790	790	00	0000005009886	0	0	0	0	0	0	0	0
$10	1575	2485	1	0	0628	1.00	690	21.11.05	15:52	1	30	690	690	00	5902249011326	0	0	0	0	0	0	0	0
$1	1575	2486	1	0	0601	1.00	2490	21.11.05	16:22	1	30	2490	2490	00	5902249010992	0	0	0	0	0	0	0	0
$1	1575	2486	2	0	0528	1.00	1990	21.11.05	16:22	1	30	1990	1990	00	5907502687881	0	0	0	0	0	0	0	0
$1	1575	2487	1	0	0182	1.000	1850	21.11.05	16:45	2	30	1850	1850	00	0000000000000	0	0	0	0	0	0	0	0
$1	1575	2487	2	0	1337	1.00	1190	21.11.05	16:45	3	30	1190	1190	00	0000006013370	0	0	0	0	0	0	0	0
$1	1575	2487	3	0	0608	1.00	850	21.11.05	16:45	1	30	850	850	00	5902249011050	0	0	0	0	0	0	0	0
$1	1576	2489	1	0	4060	1.00	6950	21.11.06	09:30	2	30	6950	6950	00	0000027040607	0	0	0	0	0	0	0	0
$1	1576	2490	1	0	1170	1.00	490	21.11.06	09:32	2	30	490	490	00	5909994311565	0	0	0	0	0	0	0	0
$1	1576	2490	2	0	0982	1.00	450	21.11.06	09:32	2	30	450	450	00	5907752643385	0	0	0	0	0	0	0	0
$1	1576	2491	1	0	0710	1.00	2150	21.11.06	09:35	1	30	2150	2150	00	0000003007105	0	0	0	0	0	0	0	0
$1	1576	2492	1	0	2350	2.00	1300	21.11.06	10:22	1	30	1300	1300	00	0000015023506	0	0	0	0	0	0	0	0
$1	1576	2493	1	0	2053	1.00	2550	21.11.06	10:40	1	30	2550	2550	00	0000011020530	0	0	0	0	0	0	0	0
$1	1576	2493	2	0	2053	1.00	2550	21.11.06	10:40	1	30	2550	2550	00	0000011020530	0	0	0	0	0	0	0	0
$1	1576	2494	1	0	3715	1.00	1250	21.11.06	10:45	1	30	1250	1250	00	8691190068660	0	0	0	0	0	0	0	0
$1	1576	2494	2	0	0311	1.00	1850	21.11.06	10:45	1	30	1850	1850	00	5903111747039	0	0	0	0	0	0	0	0
$10	1576	2495	1	0	1203	1.00	550	21.11.06	10:55	2	30	550	550	00	5909990219612	0	0	0	0	0	0	0	0
$1	1576	2495	1	0	2053	1.00	2550	21.11.06	10:55	1	30	2550	2550	00	0000011020530	0	0	0	0	0	0	0	0
$10	1576	2496	1	0	0337	1.00	3250	21.11.06	11:09	1	30	3250	3250	00	5900168902329	0	0	0	0	0	0	0	0
$10	1576	2496	2	0	0337	1.00	3250	21.11.06	11:09	1	30	3250	3250	00	5900168902329	0	0	0	0	0	0	0	0
$1	1576	2496	1	0	0337	1.00	2250	21.11.06	11:09	1	30	2250	3250	00	5900168902329	0	0	0	0	0	0	0	1
$1	1576	2496	2	0	0001	1.000	1750	21.11.06	11:09	1	30	1750	1750	00	0000000000000	0	0	0	0	0	0	0	0
$1	1576	2496	3	0	0371	1.00	1450	21.11.06	11:09	1	30	1450	1450	00	5906874565292	0	0	0	0	0	0	0	0
$1	1576	2497	1	0	1693	1.00	2800	21.11.06	11:18	1	30	2800	2800	00	0000007016936	0	0	0	0	0	0	0	0
$1	1576	2497	2	0	1337	1.00	1190	21.11.06	11:18	3	30	1190	1190	00	0000006013370	0	0	0	0	0	0	0	0
$1	1576	2498	1	0	2666	1.00	2390	21.11.06	11:18	3	30	2390	2390	00	0000017026666	0	0	0	0	0	0	0	0
$1	1576	2499	1	0	2024	1.00	2490	21.11.06	11:21	1	30	2490	2490	00	0000010020241	0	0	0	0	0	0	0	0
$1	1576	2500	1	0	0182	1.000	780	21.11.06	11:30	2	30	780	780	00	0000000000000	0	0	0	0	0	0	0	0
$1	1576	2500	2	0	3093	1.00	700	21.11.06	11:30	2	30	700	700	00	0000020030933	0	0	0	0	0	0	0	0
$1	1576	2501	1	0	0021	1.000	3950	21.11.06	11:30	1	30	3950	3950	00	0000000000000	0	0	0	0	0	0	0	0
$1	1576	2502	1	0	0038	1.000	860	21.11.06	11:36	1	30	860	860	00	0000000000000	0	0	0	0	0	0	0	0
$1	1576	2503	1	0	3940	1.00	1790	21.11.06	11:39	1	30	1790	1790	00	0000031039406	0	0	0	0	0	0	0	0
$1	1576	2503	2	0	1190	1.00	550	21.11.06	11:39	2	30	550	550	00	0000005011902	0	0	0	0	0	0	0	0
$1	1576	2504	1	0	2350	1.00	650	21.11.06	11:40	1	30	650	650	00	0000015023506	0	0	0	0	0	0	0	0
$1	1576	2504	2	0	0041	1.000	200	21.11.06	11:40	1	30	200	200	00	0000000000000	0	0	0	0	0	0	0	0
$1	1576	2505	1	0	1249	1.00	750	21.11.06	11:43	2	30	750	750	00	5909994310667	0	0	0	0	0	0	0	0
$1	1576	2506	1	0	0012	1.000	1090	21.11.06	11:57	1	30	1090	1090	00	0000000000000	0	0	0	0	0	0	0	0
$1	1576	2507	1	0	3451	1.00	3750	21.11.06	12:20	1	30	3750	3750	00	0000024034517	0	0	0	0	0	0	0	0
$1	1576	2508	1	0	2978	1.00	2450	21.11.06	12:30	2	30	2450	2450	00	5908230845383	0	0	0	0	0	0	0	0
$1	1576	2508	2	0	0026	1.000	2590	21.11.06	12:30	1	30	2590	2590	00	0000000000000	0	0	0	0	0	0	0	0
$1	1576	2509	1	0	3901	1.00	950	21.11.06	12:30	1	30	950	950	00	0000028039013	0	0	0	0	0	0	0	0
$1	1576	2510	1	0	3232	1.00	2890	21.11.06	12:35	1	30	2890	2890	00	0000024032322	0	0	0	0	0	0	0	0
$12	1576	1	1	0	0021	1.000	4250	21.11.06	12:42	1	30	4250	4250	00	0000000000000	0	0	0	0	0	0	0	0
$1	1576	2512	1	0	0994	1.00	450	21.11.06	12:43	2	30	450	450	00	5906365702854	0	0	0	0	0	0	0	0
$1	1576	2512	2	0	0994	1.00	450	21.11.06	12:43	2	30	450	450	00	5906365702854	0	0	0	0	0	0	0	0
$1	1576	2512	3	0	1206	1.00	490	21.11.06	12:43	2	30	490	490	00	5909990903115	0	0	0	0	0	0	0	0
$1	1576	2512	4	0	1173	1.00	450	21.11.06	12:43	2	30	450	450	00	5909990468225	0	0	0	0	0	0	0	0
$1	1576	2512	5	0	1081	1.00	490	21.11.06	12:43	3	30	490	490	00	5906365702816	0	0	0	0	0	0	0	0
$1	1576	2512	6	0	1170	1.00	490	21.11.06	12:43	2	30	490	490	00	0000005011704	0	0	0	0	0	0	0	0
$1	1576	2513	1	0	0021	1.000	4250	21.11.06	13:02	1	30	4250	4250	00	0000000000000	0	0	0	0	0	0	0	0
$1	1576	2513	2	0	3480	1.00	2500	21.11.06	13:02	1	30	2500	2500	00	0000001034806	0	0	0	0	0	0	0	0
$1	1576	2514	1	0	2053	8.00	20400	21.11.06	13:05	1	30	20400	20400	00	0000011020530	0	0	0	0	0	0	0	0
$1	1576	2514	2	0	0051	1.000	3650	21.11.06	13:05	1	30	3650	3650	00	0000000000000	0	0	0	0	0	0	0	0
$1	1576	2515	1	0	0643	1.00	3090	21.11.06	13:22	1	30	3090	3090	00	5902249012040	0	0	0	0	0	0	0	0
$1	1577	2521	1	0	0563	1.00	3250	21.11.09	09:54	1	30	3250	3250	00	0000002005638	0	0	0	0	0	0	0	0
$10	1577	2521	1	0	0181	9.900	1881	21.11.09	09:54	3	30	1881	1881	00	0000000000000	0	0	0	0	0	0	0	0
$1	1577	2521	2	0	0181	1.000	990	21.11.09	09:54	3	30	990	990	00	0000000000000	0	0	0	0	0	0	0	0
$1	1577	2521	3	0	0581	1.00	2690	21.11.09	09:54	1	30	2690	2690	00	5902249010572	0	0	0	0	0	0	0	0
$1	1577	2522	1	0	0504	1.00	3350	21.11.09	09:56	1	30	3350	3350	00	5907502687508	0	0	0	0	0	0	0	0
$1	1577	2523	1	0	1249	1.00	750	21.11.09	10:13	2	30	750	750	00	5909994310667	0	0	0	0	0	0	0	0
$1	1577	2523	2	0	1562	1.00	2390	21.11.09	10:13	2	30	2390	2390	00	5907804205486	0	0	0	0	0	0	0	0
$1	1577	2524	1	0	1378	1.00	1990	21.11.09	10:21	1	30	1990	1990	00	0000006013783	0	0	0	0	0	0	0	0
$1	1577	2525	1	0	1055	1.00	950	21.11.09	11:43	3	30	950	950	00	5905279799141	0	0	0	0	0	0	0	0
$1	1577	2526	1	0	3093	1.00	700	21.11.09	12:03	2	30	700	700	00	0000020030933	0	0	0	0	0	0	0	0
$1	1577	2527	1	0	0982	1.00	450	21.11.09	12:30	2	30	450	450	00	5907752643385	0	0	0	0	0	0	0	0
$1	1577	2527	2	0	0952	1.00	390	21.11.09	12:30	3	30	390	390	00	5906365702472	0	0	0	0	0	0	0	0
$1	1577	2527	3	0	0952	1.00	390	21.11.09	12:30	3	30	390	390	00	5906365702472	0	0	0	0	0	0	0	0
$1	1577	2527	4	0	1088	1.00	650	21.11.09	12:30	3	30	650	650	00	0000005010882	0	0	0	0	0	0	0	0
$1	1577	2527	5	0	1122	1.00	890	21.11.09	12:30	3	30	890	890	00	5907752643798	0	0	0	0	0	0	0	0
$1	1577	2527	6	0	0026	1.000	2290	21.11.09	12:30	1	30	2290	2290	00	0000000000000	0	0	0	0	0	0	0	0
$1	1577	2528	1	0	0451	1.00	4250	21.11.09	12:57	1	30	4250	4250	00	0000002004518	0	0	0	0	0	0	0	0
$1	1577	2528	2	0	0041	1.000	1750	21.11.09	12:57	1	30	1750	1750	00	0000000000000	0	0	0	0	0	0	0	0
$1	1577	2529	1	0	1054	2.00	980	21.11.09	13:09	3	30	980	980	00	5907752643873	0	0	0	0	0	0	0	0
$1	1577	2530	1	0	2882	1.00	8950	21.11.09	13:15	1	30	8950	8950	00	0000018028829	0	0	0	0	0	0	0	0
$1	1577	2530	2	0	2895	1.00	11550	21.11.09	13:15	1	30	11550	11550	00	0000018028959	0	0	0	0	0	0	0	0
$1	1577	2530	3	0	2828	1.00	11050	21.11.09	13:15	1	30	11050	11050	00	0000018028287	0	0	0	0	0	0	0	0
$1	1577	2530	4	0	3210	1.00	1950	21.11.09	13:15	1	30	1950	1950	00	0000018032109	0	0	0	0	0	0	0	0
$1	1577	2530	5	0	3210	1.00	1950	21.11.09	13:15	1	30	1950	1950	00	0000018032109	0	0	0	0	0	0	0	0
$1	1577	2530	6	0	3357	1.00	3850	21.11.09	13:15	1	30	3850	3850	00	0000018033571	0	0	0	0	0	0	0	0
$1	1577	2530	7	0	3636	1.00	9790	21.11.09	13:15	1	30	9790	9790	00	0000018036367	0	0	0	0	0	0	0	0
$1	1577	2530	8	0	0591	1.00	4250	21.11.09	13:15	1	30	4250	4250	00	5907502687928	0	0	0	0	0	0	0	0
$1	1577	2530	9	0	0026	1.000	1490	21.11.09	13:15	1	30	1490	1490	00	0000000000000	0	0	0	0	0	0	0	0
$1	1577	2531	1	0	3651	1.00	3190	21.11.09	13:21	1	30	3190	3190	00	0000009036512	0	0	0	0	0	0	0	0
$1	1577	2531	2	0	1553	1.00	1250	21.11.09	13:21	2	30	1250	1250	00	0000007015533	0	0	0	0	0	0	0	0
$1	1577	2531	3	0	1491	1.00	2790	21.11.09	13:21	3	30	2790	2790	00	0000007014918	0	0	0	0	0	0	0	0
$1	1577	2531	4	0	1557	1.00	2390	21.11.09	13:21	3	30	2390	2390	00	0000007015571	0	0	0	0	0	0	0	0
$1	1577	2531	5	0	3650	1.00	3190	21.11.09	13:21	1	30	3190	3190	00	0000009036505	0	0	0	0	0	0	0	0
$1	1577	2531	6	0	1491	1.00	2790	21.11.09	13:21	3	30	2790	2790	00	0000007014918	0	0	0	0	0	0	0	0
$1	1577	2531	7	0	2498	1.00	1490	21.11.09	13:21	3	30	1490	1490	00	0000020024987	0	0	0	0	0	0	0	0
$1	1577	2531	8	0	1553	1.00	1250	21.11.09	13:21	2	30	1250	1250	00	0000007015533	0	0	0	0	0	0	0	0
$1	1577	2531	9	0	0041	2.000	400	21.11.09	13:21	1	30	400	400	00	0000000000000	0	0	0	0	0	0	0	0
$1	1577	2531	10	0	0225	2.000	400	21.11.09	13:21	1	30	400	400	00	0000000000000	0	0	0	0	0	0	0	0
$1	1577	2532	1	0	1012	1.00	890	21.11.09	13:24	2	30	890	890	00	5909994310865	0	0	0	0	0	0	0	0
$1	1577	2533	1	0	3401	1.00	2590	21.11.09	13:39	1	30	2590	2590	00	0000023034013	0	0	0	0	0	0	0	0
$1	1577	2533	2	0	3676	1.00	2590	21.11.09	13:39	1	30	2590	2590	00	0000023036765	0	0	0	0	0	0	0	0
$1	1577	2533	3	0	3653	1.00	1990	21.11.09	13:39	1	30	1990	1990	00	0000009036536	0	0	0	0	0	0	0	0
$1	1577	2533	4	0	0225	1.000	200	21.11.09	13:39	1	30	200	200	00	0000000000000	0	0	0	0	0	0	0	0
$1	1577	2534	1	0	1586	1.00	1350	21.11.09	13:42	1	30	1350	1350	00	0000007015861	0	0	0	0	0	0	0	0
$1	1577	2535	1	0	0012	1.000	1090	21.11.09	14:03	1	30	1090	1090	00	0000000000000	0	0	0	0	0	0	0	0
$1	1577	2536	1	0	0964	1.00	590	21.11.09	14:16	2	30	590	590	00	5905279799585	0	0	0	0	0	0	0	0
$1	1577	2537	1	0	3478	1.00	2700	21.11.09	14:41	1	30	2700	2700	00	0000002034782	0	0	0	0	0	0	0	0
$1	1577	2538	1	0	0725	1.00	6190	21.11.09	14:56	1	30	6190	6190	00	0000003007259	0	0	0	0	0	0	0	0
$1	1577	2538	2	0	3269	1.00	5900	21.11.09	14:56	1	30	5900	5900	00	0000014032691	0	0	0	0	0	0	0	0
$1	1577	2538	3	0	2053	1.00	2550	21.11.09	14:56	1	30	2550	2550	00	0000011020530	0	0	0	0	0	0	0	0
$1	1577	2539	1	0	1013	1.00	500	21.11.09	15:10	2	30	500	500	00	5909990628438	0	0	0	0	0	0	0	0
$1	1577	2539	2	0	1197	1.00	390	21.11.09	15:10	2	30	390	390	00	5909994309128	0	0	0	0	0	0	0	0
$1	1577	2539	3	0	1249	1.00	750	21.11.09	15:10	2	30	750	750	00	5909994310667	0	0	0	0	0	0	0	0
$1	1577	2539	4	0	1016	1.00	450	21.11.09	15:10	3	30	450	450	00	5906365702380	0	0	0	0	0	0	0	0
$1	1577	2539	5	0	1008	1.00	450	21.11.09	15:10	2	30	450	450	00	5909994311367	0	0	0	0	0	0	0	0
$1	1577	2539	6	0	1008	1.00	450	21.11.09	15:10	2	30	450	450	00	5909994311367	0	0	0	0	0	0	0	0
$1	1577	2539	7	0	1149	1.00	450	21.11.09	15:10	2	30	450	450	00	5909994311961	0	0	0	0	0	0	0	0
$1	1577	2539	8	0	1230	1.00	450	21.11.09	15:10	2	30	450	450	00	5909994310766	0	0	0	0	0	0	0	0
$1	1577	2539	9	0	1207	1.00	450	21.11.09	15:10	2	30	450	450	00	5909994309821	0	0	0	0	0	0	0	0
$1	1577	2539	10	0	0997	1.00	450	21.11.09	15:10	2	30	450	450	00	5906365702083	0	0	0	0	0	0	0	0
$1	1577	2539	11	0	0603	1.00	4150	21.11.09	15:10	1	30	4150	4150	00	5902249011074	0	0	0	0	0	0	0	0
$1	1577	2540	1	0	2506	1.00	850	21.11.09	15:17	1	30	850	850	00	5903246861051	0	0	0	0	0	0	0	0
$1	1577	2541	1	0	2429	1.00	2790	21.11.09	15:21	1	30	2790	2790	00	0000016024298	0	0	0	0	0	0	0	0
$1	1577	2542	1	0	1268	1.00	44	21.11.09	15:39	1	30	44	4350	00	0000024012683	0	0	0	0	0	0	0	1
$1	1577	2543	1	0	0230	1.000	1390	21.11.09	15:52	1	30	1390	1390	00	0000000000000	0	0	0	0	0	0	0	0
$1	1577	2543	2	0	3064	1.00	3250	21.11.09	15:52	2	30	3250	3250	00	0000020030643	0	0	0	0	0	0	0	0
$1	1577	2543	3	0	2508	1.00	1390	21.11.09	15:52	2	30	1390	1390	00	0000020025083	0	0	0	0	0	0	0	0
$1	1577	2544	1	0	3022	1.00	550	21.11.09	15:56	2	30	550	550	00	0000020030223	0	0	0	0	0	0	0	0
$1	1577	2544	2	0	3025	1.00	590	21.11.09	15:56	2	30	590	590	00	0000020030254	0	0	0	0	0	0	0	0
$1	1577	2545	1	0	3078	1.00	250	21.11.09	16:07	2	30	250	250	00	0000020030780	0	0	0	0	0	0	0	0
$1	1577	2545	2	0	3031	1.00	350	21.11.09	16:07	2	30	350	350	00	0000020030315	0	0	0	0	0	0	0	0
$1	1577	2545	3	0	3077	1.00	290	21.11.09	16:07	2	30	290	290	00	0000020030773	0	0	0	0	0	0	0	0
$1	1577	2546	1	0	1503	1.00	2450	21.11.09	16:22	3	30	2450	2450	00	0000007015038	0	0	0	0	0	0	0	0
$1	1577	2547	1	0	0496	1.00	3550	21.11.09	16:38	1	30	3550	3550	00	5907502687430	0	0	0	0	0	0	0	0
$1	1577	2547	2	0	3646	1.00	4900	21.11.09	16:38	2	30	4900	4900	00	0000009036468	0	0	0	0	0	0	0	0
$1	1577	2548	1	0	0734	1.00	48	21.11.09	17:30	1	30	4750	4750	00	0000003007341	0	1	0	0	0	0	0	0
$1	1577	2548	2	0	2275	1.00	36	21.11.09	17:30	1	30	3590	3590	00	5906660352044	0	1	0	0	0	0	0	0
$1	1577	2548	3	0	3091	1.00	6	21.11.09	17:30	2	30	550	550	00	0000020030919	0	1	0	0	0	0	0	0
$12	1578	1	1	0	3923	1.00	7990	21.11.09	17:56	1	30	7990	7990	00	0000014039232	0	0	0	0	0	0	0	0
$1	1578	2552	1	0	0062	2.000	1120	21.11.10	11:11	1	30	1120	1120	00	0000000000000	0	0	0	0	0	0	0	0
$1	1578	2553	1	0	1374	1.00	1850	21.11.10	12:15	1	30	1850	1850	00	0000006013745	0	0	0	0	0	0	0	0
$1	1578	2554	1	0	1190	1.00	550	21.11.10	12:41	2	30	550	550	00	0000005011902	0	0	0	0	0	0	0	0
$1	1578	2554	2	0	0182	1.000	520	21.11.10	12:41	2	30	520	520	00	0000000000000	0	0	0	0	0	0	0	0
$1	1578	2555	1	0	0026	4.000	5960	21.11.10	12:52	1	30	5960	5960	00	0000000000000	0	0	0	0	0	0	0	0
$1	1578	2556	1	0	2719	1.00	750	21.11.10	13:22	2	30	750	750	00	0000017027199	0	0	0	0	0	0	0	0
$1	1578	2557	1	0	0041	1.000	2950	21.11.10	13:27	1	30	2950	2950	00	0000000000000	0	0	0	0	0	0	0	0
$1	1578	2557	2	0	2341	1.00	1990	21.11.10	13:27	1	30	1990	1990	00	5903760200572	0	0	0	0	0	0	0	0
$1	1578	2557	3	0	3136	1.00	1990	21.11.10	13:27	2	30	1990	1990	00	0000020031367	0	0	0	0	0	0	0	0
$1	1578	2558	1	0	1215	1.00	650	21.11.10	13:37	2	30	650	650	00	0000005012152	0	0	0	0	0	0	0	0
$1	1578	2558	2	0	2732	1.00	700	21.11.10	13:37	2	30	700	700	00	0000020027322	0	0	0	0	0	0	0	0
$1	1578	2558	3	0	0182	1.000	780	21.11.10	13:37	2	30	780	780	00	0000000000000	0	0	0	0	0	0	0	0
$10	1578	2558	1	0	1882	1.00	4050	21.11.10	13:37	1	30	4050	4050	00	5907688710144	0	0	0	0	0	0	0	0
$1	1578	2558	4	0	1458	1.00	2290	21.11.10	13:37	1	30	2290	2290	00	0000034014585	0	0	0	0	0	0	0	0
$1	1578	2558	5	0	0608	1.00	850	21.11.10	13:37	1	30	850	850	00	5902249011050	0	0	0	0	0	0	0	0
$1	1578	2559	1	0	1215	1.00	650	21.11.10	13:59	2	30	650	650	00	5909994311213	0	0	0	0	0	0	0	0
$1	1578	2560	1	0	0002	1.000	2950	21.11.10	14:06	1	30	2950	2950	00	0000000000000	0	0	0	0	0	0	0	0
$1	1578	2561	1	0	2342	1.00	1990	21.11.10	14:52	1	30	1990	1990	00	5903760200558	0	0	0	0	0	0	0	0
$1	1578	2561	2	0	2345	1.00	1990	21.11.10	14:52	1	30	1990	1990	00	5900168907683	0	0	0	0	0	0	0	0
$1	1578	2562	1	0	0735	1.00	14500	21.11.10	15:10	1	30	14500	14500	00	0000003007358	0	0	0	0	0	0	0	0
$1	1578	2562	2	0	2891	1.00	9990	21.11.10	15:10	1	30	9990	9990	00	0000018028911	0	0	0	0	0	0	0	0
$1	1578	2563	1	0	2010	1.00	2990	21.11.10	15:12	2	30	2990	2990	00	0000009020108	0	0	0	0	0	0	0	0
$1	1578	2563	2	0	2011	1.00	2990	21.11.10	15:12	2	30	2990	2990	00	0000009020115	0	0	0	0	0	0	0	0
$1	1578	2564	1	0	1821	1.00	1890	21.11.10	15:19	1	30	1890	1890	00	5701278288149	0	0	0	0	0	0	0	0
$1	1578	2565	1	0	2350	2.00	1300	21.11.10	15:24	1	30	1300	1300	00	0000015023506	0	0	0	0	0	0	0	0
$1	1578	2566	1	0	3650	1.00	3190	21.11.10	15:43	1	30	3190	3190	00	0000009036505	0	0	0	0	0	0	0	0
$1	1578	2566	2	0	3649	1.00	4950	21.11.10	15:43	1	30	4950	4950	00	0000009036499	0	0	0	0	0	0	0	0
$1	1578	2567	1	0	1191	1.00	450	21.11.10	16:06	2	30	450	450	00	5909990628490	0	0	0	0	0	0	0	0
$1	1578	2567	2	0	1232	1.00	400	21.11.10	16:06	2	30	400	400	00	5909990219520	0	0	0	0	0	0	0	0
$1	1578	2567	3	0	1231	1.00	450	21.11.10	16:06	2	30	450	450	00	5909994310469	0	0	0	0	0	0	0	0
$1	1578	2567	4	0	1012	1.00	890	21.11.10	16:06	2	30	890	890	00	5909994310865	0	0	0	0	0	0	0	0
$1	1578	2567	5	0	1249	1.00	750	21.11.10	16:06	2	30	750	750	00	5909994310667	0	0	0	0	0	0	0	0
$1	1578	2567	6	0	0972	1.00	390	21.11.10	16:06	3	30	390	390	00	5906365702359	0	0	0	0	0	0	0	0
$1	1578	2567	7	0	0972	1.00	390	21.11.10	16:06	3	30	390	390	00	5906365702359	0	0	0	0	0	0	0	0
$1	1578	2567	8	0	0967	1.00	450	21.11.10	16:06	2	30	450	450	00	5907752643750	0	0	0	0	0	0	0	0
$1	1578	2567	9	0	0982	1.00	450	21.11.10	16:06	2	30	450	450	00	5907752643385	0	0	0	0	0	0	0	0
$1	1578	2568	1	0	2350	3.00	1950	21.11.10	16:12	1	30	1950	1950	00	0000015023506	0	0	0	0	0	0	0	0
$1	1578	2569	1	0	1460	1.00	1950	21.11.10	16:13	1	30	1950	1950	00	0000034014608	0	0	0	0	0	0	0	0
$1	1578	2570	1	0	2050	1.00	2550	21.11.10	16:36	1	30	2550	2550	00	0000011020509	0	0	0	0	0	0	0	0
$1	1578	2571	1	0	2523	1.00	368	21.11.10	16:45	2	30	368	2450	00	0000017025232	0	0	0	0	0	0	0	1
$1	1578	2572	1	0	0989	1.00	390	21.11.10	16:55	3	30	390	390	00	0000005009893	0	0	0	0	0	0	0	0
$1	1578	2572	2	0	1019	1.00	1090	21.11.10	16:55	2	30	1090	1090	00	5907752643514	0	0	0	0	0	0	0	0
$1	1578	2573	1	0	1819	1.00	3190	21.11.10	17:04	1	30	3190	3190	00	0000008018199	0	0	0	0	0	0	0	0
$1	1578	2573	2	0	1785	1.00	5450	21.11.10	17:04	1	30	5450	5450	00	0000008017857	0	0	0	0	0	0	0	0
$1	1578	2574	1	0	2060	1.00	2790	21.11.10	17:21	1	30	2790	2790	00	0000012020607	0	0	0	0	0	0	0	0
$1	1578	2574	2	0	2069	1.00	2690	21.11.10	17:21	1	30	2690	2690	00	0000012020690	0	0	0	0	0	0	0	0
$1	1578	2574	3	0	2067	1.00	1450	21.11.10	17:21	1	30	1450	1450	00	0000012020676	0	0	0	0	0	0	0	0
$1	1578	2574	4	0	3269	1.00	5900	21.11.10	17:21	1	30	5900	5900	00	0000014032691	0	0	0	0	0	0	0	0
$1	1578	2575	1	0	2053	1.00	2550	21.11.10	17:37	1	30	2550	2550	00	0000011020530	0	0	0	0	0	0	0	0
$1	1579	2578	1	0	3999	1.00	1375	21.11.12	10:00	1	30	1375	2750	00	0000031039994	0	0	0	0	0	0	0	1
$1	1579	2578	2	0	3939	1.00	1490	21.11.12	10:00	1	30	1490	1490	00	0000031039390	0	0	0	0	0	0	0	0
$1	1579	2578	3	0	3791	1.00	1250	21.11.12	10:00	1	30	1250	1250	00	8691190069797	0	0	0	0	0	0	0	0
$1	1579	2578	4	0	0531	1.00	2790	21.11.12	10:00	1	30	2790	2790	00	5907502687898	0	0	0	0	0	0	0	0
$1	1579	2578	5	0	0026	1.000	1490	21.11.12	10:00	1	30	1490	1490	00	0000000000000	0	0	0	0	0	0	0	0
$1	1579	2578	6	0	0026	1.000	990	21.11.12	10:00	1	30	990	990	00	0000000000000	0	0	0	0	0	0	0	0
$1	1579	2579	1	0	1111	1.00	550	21.11.12	10:11	2	30	550	550	00	5906365702304	0	0	0	0	0	0	0	0
$1	1579	2579	2	0	1068	1.00	490	21.11.12	10:11	2	30	490	490	00	5905279799400	0	0	0	0	0	0	0	0
$1	1579	2579	3	0	1181	1.00	450	21.11.12	10:11	2	30	450	450	00	5909994310964	0	0	0	0	0	0	0	0
$1	1579	2580	1	0	3915	1.00	8500	21.11.12	10:18	1	30	8500	8500	00	0000002039152	0	0	0	0	0	0	0	0
$1	1579	2580	2	0	3351	1.00	5990	21.11.12	10:18	1	30	5990	5990	00	0000001033519	0	0	0	0	0	0	0	0
$1	1579	2581	1	0	2310	1.00	3950	21.11.12	10:55	1	30	3950	3950	00	0000014023101	0	0	0	0	0	0	0	0
$1	1579	2581	2	0	2288	1.00	1850	21.11.12	10:55	1	30	1850	1850	00	0000014022883	0	0	0	0	0	0	0	0
$1	1579	2581	3	0	3924	1.00	3490	21.11.12	10:55	1	30	3490	3490	00	0000014039249	0	0	0	0	0	0	0	0
$1	1579	2582	1	0	2050	1.00	2550	21.11.12	10:58	1	30	2550	2550	00	0000011020509	0	0	0	0	0	0	0	0
$1	1579	2583	1	0	3736	1.00	3390	21.11.12	11:44	1	30	3390	3390	00	0000025037364	0	0	0	0	0	0	0	0
$1	1579	2583	2	0	0736	1.00	4390	21.11.12	11:44	1	30	4390	4390	00	0000003007365	0	0	0	0	0	0	0	0
$1	1579	2583	3	0	2968	1.00	2490	21.11.12	11:44	2	30	2490	2490	00	0000019029689	0	0	0	0	0	0	0	0
$1	1579	2583	4	0	3104	1.00	1250	21.11.12	11:44	2	30	1250	1250	00	0000020031046	0	0	0	0	0	0	0	0
$1	1579	2583	5	0	3074	1.00	890	21.11.12	11:44	2	30	890	890	00	0000020030742	0	0	0	0	0	0	0	0
$1	1579	2583	6	0	0199	1.000	490	21.11.12	11:44	1	30	490	490	00	0000000000000	0	0	0	0	0	0	0	0
$1	1579	2583	7	0	0038	1.000	590	21.11.12	11:44	1	30	590	590	00	0000000000000	0	0	0	0	0	0	0	0
$1	1579	2584	1	0	0026	1.000	2790	21.11.12	11:47	1	30	2790	2790	00	0000000000000	0	0	0	0	0	0	0	0
$1	1579	2585	1	0	3722	1.00	790	21.11.12	11:51	1	30	790	790	00	0000025037227	0	0	0	0	0	0	0	0
$1	1579	2586	1	0	0038	1.000	1490	21.11.12	12:22	1	30	1490	1490	00	0000000000000	0	0	0	0	0	0	0	0
$1	1579	2586	2	0	0247	1.000	490	21.11.12	12:22	3	30	490	490	00	0000000000000	0	0	0	0	0	0	0	0
$1	1579	2587	1	0	0973	1.00	390	21.11.12	12:28	2	30	390	390	00	5905279799448	0	0	0	0	0	0	0	0
$1	1579	2587	2	0	0973	1.00	390	21.11.12	12:28	2	30	390	390	00	5905279799448	0	0	0	0	0	0	0	0
$1	1579	2588	1	0	1179	1.00	490	21.11.12	12:35	2	30	490	490	00	5909994309524	0	0	0	0	0	0	0	0
$1	1579	2588	2	0	1179	1.00	490	21.11.12	12:35	2	30	490	490	00	5909994309524	0	0	0	0	0	0	0	0
$1	1579	2588	3	0	1165	1.00	450	21.11.12	12:35	2	30	450	450	00	5909994311169	0	0	0	0	0	0	0	0
$1	1579	2588	4	0	1230	1.00	450	21.11.12	12:35	2	30	450	450	00	5909994310766	0	0	0	0	0	0	0	0
$1	1579	2588	5	0	1230	1.00	450	21.11.12	12:35	2	30	450	450	00	5909994310766	0	0	0	0	0	0	0	0
$1	1579	2589	1	0	3054	1.00	850	21.11.12	12:39	2	30	850	850	00	0000020030544	0	0	0	0	0	0	0	0
$1	1579	2590	1	0	0098	2.000	2500	21.11.12	12:50	1	30	2500	2500	00	0000000000000	0	0	0	0	0	0	0	0
$1	1579	2591	1	0	3650	1.00	3190	21.11.12	13:50	1	30	3190	3190	00	0000009036505	0	0	0	0	0	0	0	0
$1	1579	2591	2	0	3650	1.00	3190	21.11.12	13:50	1	30	3190	3190	00	0000009036505	0	0	0	0	0	0	0	0
$1	1579	2592	1	0	2053	1.00	2550	21.11.12	13:54	1	30	2550	2550	00	0000011020530	0	0	0	0	0	0	0	0
$1	1579	2592	2	0	2053	1.00	2550	21.11.12	13:54	1	30	2550	2550	00	0000011020530	0	0	0	0	0	0	0	0
$1	1579	2593	1	0	3159	1.00	3190	21.11.12	14:15	1	30	3190	3190	00	5701278310406	0	0	0	0	0	0	0	0
$1	1579	2594	1	0	1178	1.00	450	21.11.12	15:10	2	30	450	450	00	5909990628360	0	0	0	0	0	0	0	0
$1	1579	2595	1	0	3664	1.00	2590	21.11.12	15:26	1	30	2590	2590	00	0000023036642	0	0	0	0	0	0	0	0
$1	1579	2595	2	0	3880	1.00	2590	21.11.12	15:26	1	30	2590	2590	00	0000023038806	0	0	0	0	0	0	0	0
$1	1579	2595	3	0	3885	1.00	2590	21.11.12	15:26	1	30	2590	2590	00	0000023038851	0	0	0	0	0	0	0	0
$1	1579	2596	1	0	3480	1.00	2500	21.11.12	15:42	1	30	2500	2500	00	0000001034806	0	0	0	0	0	0	0	0
$1	1579	2597	1	0	2053	1.00	2550	21.11.12	16:19	1	30	2550	2550	00	0000011020530	0	0	0	0	0	0	0	0
$1	1579	2597	2	0	2053	1.00	2550	21.11.12	16:19	1	30	2550	2550	00	0000011020530	0	0	0	0	0	0	0	0
$1	1579	2597	3	0	0303	1.00	1690	21.11.12	16:19	1	30	1690	1690	00	5900168908512	0	0	0	0	0	0	0	0
$1	1579	2597	4	0	0304	1.00	2250	21.11.12	16:19	1	30	2250	2250	00	5900168908451	0	0	0	0	0	0	0	0
$1	1579	2597	5	0	3089	1.00	550	21.11.12	16:19	2	30	550	550	00	0000020030896	0	0	0	0	0	0	0	0
$1	1579	2597	6	0	2479	1.00	1090	21.11.12	16:19	2	30	1090	1090	00	0000020024796	0	0	0	0	0	0	0	0
$1	1579	2597	7	0	0989	1.00	390	21.11.12	16:19	3	30	390	390	00	0000005009893	0	0	0	0	0	0	0	0
$1	1579	2597	8	0	2350	1.00	650	21.11.12	16:19	1	30	650	650	00	0000015023506	0	0	0	0	0	0	0	0
$1	1579	2597	9	0	0002	1.000	660	21.11.12	16:19	1	30	660	660	00	0000000000000	0	0	0	0	0	0	0	0
$1	1579	2597	10	0	0066	1.000	1190	21.11.12	16:19	1	30	1190	1190	00	0000000000000	0	0	0	0	0	0	0	0
$1	1579	2598	1	0	0557	1.00	2590	21.11.12	16:33	1	30	2590	2590	00	0000002005577	0	0	0	0	0	0	0	0
$1	1580	2600	1	0	3028	1.00	650	21.11.13	09:48	2	30	650	650	00	0000020030285	0	0	0	0	0	0	0	0
$1	1580	2601	1	0	3985	1.00	1250	21.11.13	10:17	1	30	1250	1250	00	0000031039857	0	0	0	0	0	0	0	0
$1	1580	2601	2	0	3720	1.00	1750	21.11.13	10:17	1	30	1750	1750	00	8691190965426	0	0	0	0	0	0	0	0
$1	1580	2602	1	0	2289	1.00	1850	21.11.13	10:38	1	30	1850	1850	00	0000014022890	0	0	0	0	0	0	0	0
$1	1580	2603	1	0	2460	3.00	600	21.11.13	10:42	2	30	600	600	00	0000033002996	0	0	0	0	0	0	0	0
$12	1580	1	1	0	3901	1.00	950	21.11.13	10:50	1	30	950	950	00	0000028039013	0	0	0	0	0	0	0	0
$12	1580	1	2	0	3897	1.00	2850	21.11.13	10:50	1	30	2850	2850	00	0000023038974	0	0	0	0	0	0	0	0
$1	1580	2605	1	0	3112	1.00	900	21.11.13	10:53	2	30	900	900	00	0000020031121	0	0	0	0	0	0	0	0
$1	1580	2605	2	0	1629	1.00	2690	21.11.13	10:53	1	30	2690	2690	00	0000007016295	0	0	0	0	0	0	0	0
$1	1580	2605	3	0	1693	1.00	2800	21.11.13	10:53	1	30	2800	2800	00	0000007016936	0	0	0	0	0	0	0	0
$10	1580	2605	1	0	1698	1.00	3390	21.11.13	10:53	1	30	3390	3390	00	0000007016981	0	0	0	0	0	0	0	0
$1	1580	2605	4	0	3382	1.00	5750	21.11.13	10:53	1	30	5750	5750	00	0000024033824	0	0	0	0	0	0	0	0
$1	1580	2606	1	0	0182	1.000	1490	21.11.13	10:55	2	30	1490	1490	00	0000000000000	0	0	0	0	0	0	0	0
$1	1580	2606	2	0	0002	1.000	1090	21.11.13	10:55	1	30	1090	1090	00	0000000000000	0	0	0	0	0	0	0	0
$1	1580	2606	3	0	1914	1.00	1750	21.11.13	10:55	1	30	1750	1750	00	0000009019140	0	0	0	0	0	0	0	0
$1	1580	2606	4	0	3897	1.00	2850	21.11.13	10:55	1	30	2850	2850	00	0000023038974	0	0	0	0	0	0	0	0
$1	1580	2606	5	0	3901	1.00	950	21.11.13	10:55	1	30	950	950	00	0000028039013	0	0	0	0	0	0	0	0
$1	1580	2606	6	0	0225	1.000	200	21.11.13	10:55	1	30	200	200	00	0000000000000	0	0	0	0	0	0	0	0
$1	1580	2607	1	0	0400	1.00	1602	21.11.13	11:28	1	30	1850	1850	00	0000001004007	0	1	0	0	0	0	0	0
$1	1580	2607	2	0	2350	1.00	563	21.11.13	11:28	1	30	650	650	00	0000015023506	0	1	0	0	0	0	0	0
$1	1580	2607	3	0	2024	2.00	4315	21.11.13	11:28	1	30	4980	4980	00	0000010020241	0	1	0	0	0	0	0	0
$1	1580	2608	1	0	0972	1.00	390	21.11.13	11:29	3	30	390	390	00	5906365702359	0	0	0	0	0	0	0	0
$1	1580	2608	2	0	1105	1.00	390	21.11.13	11:29	2	30	390	390	00	5906365702489	0	0	0	0	0	0	0	0
$1	1580	2609	1	0	0026	1.000	920	21.11.13	11:45	1	30	920	920	00	0000000000000	0	0	0	0	0	0	0	0
$1	1580	2610	1	0	1543	1.00	4750	21.11.13	11:58	3	30	4750	4750	00	5907804205073	0	0	0	0	0	0	0	0
$1	1580	2610	2	0	0182	1.000	580	21.11.13	11:58	2	30	580	580	00	0000000000000	0	0	0	0	0	0	0	0
$1	1580	2610	3	0	0182	1.000	580	21.11.13	11:58	2	30	580	580	00	0000000000000	0	0	0	0	0	0	0	0
$1	1580	2611	1	0	0002	1.000	1790	21.11.13	12:14	1	30	1790	1790	00	0000000000000	0	0	0	0	0	0	0	0
$1	1580	2611	2	0	2053	1.00	2550	21.11.13	12:14	1	30	2550	2550	00	0000011020530	0	0	0	0	0	0	0	0
$1	1580	2612	1	0	0534	1.00	2490	21.11.13	12:18	1	30	2490	2490	00	5902249010053	0	0	0	0	0	0	0	0
$1	1580	2612	2	0	0041	1.000	1190	21.11.13	12:18	1	30	1190	1190	00	0000000000000	0	0	0	0	0	0	0	0
$1	1580	2613	1	0	1232	1.00	400	21.11.13	12:27	2	30	400	400	00	5909990219520	0	0	0	0	0	0	0	0
$1	1580	2613	2	0	1181	1.00	450	21.11.13	12:27	2	30	450	450	00	5909994310964	0	0	0	0	0	0	0	0
$1	1580	2613	3	0	1200	1.00	490	21.11.13	12:27	2	30	490	490	00	5909990628544	0	0	0	0	0	0	0	0
$1	1580	2613	4	0	1199	1.00	550	21.11.13	12:27	2	30	550	550	00	5909990195527	0	0	0	0	0	0	0	0
$1	1580	2613	5	0	1191	1.00	450	21.11.13	12:27	2	30	450	450	00	5909990628490	0	0	0	0	0	0	0	0
$1	1580	2613	6	0	1191	1.00	450	21.11.13	12:27	2	30	450	450	00	5909990628490	0	0	0	0	0	0	0	0
$1	1580	2614	1	0	1179	1.00	490	21.11.13	14:01	2	30	490	490	00	5909994309524	0	0	0	0	0	0	0	0
