#1	COM9:57600:MUX0:1	3	2021.04.09	17:56	OPSpRoz4	WIN 13.32.2020	OPSPROZ4IN.txt	OPSPROZ4OUT.txt
#
#Jota E 4095 PLU II gen. ver. 01 (identyfikator odczytany z urzadzenia i pliku ECRTBUF.TXT)
$1	1425	9026	1	0	2013	1.00	4690	21.04.02	08:41	1	30	4690	4950	00	0000009020139	0	0	0	0	0	0	0	1
$1	1425	9027	1	0	2009	1.00	2950	21.04.02	08:53	1	30	2950	2950	00	0000009020092	0	0	0	0	0	0	0	0
$1	1425	9027	2	0	1339	1.00	990	21.04.02	08:53	3	30	990	990	00	0000006013394	0	0	0	0	0	0	0	0
$1	1425	9027	3	0	3545	1.00	3650	21.04.02	08:53	1	30	3650	3650	00	0000024035453	0	0	0	0	0	0	0	0
$1	1425	9027	4	0	0792	1.00	2350	21.04.02	08:53	1	30	2350	2350	00	0000024007924	0	0	0	0	0	0	0	0
$1	1425	9027	5	0	2113	1.00	3390	21.04.02	08:53	1	30	3390	3390	00	5900000035543	0	0	0	0	0	0	0	0
$1	1425	9027	6	0	0225	1.000	200	21.04.02	08:53	1	30	200	200	00	0000000000000	0	0	0	0	0	0	0	0
$1	1425	9028	1	0	1175	1.00	6	21.04.02	09:02	2	30	6	590	00	5909994308626	0	0	0	0	0	0	0	1
$1	1425	9029	1	0	1112	1.00	490	21.04.02	09:03	2	30	490	490	00	5906365702267	0	0	0	0	0	0	0	0
$1	1425	9029	2	0	1107	2.00	800	21.04.02	09:03	2	30	800	800	00	5909994311466	0	0	0	0	0	0	0	0
$1	1425	9029	3	0	1097	2.00	800	21.04.02	09:03	2	30	800	800	00	5909994310568	0	0	0	0	0	0	0	0
$1	1425	9030	1	0	1232	1.00	400	21.04.02	09:05	2	30	400	400	00	5909990219520	0	0	0	0	0	0	0	0
$1	1425	9030	2	0	1014	1.00	390	21.04.02	09:05	2	30	390	390	00	5906365702526	0	0	0	0	0	0	0	0
$1	1425	9030	3	0	1097	1.00	400	21.04.02	09:05	2	30	400	400	00	5909994310568	0	0	0	0	0	0	0	0
$1	1425	9031	1	0	0977	1.00	600	21.04.02	09:08	2	30	600	600	00	0000005009770	0	0	0	0	0	0	0	0
$1	1425	9031	2	0	1513	1.00	1900	21.04.02	09:08	3	30	1900	1900	00	0000007015137	0	0	0	0	0	0	0	0
$1	1425	9031	3	0	1503	1.00	2250	21.04.02	09:08	3	30	2250	2250	00	5907804205196	0	0	0	0	0	0	0	0
$1	1425	9032	1	0	1341	1.00	990	21.04.02	09:08	3	30	990	990	00	0000006013417	0	0	0	0	0	0	0	0
$1	1425	9033	1	0	0364	1.00	1290	21.04.02	09:22	1	30	1290	1290	00	5900168907720	0	0	0	0	0	0	0	0
$1	1425	9033	2	0	2703	1.00	1290	21.04.02	09:22	3	30	1290	1290	00	0000017027038	0	0	0	0	0	0	0	0
$1	1425	9033	3	0	0397	1.00	1890	21.04.02	09:22	1	30	1890	1890	00	5900168907751	0	0	0	0	0	0	0	0
$1	1425	9033	4	0	1693	1.00	2800	21.04.02	09:22	1	30	2800	2800	00	0000007016936	0	0	0	0	0	0	0	0
$1	1425	9033	5	0	1796	1.00	2650	21.04.02	09:22	1	30	2650	2650	00	0000008017963	0	0	0	0	0	0	0	0
$1	1425	9033	6	0	1795	1.00	2650	21.04.02	09:22	1	30	2650	2650	00	0000008017956	0	0	0	0	0	0	0	0
$1	1425	9033	7	0	0195	1.000	990	21.04.02	09:22	1	30	990	990	00	0000000000000	0	0	0	0	0	0	0	0
$1	1425	9033	8	0	3906	1.00	3850	21.04.02	09:22	1	30	3850	3850	00	0000028039068	0	0	0	0	0	0	0	0
$1	1425	9033	9	0	2109	1.00	2190	21.04.02	09:22	2	30	2190	2190	00	0000006021092	0	0	0	0	0	0	0	0
$1	1425	9033	10	0	2048	1.00	2190	21.04.02	09:22	2	30	2190	2190	00	5902709520641	0	0	0	0	0	0	0	0
$1	1425	9033	11	0	2106	1.00	8290	21.04.02	09:22	1	30	8290	8290	00	0000012021062	0	0	0	0	0	0	0	0
$1	1425	9033	12	0	0397	1.00	1890	21.04.02	09:22	1	30	1890	1890	00	5900168907751	0	0	0	0	0	0	0	0
$1	1425	9033	13	0	0673	1.00	2890	21.04.02	09:22	1	30	2890	2890	00	0000002006734	0	0	0	0	0	0	0	0
$1	1425	9033	14	0	0227	1.000	690	21.04.02	09:22	1	30	690	690	00	0000000000000	0	0	0	0	0	0	0	0
$1	1425	9033	15	0	0227	1.000	1490	21.04.02	09:22	1	30	1490	1490	00	0000000000000	0	0	0	0	0	0	0	0
$1	1425	9033	16	0	2020	1.00	2150	21.04.02	09:22	1	30	2150	2150	00	0000010020203	0	0	0	0	0	0	0	0
$1	1425	9033	17	0	2030	1.00	2690	21.04.02	09:22	1	30	2690	2690	00	0000010020302	0	0	0	0	0	0	0	0
$1	1425	9033	18	0	2024	1.00	1990	21.04.02	09:22	1	30	1990	2490	00	0000010020241	0	0	0	0	0	0	0	1
$1	1425	9033	19	0	2024	1.00	1990	21.04.02	09:22	1	30	1990	2490	00	0000010020241	0	0	0	0	0	0	0	1
$1	1425	9033	20	0	2024	1.00	1990	21.04.02	09:22	1	30	1990	2490	00	0000010020241	0	0	0	0	0	0	0	1
$1	1425	9034	1	0	3906	1.00	3850	21.04.02	09:26	1	30	3850	3850	00	0000028039068	0	0	0	0	0	0	0	0
$1	1425	9034	2	0	1954	1.00	1950	21.04.02	09:26	1	30	1950	1950	00	0000009019546	0	0	0	0	0	0	0	0
$1	1425	9034	3	0	2350	1.00	650	21.04.02	09:26	1	30	650	650	00	0000015023506	0	0	0	0	0	0	0	0
$1	1425	9035	1	0	1178	2.00	780	21.04.02	10:06	2	30	780	780	00	5909990628360	0	0	0	0	0	0	0	0
$1	1425	9035	2	0	1249	1.00	750	21.04.02	10:06	2	30	750	750	00	5909994310667	0	0	0	0	0	0	0	0
$1	1425	9035	3	0	1010	2.00	700	21.04.02	10:06	2	30	700	700	00	5906365702908	0	0	0	0	0	0	0	0
$1	1425	9035	4	0	2259	3.00	4050	21.04.02	10:06	2	30	4050	4050	00	0000020022594	0	0	0	0	0	0	0	0
$1	1425	9036	1	0	2050	1.00	2550	21.04.02	10:09	1	30	2550	2550	00	0000011020509	0	0	0	0	0	0	0	0
$1	1425	9037	1	0	2038	1.00	2450	21.04.02	10:42	1	30	2450	2450	00	0000016020382	0	0	0	0	0	0	0	0
$1	1425	9037	2	0	2437	3.00	7770	21.04.02	10:42	1	30	7770	7770	00	0000016024373	0	0	0	0	0	0	0	0
$1	1425	9038	1	0	0002	1.000	810	21.04.02	11:37	1	30	810	810	00	0000000000000	0	0	0	0	0	0	0	0
$1	1425	9038	2	0	0002	1.000	850	21.04.02	11:37	1	30	850	850	00	0000000000000	0	0	0	0	0	0	0	0
$1	1425	9039	1	0	1916	1.00	1650	21.04.02	12:01	1	30	1650	1650	00	0000009019164	0	0	0	0	0	0	0	0
$1	1425	9039	2	0	1903	1.00	1650	21.04.02	12:01	1	30	1650	1650	00	0000009019034	0	0	0	0	0	0	0	0
$1	1425	9039	3	0	1472	1.00	2690	21.04.02	12:01	1	30	2690	2690	00	0000007014727	0	0	0	0	0	0	0	0
$1	1425	9039	4	0	1203	1.00	550	21.04.02	12:01	2	30	550	550	00	0000005012039	0	0	0	0	0	0	0	0
$1	1425	9039	5	0	1327	1.00	2400	21.04.02	12:01	3	30	2400	2400	00	0000006013271	0	0	0	0	0	0	0	0
$1	1425	9039	6	0	0778	1.00	3900	21.04.02	12:01	1	30	3900	3900	00	5902729032391	0	0	0	0	0	0	0	0
$1	1425	9039	7	0	0734	1.00	4750	21.04.02	12:01	1	30	4750	4750	00	0000003007341	0	0	0	0	0	0	0	0
$1	1425	9039	8	0	2014	1.00	4350	21.04.02	12:01	2	30	4350	4350	00	0000009020146	0	0	0	0	0	0	0	0
$1	1425	9039	9	0	0027	1.000	890	21.04.02	12:01	1	30	890	890	00	0000000000000	0	0	0	0	0	0	0	0
$1	1425	9039	10	0	0027	1.000	890	21.04.02	12:01	1	30	890	890	00	0000000000000	0	0	0	0	0	0	0	0
$1	1425	9039	11	0	0971	1.00	790	21.04.02	12:01	2	30	790	790	00	0000005009718	0	0	0	0	0	0	0	0
$1	1425	9039	12	0	0818	4.00	17960	21.04.02	12:01	1	30	17960	17960	00	0000024008181	0	0	0	0	0	0	0	0
$1	1425	9039	13	0	3517	1.00	9250	21.04.02	12:01	1	30	9250	9250	00	0000024035170	0	0	0	0	0	0	0	0
$1	1425	9040	1	0	0642	1.00	3090	21.04.02	12:29	1	30	3090	3090	00	5902249011562	0	0	0	0	0	0	0	0
$1	1425	9041	1	0	1605	1.00	790	21.04.02	12:34	1	30	790	790	00	0000007016059	0	0	0	0	0	0	0	0
$1	1425	9041	2	0	1359	1.00	2690	21.04.02	12:34	3	30	2690	2690	00	0000006013592	0	0	0	0	0	0	0	0
$1	1425	9041	3	0	0339	1.00	2990	21.04.02	12:34	1	30	2990	2990	00	5900168902374	0	0	0	0	0	0	0	0
$1	1425	9042	1	0	0048	1.000	1290	21.04.02	12:37	1	30	1290	1290	00	0000000000000	0	0	0	0	0	0	0	0
$1	1425	9042	2	0	0048	1.000	1290	21.04.02	12:37	1	30	1290	1290	00	0000000000000	0	0	0	0	0	0	0	0
$1	1425	9043	1	0	3041	1.00	700	21.04.02	14:57	2	30	700	700	00	0000020030414	0	0	0	0	0	0	0	0
$1	1425	9043	2	0	3053	1.00	550	21.04.02	14:57	2	30	550	550	00	0000020030537	0	0	0	0	0	0	0	0
$1	1425	9044	1	0	0038	1.000	1390	21.04.02	15:11	1	30	1390	1390	00	0000000000000	0	0	0	0	0	0	0	0
$1	1425	9045	1	0	1821	1.00	1890	21.04.02	15:21	1	30	1890	1890	00	5701278288149	0	0	0	0	0	0	0	0
$12	1425	1	1	0	1897	1.00	2990	21.04.02	15:53	1	30	2990	2990	00	0000023018976	0	0	0	0	0	0	0	0
$1	1425	9047	1	0	1890	1.00	2990	21.04.02	15:56	1	30	2990	2990	00	0000023018907	0	0	0	0	0	0	0	0
$1	1425	9047	2	0	2281	1.00	1950	21.04.02	15:56	1	30	1950	1950	00	0000014022814	0	0	0	0	0	0	0	0
$1	1425	9048	1	0	1507	1.00	5990	21.04.02	16:05	3	30	5990	5990	00	5907804205233	0	0	0	0	0	0	0	0
$1	1425	9048	2	0	1543	1.00	4750	21.04.02	16:05	3	30	4750	4750	00	5907804205073	0	0	0	0	0	0	0	0
$1	1425	9048	3	0	1603	1.00	750	21.04.02	16:05	1	30	750	750	00	0000007016035	0	0	0	0	0	0	0	0
$1	1425	9049	1	0	3591	1.00	2990	21.04.02	16:30	1	30	2990	2990	00	0000024035910	0	0	0	0	0	0	0	0
$1	1425	9049	2	0	3612	1.00	6250	21.04.02	16:30	1	30	6250	6250	00	0000024036122	0	0	0	0	0	0	0	0
$1	1426	9052	1	0	2053	1.00	2550	21.04.03	08:37	1	30	2550	2550	00	0000011020530	0	0	0	0	0	0	0	0
$1	1426	9053	1	0	0002	1.000	840	21.04.03	09:10	1	30	840	840	00	0000000000000	0	0	0	0	0	0	0	0
$1	1426	9054	1	0	2350	2.00	1300	21.04.03	09:38	1	30	1300	1300	00	0000015023506	0	0	0	0	0	0	0	0
$1	1426	9055	1	0	0300	1.00	2190	21.04.03	09:40	1	30	2190	2190	00	5900168901490	0	0	0	0	0	0	0	0
$1	1426	9055	2	0	0300	1.00	510	21.04.03	09:40	1	30	510	2190	00	5900168901490	0	0	0	0	0	0	0	1
$1	1426	9056	1	0	1035	1.00	490	21.04.03	09:46	2	30	490	490	00	5909994310124	0	0	0	0	0	0	0	0
$1	1426	9057	1	0	2053	1.00	2550	21.04.03	09:48	1	30	2550	2550	00	0000011020530	0	0	0	0	0	0	0	0
$1	1426	9058	1	0	2440	1.00	2590	21.04.03	09:52	1	30	2590	2590	00	0000016024403	0	0	0	0	0	0	0	0
$1	1426	9058	2	0	2431	1.00	2590	21.04.03	09:52	1	30	2590	2590	00	0000016024311	0	0	0	0	0	0	0	0
$1	1426	9058	3	0	2368	1.00	2150	21.04.03	09:52	1	30	2150	2150	00	0000016023680	0	0	0	0	0	0	0	0
$1	1426	9059	1	0	0996	2.00	980	21.04.03	10:04	2	30	980	980	00	0000005009961	0	0	0	0	0	0	0	0
$1	1426	9060	1	0	0549	1.00	2190	21.04.03	10:11	1	30	2190	2190	00	5902249010350	0	0	0	0	0	0	0	0
$1	1426	9061	1	0	0833	1.00	4550	21.04.03	10:17	1	30	4550	4550	00	0000024008334	0	0	0	0	0	0	0	0
$1	1426	9062	1	0	0975	1.00	700	21.04.03	10:20	2	30	700	700	00	5905279799035	0	0	0	0	0	0	0	0
$1	1426	9063	1	0	0838	1.00	3890	21.04.03	10:56	1	30	3890	3890	00	0000024008389	0	0	0	0	0	0	0	0
$1	1426	9063	2	0	0838	1.00	3890	21.04.03	10:56	1	30	3890	3890	00	0000024008389	0	0	0	0	0	0	0	0
$1	1426	9063	3	0	3560	1.00	9900	21.04.03	10:56	1	30	9900	9900	00	0000024035606	0	0	0	0	0	0	0	0
$10	1426	9063	1	0	0358	1.00	1750	21.04.03	10:56	1	30	1750	1750	00	0000001003581	0	0	0	0	0	0	0	0
$1	1426	9063	4	0	0299	2.00	400	21.04.03	10:56	2	30	400	400	00	0000033002996	0	0	0	0	0	0	0	0
$1	1426	9063	5	0	0225	1.000	200	21.04.03	10:56	1	30	200	200	00	0000000000000	0	0	0	0	0	0	0	0
$1	1426	9064	1	0	1459	1.00	3550	21.04.03	11:50	1	30	3550	3550	00	0000034014592	0	0	0	0	0	0	0	0
$1	1426	9064	2	0	0622	1.00	2090	21.04.03	11:50	1	30	2090	2090	00	5902249011272	0	0	0	0	0	0	0	0
$1	1426	9064	3	0	0669	1.00	5990	21.04.03	11:50	1	30	5990	5990	00	0000002006697	0	0	0	0	0	0	0	0
$1	1426	9065	1	0	2026	1.00	2650	21.04.03	11:53	1	30	2650	2650	00	0000010020265	0	0	0	0	0	0	0	0
$1	1426	9066	1	0	0988	1.00	690	21.04.03	11:54	1	30	690	690	00	0000005009886	0	0	0	0	0	0	0	0
$1	1426	9066	2	0	2439	1.00	2590	21.04.03	11:54	1	30	2590	2590	00	0000016024397	0	0	0	0	0	0	0	0
$1	1426	9067	1	0	0738	1.00	7600	21.04.03	11:58	1	30	7600	7600	00	5902729030601	0	0	0	0	0	0	0	0
$1	1426	9067	2	0	0048	1.000	950	21.04.03	11:58	1	30	950	950	00	0000000000000	0	0	0	0	0	0	0	0
$1	1426	9068	1	0	2350	2.00	13	21.04.03	12:08	1	30	1300	1300	00	0000015023506	0	1	0	0	0	0	0	0
$1	1426	9068	2	0	0018	1.000	6	21.04.03	12:08	1	30	560	560	00	0000000000000	0	1	0	0	0	0	0	0
$10	1426	9068	1	0	2050	1.00	2550	21.04.03	12:08	1	30	2550	2550	00	0000011020509	0	0	0	0	0	0	0	0
$1	1426	9069	1	0	2050	1.00	2550	21.04.03	12:08	1	30	2550	2550	00	0000011020509	0	0	0	0	0	0	0	0
$1	1427	9073	1	0	0635	1.00	6190	21.04.07	09:51	1	30	6190	6190	00	0000002006352	0	0	0	0	0	0	0	0
$1	1427	9073	2	0	3209	1.00	1590	21.04.07	09:51	1	30	1590	1590	00	0000021032097	0	0	0	0	0	0	0	0
$1	1427	9074	1	0	2433	1.00	2590	21.04.07	11:13	1	30	2590	2590	00	0000016024335	0	0	0	0	0	0	0	0
$1	1427	9075	1	0	1888	1.00	50	21.04.07	11:14	1	30	50	4950	00	0000022018885	0	0	0	0	0	0	0	1
$1	1427	9075	2	0	1888	1.00	50	21.04.07	11:14	1	30	50	4950	00	0000022018885	0	0	0	0	0	0	0	1
$1	1427	9075	3	0	3624	1.00	45	21.04.07	11:14	1	30	45	4490	00	0000024036245	0	0	0	0	0	0	0	1
$1	1427	9076	1	0	0473	1.00	23	21.04.07	11:46	1	30	23	2290	00	5907502687317	0	0	0	0	0	0	0	1
$1	1427	9076	2	0	0310	1.00	19	21.04.07	11:46	1	30	19	1850	00	5903111747015	0	0	0	0	0	0	0	1
$1	1427	9076	3	0	2729	1.00	30	21.04.07	11:46	2	30	30	2950	00	0000017027298	0	0	0	0	0	0	0	1
$1	1427	9077	1	0	0993	1.00	5	21.04.07	11:50	2	30	5	450	00	5906365702991	0	0	0	0	0	0	0	1
$1	1427	9077	2	0	1112	1.00	5	21.04.07	11:50	2	30	5	490	00	5906365702267	0	0	0	0	0	0	0	1
$1	1427	9078	1	0	1366	1.00	26	21.04.07	12:35	3	30	26	2550	00	0000006013660	0	0	0	0	0	0	0	1
$1	1427	9079	1	0	1215	1.00	550	21.04.07	12:46	2	30	550	550	00	0000005012152	0	0	0	0	0	0	0	0
$1	1427	9080	1	0	1203	1.00	6	21.04.07	13:24	2	30	6	550	00	5909990219612	0	0	0	0	0	0	0	1
$1	1427	9080	2	0	0986	1.00	6	21.04.07	13:24	2	30	6	590	00	0000005009862	0	0	0	0	0	0	0	1
$10	1427	9080	1	0	1164	1.00	550	21.04.07	13:24	2	30	550	550	00	5909994311121	0	0	0	0	0	0	0	0
$1	1427	9080	3	0	1164	1.00	6	21.04.07	13:24	2	30	6	550	00	5909994311121	0	0	0	0	0	0	0	1
$1	1427	9080	4	0	1190	1.00	6	21.04.07	13:24	2	30	6	550	00	5909990021864	0	0	0	0	0	0	0	1
$1	1427	9081	1	0	4071	1.00	790	21.04.07	14:18	1	30	790	790	00	0000030040717	0	0	0	0	0	0	0	0
$1	1427	9082	1	0	4071	1.00	790	21.04.07	14:20	1	30	790	790	00	0000030040717	0	0	0	0	0	0	0	0
$1	1427	9083	1	0	3116	1.00	5	21.04.07	14:31	2	30	5	490	00	0000020031169	0	0	0	0	0	0	0	1
$1	1427	9084	1	0	2350	3.00	1950	21.04.07	14:37	1	30	1950	1950	00	0000015023506	0	0	0	0	0	0	0	0
$1	1427	9084	2	0	3902	1.00	1190	21.04.07	14:37	1	30	1190	1190	00	0000028039020	0	0	0	0	0	0	0	0
$1	1427	9084	3	0	3902	1.00	1190	21.04.07	14:37	1	30	1190	1190	00	0000028039020	0	0	0	0	0	0	0	0
$1	1427	9085	1	0	1806	1.00	2650	21.04.07	14:45	1	30	2650	2650	00	0000008018069	0	0	0	0	0	0	0	0
$1	1427	9086	1	0	0371	1.00	1450	21.04.07	14:47	1	30	1450	1450	00	5906874565292	0	0	0	0	0	0	0	0
$1	1427	9086	2	0	1460	1.00	1950	21.04.07	14:47	1	30	1950	1950	00	0000034014608	0	0	0	0	0	0	0	0
$1	1427	9087	1	0	0680	1.00	5650	21.04.07	14:53	1	30	5650	5650	00	0000024006804	0	0	0	0	0	0	0	0
$1	1427	9088	1	0	0778	1.00	3900	21.04.07	15:04	1	30	3900	3900	00	5902729032391	0	0	0	0	0	0	0	0
$10	1427	9088	1	0	0725	1.00	6190	21.04.07	15:04	1	30	6190	6190	00	0000003007259	0	0	0	0	0	0	0	0
$10	1427	9088	2	0	0731	1.00	4150	21.04.07	15:04	1	30	4150	4150	00	0000003007310	0	0	0	0	0	0	0	0
$1	1427	9088	2	0	0725	1.00	5990	21.04.07	15:04	1	30	5990	6190	00	0000003007259	0	0	0	0	0	0	0	1
$1	1427	9088	3	0	0731	1.00	3950	21.04.07	15:04	1	30	3950	4150	00	0000003007310	0	0	0	0	0	0	0	1
$1	1427	9088	4	0	0066	1.000	1190	21.04.07	15:04	1	30	1190	1190	00	0000000000000	0	0	0	0	0	0	0	0
$1	1427	9089	1	0	0772	1.00	6690	21.04.07	15:04	1	30	6690	6690	00	5902729031882	0	0	0	0	0	0	0	0
$11	1428	1	1	0	2337	1.00	2590	21.04.07	18:30	1	30	2590	2590	00	0000003023372	0	0	0	0	0	0	0	0
$1	1428	9092	1	0	0977	1.00	600	21.04.08	08:47	2	30	600	600	00	5905279799028	0	0	0	0	0	0	0	0
$1	1428	9092	2	0	0977	1.00	600	21.04.08	08:47	2	30	600	600	00	5905279799028	0	0	0	0	0	0	0	0
$1	1428	9092	3	0	0002	1.000	510	21.04.08	08:47	1	30	510	510	00	0000000000000	0	0	0	0	0	0	0	0
$1	1428	9093	1	0	0569	1.00	3350	21.04.08	09:05	1	30	3350	3550	00	0000002005690	0	0	0	0	0	0	0	1
$1	1428	9094	1	0	2350	2.00	1300	21.04.08	09:19	1	30	1300	1300	00	0000015023506	0	0	0	0	0	0	0	0
$1	1428	9095	1	0	1190	1.00	550	21.04.08	09:32	2	30	550	550	00	0000005011902	0	0	0	0	0	0	0	0
$1	1428	9095	2	0	0182	1.000	780	21.04.08	09:32	2	30	780	780	00	0000000000000	0	0	0	0	0	0	0	0
$1	1428	9096	1	0	0772	1.00	6690	21.04.08	10:12	1	30	6690	6690	00	0000003007723	0	0	0	0	0	0	0	0
$1	1428	9096	2	0	0094	1.000	640	21.04.08	10:12	2	30	640	640	00	0000000000000	0	0	0	0	0	0	0	0
$1	1428	9096	3	0	2668	1.00	1790	21.04.08	10:12	2	30	1790	1790	00	0000017026680	0	0	0	0	0	0	0	0
$1	1428	9096	4	0	0778	1.00	3900	21.04.08	10:12	1	30	3900	3900	00	0000003007785	0	0	0	0	0	0	0	0
$1	1428	9097	1	0	1190	1.00	550	21.04.08	11:02	2	30	550	550	00	5909990021864	0	0	0	0	0	0	0	0
$1	1428	9097	2	0	1189	1.00	550	21.04.08	11:02	2	30	550	550	00	0000005011896	0	0	0	0	0	0	0	0
$1	1428	9098	1	0	1196	2.00	900	21.04.08	11:34	2	30	900	900	00	5909990468324	0	0	0	0	0	0	0	0
$1	1428	9098	2	0	1107	2.00	800	21.04.08	11:34	2	30	800	800	00	5909994311466	0	0	0	0	0	0	0	0
$1	1428	9098	3	0	1231	1.00	450	21.04.08	11:34	2	30	450	450	00	5909994310469	0	0	0	0	0	0	0	0
$1	1428	9099	1	0	0727	1.00	8250	21.04.08	11:45	1	30	8250	8250	00	0000003007273	0	0	0	0	0	0	0	0
$1	1428	9100	1	0	1179	10.00	4900	21.04.08	12:08	2	30	4900	4900	00	5909994309524	0	0	0	0	0	0	0	0
$1	1428	9100	2	0	0996	10.00	4900	21.04.08	12:08	2	30	4900	4900	00	5906365702076	0	0	0	0	0	0	0	0
$1	1428	9100	3	0	0182	1.000	760	21.04.08	12:08	2	30	760	760	00	0000000000000	0	0	0	0	0	0	0	0
$1	1428	9101	1	0	2170	1.00	950	21.04.08	12:21	1	30	950	950	00	0000013021702	0	0	0	0	0	0	0	0
$1	1428	9102	1	0	0906	1.00	5450	21.04.08	13:29	1	30	5450	5450	00	0000004009061	0	0	0	0	0	0	0	0
$1	1428	9102	2	0	0869	1.00	5490	21.04.08	13:29	1	30	5490	5490	00	0000004008699	0	0	0	0	0	0	0	0
$1	1428	9103	1	0	1888	1.00	4950	21.04.08	13:42	1	30	4950	4950	00	0000022018885	0	0	0	0	0	0	0	0
$1	1428	9104	1	0	0086	1.000	490	21.04.08	13:43	1	30	490	490	00	0000000000000	0	0	0	0	0	0	0	0
$1	1428	9105	1	0	2307	2.00	7180	21.04.08	14:25	1	30	7180	7180	00	0000014023071	0	0	0	0	0	0	0	0
$1	1428	9106	1	0	0203	2.000	21	21.04.08	14:35	1	30	2080	2080	00	0000000000000	0	1	0	0	0	0	0	0
$1	1428	9106	2	0	0203	2.000	22	21.04.08	14:35	1	30	2180	2180	00	0000000000000	0	1	0	0	0	0	0	0
$1	1428	9107	1	0	0002	1.000	1290	21.04.08	14:50	1	30	1290	1290	00	0000000000000	0	0	0	0	0	0	0	0
$1	1428	9107	2	0	1513	1.00	1900	21.04.08	14:50	3	30	1900	1900	00	0000007015137	0	0	0	0	0	0	0	0
$1	1428	9107	3	0	2259	1.00	1350	21.04.08	14:50	2	30	1350	1350	00	0000020022594	0	0	0	0	0	0	0	0
$1	1428	9107	4	0	0095	1.000	1190	21.04.08	14:50	1	30	1190	1190	00	0000000000000	0	0	0	0	0	0	0	0
$1	1428	9107	5	0	3009	1.00	2090	21.04.08	14:50	1	30	2090	2090	00	0000019030098	0	0	0	0	0	0	0	0
$1	1428	9107	6	0	0471	1.00	3050	21.04.08	14:50	1	30	3050	3050	00	5907502687270	0	0	0	0	0	0	0	0
$1	1428	9108	1	0	1008	2.00	900	21.04.08	15:34	2	30	900	900	00	5909994311367	0	0	0	0	0	0	0	0
$1	1428	9108	2	0	1036	1.00	450	21.04.08	15:34	3	30	450	450	00	5905279799431	0	0	0	0	0	0	0	0
$1	1428	9108	3	0	1035	2.00	980	21.04.08	15:34	2	30	980	980	00	5909994310124	0	0	0	0	0	0	0	0
$1	1428	9108	4	0	1191	2.00	900	21.04.08	15:34	2	30	900	900	00	5909990628490	0	0	0	0	0	0	0	0
$1	1428	9108	5	0	1216	2.00	900	21.04.08	15:34	2	30	900	900	00	5909990668458	0	0	0	0	0	0	0	0
$1	1428	9108	6	0	0227	1.000	290	21.04.08	15:34	1	30	290	290	00	0000000000000	0	0	0	0	0	0	0	0
$1	1428	9108	7	0	0227	1.000	390	21.04.08	15:34	1	30	390	390	00	0000000000000	0	0	0	0	0	0	0	0
$1	1428	9108	8	0	0026	1.000	590	21.04.08	15:34	1	30	590	590	00	0000000000000	0	0	0	0	0	0	0	0
$1	1428	9108	9	0	2729	2.00	5900	21.04.08	15:34	2	30	5900	5900	00	0000017027298	0	0	0	0	0	0	0	0
$1	1428	9109	1	0	3835	1.00	2490	21.04.08	16:02	1	30	2490	2490	00	0000026038353	0	0	0	0	0	0	0	0
$1	1428	9109	2	0	0048	1.000	2790	21.04.08	16:02	1	30	2790	2790	00	0000000000000	0	0	0	0	0	0	0	0
$1	1428	9109	3	0	3847	1.00	3550	21.04.08	16:02	1	30	3550	3550	00	0000026038476	0	0	0	0	0	0	0	0
$1	1428	9109	4	0	2350	1.00	650	21.04.08	16:02	1	30	650	650	00	0000015023506	0	0	0	0	0	0	0	0
$1	1428	9110	1	0	2134	1.00	1550	21.04.08	16:02	1	30	1550	1550	00	0000013021344	0	0	0	0	0	0	0	0
$1	1428	9110	2	0	0791	1.00	5990	21.04.08	16:02	1	30	5990	5990	00	0000003007914	0	0	0	0	0	0	0	0
$1	1428	9111	1	0	2433	1.00	2590	21.04.08	16:27	1	30	2590	2590	00	0000016024335	0	0	0	0	0	0	0	0
$1	1428	9111	2	0	2367	1.00	2250	21.04.08	16:27	1	30	2250	2250	00	0000016023673	0	0	0	0	0	0	0	0
$1	1428	9111	3	0	3902	1.00	1190	21.04.08	16:27	1	30	1190	1190	00	0000028039020	0	0	0	0	0	0	0	0
$1	1428	9111	4	0	2362	1.00	1990	21.04.08	16:27	1	30	1990	2490	00	0000016023628	0	0	0	0	0	0	0	1
$1	1428	9111	5	0	1012	1.00	790	21.04.08	16:27	2	30	790	790	00	5909994310865	0	0	0	0	0	0	0	0
$1	1428	9111	6	0	1233	1.00	650	21.04.08	16:27	2	30	650	650	00	5909990628223	0	0	0	0	0	0	0	0
$1	1428	9111	7	0	0993	1.00	450	21.04.08	16:27	2	30	450	450	00	5906365702991	0	0	0	0	0	0	0	0
$1	1428	9111	8	0	1018	1.00	990	21.04.08	16:27	2	30	990	990	00	5907752643019	0	0	0	0	0	0	0	0
$1	1429	9114	1	0	0203	1.000	2850	21.04.09	09:01	1	30	2850	2850	00	0000000000000	0	0	0	0	0	0	0	0
$1	1429	9114	2	0	0895	1.00	3890	21.04.09	09:01	1	30	3890	3890	00	0000004008958	0	0	0	0	0	0	0	0
$1	1429	9114	3	0	3820	1.00	2550	21.04.09	09:01	1	30	2550	2550	00	0000026038209	0	0	0	0	0	0	0	0
$1	1429	9115	1	0	3985	1.00	1250	21.04.09	09:03	1	30	1250	1250	00	0000031039857	0	0	0	0	0	0	0	0
$1	1429	9115	2	0	2024	1.00	2490	21.04.09	09:03	1	30	2490	2490	00	0000010020241	0	0	0	0	0	0	0	0
$1	1429	9116	1	0	0299	2.00	400	21.04.09	09:09	2	30	400	400	00	0000033002996	0	0	0	0	0	0	0	0
$1	1429	9116	2	0	2009	1.00	2950	21.04.09	09:09	1	30	2950	2950	00	0000009020092	0	0	0	0	0	0	0	0
$1	1429	9117	1	0	1178	2.00	780	21.04.09	09:10	2	30	780	780	00	5909990628360	0	0	0	0	0	0	0	0
$1	1429	9118	1	0	3826	1.00	650	21.04.09	09:47	1	30	650	650	00	0000026038261	0	0	0	0	0	0	0	0
$1	1429	9119	1	0	3901	3.00	2850	21.04.09	09:52	1	30	2850	2850	00	0000028039013	0	0	0	0	0	0	0	0
$1	1429	9120	1	0	1374	1.00	1850	21.04.09	09:54	1	30	1850	1850	00	0000006013745	0	0	0	0	0	0	0	0
$1	1429	9121	1	0	3054	1.00	700	21.04.09	10:08	2	30	700	700	00	0000020030544	0	0	0	0	0	0	0	0
$1	1429	9122	1	0	1949	1.00	1450	21.04.09	10:11	2	30	1450	1450	00	0000009019492	0	0	0	0	0	0	0	0
$1	1429	9122	2	0	2043	1.00	1590	21.04.09	10:11	1	30	1590	1590	00	0000007020438	0	0	0	0	0	0	0	0
$1	1429	9122	3	0	1700	1.00	1590	21.04.09	10:11	3	30	1590	1590	00	0000007017001	0	0	0	0	0	0	0	0
$1	1429	9123	1	0	1169	1.00	550	21.04.09	10:17	2	30	550	550	00	0000005011698	0	0	0	0	0	0	0	0
$1	1429	9124	1	0	1013	1.00	500	21.04.09	10:27	2	30	500	500	00	5909990628438	0	0	0	0	0	0	0	0
$1	1429	9124	2	0	1013	1.00	500	21.04.09	10:27	2	30	500	500	00	5909990628438	0	0	0	0	0	0	0	0
$1	1429	9125	1	0	1039	1.00	550	21.04.09	10:53	2	30	550	550	00	0000005010394	0	0	0	0	0	0	0	0
$1	1429	9126	1	0	2826	1.00	10090	21.04.09	11:20	1	30	10090	10090	00	0000018028263	0	0	0	0	0	0	0	0
$1	1429	9126	2	0	2829	1.00	13550	21.04.09	11:20	1	30	13550	13550	00	0000018028294	0	0	0	0	0	0	0	0
$1	1429	9126	3	0	3847	1.00	3550	21.04.09	11:20	1	30	3550	3550	00	8806334370435	0	0	0	0	0	0	0	0
$1	1429	9126	4	0	0013	1.000	1190	21.04.09	11:20	3	30	1190	1190	00	0000000000000	0	0	0	0	0	0	0	0
$1	1429	9127	1	0	0937	1.00	3700	21.04.09	11:27	1	30	3700	3700	00	0000004009375	0	0	0	0	0	0	0	0
$1	1429	9128	1	0	0514	1.00	2590	21.04.09	11:35	1	30	2590	2590	00	5907502687744	0	0	0	0	0	0	0	0
$1	1429	9128	2	0	0732	1.00	3200	21.04.09	11:35	1	30	3200	3200	00	0000003007327	0	0	0	0	0	0	0	0
$1	1429	9129	1	0	1181	1.00	390	21.04.09	11:38	2	30	390	390	00	5909994310964	0	0	0	0	0	0	0	0
$1	1429	9129	2	0	1181	1.00	390	21.04.09	11:38	2	30	390	390	00	5909994310964	0	0	0	0	0	0	0	0
$1	1429	9129	3	0	1233	1.00	650	21.04.09	11:38	2	30	650	650	00	5909990628223	0	0	0	0	0	0	0	0
$1	1429	9129	4	0	1191	2.00	900	21.04.09	11:38	2	30	900	900	00	5909990628490	0	0	0	0	0	0	0	0
$1	1429	9129	5	0	1031	2.00	1180	21.04.09	11:38	3	30	1180	1180	00	5905279799639	0	0	0	0	0	0	0	0
$1	1429	9129	6	0	1000	1.00	550	21.04.09	11:38	2	30	550	550	00	5906365702922	0	0	0	0	0	0	0	0
$1	1429	9129	7	0	0994	1.00	450	21.04.09	11:38	2	30	450	450	00	5906365702854	0	0	0	0	0	0	0	0
$1	1429	9129	8	0	1197	1.00	390	21.04.09	11:38	2	30	390	390	00	5909994309128	0	0	0	0	0	0	0	0
$1	1429	9129	9	0	1199	1.00	490	21.04.09	11:38	2	30	490	490	00	5909990195527	0	0	0	0	0	0	0	0
$1	1429	9129	10	0	1084	1.00	450	21.04.09	11:38	2	30	450	450	00	5906365702199	0	0	0	0	0	0	0	0
$1	1429	9130	1	0	1133	1.00	750	21.04.09	11:39	3	30	750	750	00	0000005011339	0	0	0	0	0	0	0	0
$1	1429	9130	2	0	1151	1.00	450	21.04.09	11:39	2	30	450	450	00	5909990468126	0	0	0	0	0	0	0	0
$1	1429	9130	3	0	1202	1.00	490	21.04.09	11:39	2	30	490	490	00	5909994309326	0	0	0	0	0	0	0	0
$1	1429	9130	4	0	1207	1.00	450	21.04.09	11:39	2	30	450	450	00	5909994309821	0	0	0	0	0	0	0	0
$1	1429	9131	1	0	0363	1.00	1390	21.04.09	11:51	1	30	1390	1390	00	5900168902923	0	0	0	0	0	0	0	0
$1	1429	9131	2	0	0454	1.00	3750	21.04.09	11:51	1	30	3750	3750	00	5907502687188	0	0	0	0	0	0	0	0
$1	1429	9131	3	0	1162	1.00	450	21.04.09	11:51	2	30	450	450	00	5909994311763	0	0	0	0	0	0	0	0
$1	1429	9131	4	0	0463	1.00	2250	21.04.09	11:51	1	30	2250	2250	00	5907502687249	0	0	0	0	0	0	0	0
$1	1429	9131	5	0	2024	1.00	2490	21.04.09	11:51	1	30	2490	2490	00	0000010020241	0	0	0	0	0	0	0	0
$1	1429	9131	6	0	0851	1.00	1990	21.04.09	11:51	1	30	1990	1990	00	0000004008514	0	0	0	0	0	0	0	0
$1	1429	9132	1	0	1215	2.00	1100	21.04.09	12:18	2	30	1100	1100	00	0000005012152	0	0	0	0	0	0	0	0
$1	1429	9132	2	0	1180	1.00	450	21.04.09	12:18	2	30	450	450	00	5909994312166	0	0	0	0	0	0	0	0
$1	1429	9132	3	0	1180	1.00	450	21.04.09	12:18	2	30	450	450	00	5909994312166	0	0	0	0	0	0	0	0
$1	1429	9132	4	0	1249	1.00	750	21.04.09	12:18	2	30	750	750	00	5909994310667	0	0	0	0	0	0	0	0
$1	1429	9132	5	0	1249	1.00	750	21.04.09	12:18	2	30	750	750	00	5909994310667	0	0	0	0	0	0	0	0
$1	1429	9133	1	0	4060	1.00	6950	21.04.09	12:28	1	30	6950	6950	00	0000027040607	0	0	0	0	0	0	0	0
$1	1429	9134	1	0	2437	1.00	2590	21.04.09	12:43	1	30	2590	2590	00	0794712345794	0	0	0	0	0	0	0	0
$1	1429	9135	1	0	1562	1.00	2390	21.04.09	12:44	2	30	2390	2390	00	0000007015625	0	0	0	0	0	0	0	0
$1	1429	9135	2	0	0093	1.000	540	21.04.09	12:44	3	30	540	540	00	0000000000000	0	0	0	0	0	0	0	0
$1	1429	9136	1	0	2053	1.00	2550	21.04.09	12:52	1	30	2550	2550	00	0000011020530	0	0	0	0	0	0	0	0
$1	1429	9136	2	0	0459	1.00	2290	21.04.09	12:52	1	30	2290	2290	00	0000002004594	0	0	0	0	0	0	0	0
$1	1429	9137	1	0	1183	3.00	1770	21.04.09	12:55	2	30	1770	1770	00	5909990628414	0	0	0	0	0	0	0	0
$1	1429	9138	1	0	0041	1.000	1950	21.04.09	13:05	1	30	1950	1950	00	0000000000000	0	0	0	0	0	0	0	0
$1	1429	9139	1	0	1759	1.00	48	21.04.09	13:13	1	30	48	4790	00	0000008017598	0	0	0	0	0	0	0	1
$1	1429	9140	1	0	3906	1.00	3850	21.04.09	13:25	1	30	3850	3850	00	0000028039068	0	0	0	0	0	0	0	0
$1	1429	9140	2	0	2015	1.00	4350	21.04.09	13:25	2	30	4350	4350	00	0000009020153	0	0	0	0	0	0	0	0
$1	1429	9141	1	0	3907	1.00	7950	21.04.09	13:40	1	30	7950	7950	00	0000028039075	0	0	0	0	0	0	0	0
$1	1429	9141	2	0	3907	1.00	7950	21.04.09	13:40	1	30	7950	7950	00	0000028039075	0	0	0	0	0	0	0	0
$1	1429	9142	1	0	1185	2.00	900	21.04.09	13:42	2	30	900	900	00	5909990628391	0	0	0	0	0	0	0	0
$1	1429	9143	1	0	0002	1.000	1190	21.04.09	14:03	1	30	1190	1190	00	0000000000000	0	0	0	0	0	0	0	0
$1	1429	9143	2	0	3302	1.00	650	21.04.09	14:03	1	30	650	650	00	0000022033024	0	0	0	0	0	0	0	0
$1	1429	9143	3	0	0025	1.000	290	21.04.09	14:03	1	30	290	290	00	0000000000000	0	0	0	0	0	0	0	0
$1	1429	9143	4	0	0026	1.000	590	21.04.09	14:03	1	30	590	590	00	0000000000000	0	0	0	0	0	0	0	0
$1	1429	9143	5	0	0628	1.00	690	21.04.09	14:03	1	30	690	690	00	0000002006284	0	0	0	0	0	0	0	0
$1	1429	9144	1	0	0694	1.00	3750	21.04.09	14:09	1	30	3750	3750	00	0000024006941	0	0	0	0	0	0	0	0
$10	1429	9144	1	0	2012	1.00	3250	21.04.09	14:09	1	30	3250	3250	00	0000009020122	0	0	0	0	0	0	0	0
$1	1429	9144	2	0	1590	1.00	1290	21.04.09	14:09	1	30	1290	1290	00	5906660812173	0	0	0	0	0	0	0	0
$1	1429	9144	3	0	0281	1.00	2090	21.04.09	14:09	2	30	2090	2090	00	0000033002811	0	0	0	0	0	0	0	0
$1	1429	9144	4	0	0225	1.000	350	21.04.09	14:09	1	30	350	350	00	0000000000000	0	0	0	0	0	0	0	0
$1	1429	9145	1	0	0466	1.00	1862	21.04.09	14:10	1	30	1862	2190	00	5907502687089	0	0	0	0	0	0	0	1
$1	1429	9146	1	0	0684	1.00	3950	21.04.09	14:12	1	30	3950	3950	00	0000024006842	0	0	0	0	0	0	0	0
$1	1429	9146	2	0	1954	1.00	1950	21.04.09	14:12	1	30	1950	1950	00	0000009019546	0	0	0	0	0	0	0	0
$1	1429	9147	1	0	0603	1.00	3850	21.04.09	14:16	1	30	3850	3850	00	5902249011074	0	0	0	0	0	0	0	0
$1	1429	9148	1	0	1049	1.00	1350	21.04.09	14:45	3	30	1350	1350	00	0000005010493	0	0	0	0	0	0	0	0
$1	1429	9149	1	0	0738	1.00	7600	21.04.09	15:06	1	30	7600	7600	00	0000003007389	0	0	0	0	0	0	0	0
$1	1429	9150	1	0	2898	1.00	14700	21.04.09	16:06	1	30	14700	14700	00	0000018028980	0	0	0	0	0	0	0	0
$1	1429	9150	2	0	0664	1.00	2290	21.04.09	16:06	1	30	2290	2290	00	5902249014938	0	0	0	0	0	0	0	0
$1	1429	9150	3	0	0726	1.00	5900	21.04.09	16:06	1	30	5900	5900	00	0000003007266	0	0	0	0	0	0	0	0
$1	1429	9150	4	0	0026	1.000	590	21.04.09	16:06	1	30	590	590	00	0000000000000	0	0	0	0	0	0	0	0
$1	1429	9151	1	0	1327	1.00	24	21.04.09	16:10	3	30	24	2400	00	0000006013271	0	0	0	0	0	0	0	1
$1	1429	9151	2	0	1888	1.00	50	21.04.09	16:10	1	30	50	4950	00	0000022018885	0	0	0	0	0	0	0	1
$1	1429	9152	1	0	3118	1.00	1350	21.04.09	16:23	2	30	1350	1350	00	0000020031183	0	0	0	0	0	0	0	0
$1	1429	9153	1	0	0571	1.00	1290	21.04.09	16:24	1	30	1290	1290	00	5902249011142	0	0	0	0	0	0	0	0
