#1	COM255:1:STX6:1	5	2023.05.16	20:56	OPSpRoz4	WIN 13.32.2020	OPSPROZ4IN.txt	OPSPROZ4OUT.txt
#
#ELZAB Jota online 20000 PLU II gen. ver. 01 (identyfikator odczytany z urzadzenia i pliku ECRTBUF.TXT)
$14	01	23.02.28	09:42	4
$13	00	1	23.02.28	09:42	01	0	0	0	0	0	0	0	0	0	             
$1	161	1	1	0	1495	1.00	7250	23.02.28	10:14	4	01	7250	7250	00	7014956	0	0	0	0	0	0	0	0
$1	161	1	2	0	1047	1.00	1290	23.02.28	10:14	4	01	1290	1290	00	5010479	0	0	0	0	0	0	0	0
$1	161	1	3	0	1124	2.00	1380	23.02.28	10:14	2	01	1380	1380	00	5907752643484	0	0	0	0	0	0	0	0
$4	161	1	1	0	0	10000	10000
$4	161	1	1	0	1	080	080
$1	161	2	1	0	1189	1.00	650	23.02.28	10:51	2	01	650	650	00	5909994310711	0	0	0	0	0	0	0	0
$4	161	2	1	0	0	2000	2000
$4	161	2	1	0	1	1350	1350
$1	161	3	1	0	2612	1.00	1750	23.02.28	11:13	1	01	1750	1750	00	17026123	0	0	0	0	0	0	0	0
$1	161	3	2	0	3540	1.00	1490	23.02.28	11:13	1	01	1490	1490	00	8691190466138	0	0	0	0	0	0	0	0
$1	161	3	3	0	0518	1.00	1090	23.02.28	11:13	1	01	1090	1090	00	8691190890575	0	0	0	0	0	0	0	0
$1	161	3	4	0	1013	1.00	650	23.02.28	11:13	2	01	650	650	00	5909990628438	0	0	0	0	0	0	0	0
$4	161	3	2	0	0	4980	4980
$1	161	4	1	0	1513	2.00	4380	23.02.28	11:56	4	01	4380	4380	00	7015137	0	0	0	0	0	0	0	0
$4	161	4	2	0	0	4380	4380
$1	161	5	1	0	2446	1.00	2845	23.02.28	12:08	1	01	2845	5690	00	3024461	0	0	0	0	0	0	0	1
$1	161	5	2	0	2264	1.00	900	23.02.28	12:08	2	01	900	900	00	20022648	0	0	0	0	0	0	0	0
$1	161	5	3	0	2350	2.00	1580	23.02.28	12:08	1	01	1580	1580	00	2350	0	0	0	0	0	0	0	0
$4	161	5	2	0	0	5325	5325
$1	161	6	1	0	2009	1.00	3250	23.02.28	12:15	1	01	3250	3250	00	680275060864	0	0	0	0	0	0	0	0
$4	161	6	1	0	0	10000	10000
$4	161	6	1	0	1	6750	6750
$1	161	7	1	0	1111	2.00	1180	23.02.28	12:24	2	01	1180	1180	00	5906365702304	0	0	0	0	0	0	0	0
$4	161	7	1	0	0	1180	1180
$1	161	8	1	0	1233	1.00	750	23.02.28	13:29	2	01	750	750	00	5909990628223	0	0	0	0	0	0	0	0
$1	161	8	2	0	1192	1.00	890	23.02.28	13:29	2	01	890	890	00	5909990219322	0	0	0	0	0	0	0	0
$4	161	8	2	0	0	1640	1640
$10	161	9	1	0	1216	1.00	440	23.02.28	13:42	2	01	440	550	00	5909990668458	0	0	0	0	0	0	0	1
$10	161	9	2	0	1216	1.00	550	23.02.28	13:42	2	01	550	550	00	5909990668458	0	0	0	0	0	0	0	0
$10	161	9	3	0	1216	1.00	550	23.02.28	13:42	2	01	550	550	00	5909990668458	0	0	0	0	0	0	0	0
$1	161	9	1	0	1216	1.00	440	23.02.28	13:43	2	01	440	550	00	5909990668458	0	0	0	0	0	0	0	1
$1	161	9	2	0	1216	1.00	440	23.02.28	13:43	2	01	440	550	00	5909990668458	0	0	0	0	0	0	0	1
$4	161	9	1	0	0	1000	1000
$4	161	9	1	0	1	120	120
$1	161	10	1	0	0976	1.00	1650	23.02.28	14:09	2	01	1650	1650	00	5009763	0	0	0	0	0	0	0	0
$4	161	10	1	0	0	5000	5000
$4	161	10	1	0	1	3350	3350
$1	161	11	1	0	2345	1.00	2350	23.02.28	14:44	1	01	2350	2350	00	10004951	0	0	0	0	0	0	0	0
$4	161	11	2	0	0	2350	2350
$1	161	12	1	0	4208	1.00	390	23.02.28	15:29	1	01	390	390	00	8691190801366	0	0	0	0	0	0	0	0
$1	161	12	2	0	4197	1.00	550	23.02.28	15:29	1	01	550	550	00	8691190644055	0	0	0	0	0	0	0	0
$4	161	12	2	0	0	940	940
$1	161	13	1	0	1277	1.00	1550	23.02.28	15:41	1	01	1550	1550	00	19200	0	0	0	0	0	0	0	0
$4	161	13	2	0	0	1550	1550
$1	161	14	1	0	0971	1.00	850	23.02.28	16:39	2	01	850	850	00	5905279799516	0	0	0	0	0	0	0	0
$4	161	14	2	0	0	850	850
$1	161	15	1	0	1273	1.00	1650	23.02.28	16:43	1	01	1650	1650	00	8691190967253	0	0	0	0	0	0	0	0
$4	161	15	2	0	0	1650	1650
$1	161	16	1	0	1191	1.00	550	23.02.28	16:46	2	01	550	550	00	5909990628490	0	0	0	0	0	0	0	0
$1	161	16	2	0	1230	1.00	550	23.02.28	16:46	2	01	550	550	00	5909994310766	0	0	0	0	0	0	0	0
$1	161	16	3	0	0951	1.00	590	23.02.28	16:46	4	01	590	590	00	5907752643569	0	0	0	0	0	0	0	0
$4	161	16	2	0	0	1690	1690
$1	161	17	1	0	2350	3.00	2370	23.02.28	16:48	1	01	2370	2370	00	15023506	0	0	0	0	0	0	0	0
$4	161	17	2	0	0	2370	2370
$1	161	18	1	0	1458	1.00	2090	23.02.28	17:00	1	01	2090	2090	00	10003114	0	0	0	0	0	0	0	0
$1	161	18	2	0	0586	1.00	690	23.02.28	17:00	1	01	690	690	00	2005867	0	0	0	0	0	0	0	0
$1	161	18	3	0	0608	1.00	850	23.02.28	17:00	1	01	850	850	00	2006086	0	0	0	0	0	0	0	0
$4	161	18	2	0	0	3630	3630
$14	01	23.03.01	09:14	4
$13	00	1	23.03.01	09:14	01	0	0	0	0	0	0	0	0	0	             
$1	162	1	1	0	4115	1.00	2590	23.03.01	10:44	1	01	2590	2590	00	10000397	0	0	0	0	0	0	0	0
$4	162	1	2	0	0	2590	2590
$1	162	2	1	0	1232	1.00	490	23.03.01	11:10	2	01	490	490	00	5909990219520	0	0	0	0	0	0	0	0
$4	162	2	2	0	0	490	490
$10	162	3	1	0	1159	1.00	550	23.03.01	12:14	2	01	550	550	00	5909994311657	0	0	0	0	0	0	0	0
$10	162	3	2	0	1233	1.00	750	23.03.01	12:15	2	01	750	750	00	5909990628223	0	0	0	0	0	0	0	0
$1	162	3	1	0	1233	1.00	750	23.03.01	12:16	2	01	750	750	00	5909990628223	0	0	0	0	0	0	0	0
$1	162	3	2	0	1159	1.00	550	23.03.01	12:16	2	01	550	550	00	5909994311657	0	0	0	0	0	0	0	0
$1	162	3	3	0	1226	1.00	590	23.03.01	12:16	2	01	590	590	00	5909990219025	0	0	0	0	0	0	0	0
$1	162	3	4	0	1225	1.00	650	23.03.01	12:16	2	01	650	650	00	5909990628667	0	0	0	0	0	0	0	0
$1	162	3	5	0	1170	1.00	590	23.03.01	12:16	2	01	590	590	00	5909994311565	0	0	0	0	0	0	0	0
$1	162	3	6	0	1093	1.00	750	23.03.01	12:16	2	01	750	750	00	5906365702212	0	0	0	0	0	0	0	0
$1	162	3	7	0	0996	1.00	650	23.03.01	12:16	2	01	650	650	00	5906365702076	0	0	0	0	0	0	0	0
$1	162	3	8	0	1193	1.00	550	23.03.01	12:16	2	01	550	550	00	5909990195725	0	0	0	0	0	0	0	0
$4	162	3	1	0	0	5080	5080
$1	162	4	1	0	3384	1.00	1250	23.03.01	12:19	1	01	1250	1250	00	22033840	0	0	0	0	0	0	0	0
$4	162	4	2	0	0	1250	1250
$1	162	5	1	0	1918	1.00	1750	23.03.01	12:53	1	01	1750	1750	00	10007518	0	0	0	0	0	0	0	0
$4	162	5	2	0	0	1750	1750
$1	162	6	1	0	1822	1.00	2650	23.03.01	12:59	1	01	2650	2650	00	8018229	0	0	0	0	0	0	0	0
$4	162	6	2	0	0	2650	2650
$1	162	7	1	0	1215	1.00	690	23.03.01	13:04	2	01	690	690	00	5909994311213	0	0	0	0	0	0	0	0
$4	162	7	1	0	0	1000	1000
$4	162	7	1	0	1	310	310
$1	162	8	1	0	2053	1.00	2990	23.03.01	13:08	1	01	2990	2990	00	11020530	0	0	0	0	0	0	0	0
$4	162	8	2	0	0	2990	2990
$1	162	9	1	0	1232	1.00	490	23.03.01	13:17	2	01	490	490	00	5909990219520	0	0	0	0	0	0	0	0
$1	162	9	2	0	1181	1.00	550	23.03.01	13:17	2	01	550	550	00	5909994310964	0	0	0	0	0	0	0	0
$1	162	9	3	0	1162	1.00	500	23.03.01	13:17	2	01	500	500	00	5909994311763	0	0	0	0	0	0	0	0
$1	162	9	4	0	1133	1.00	1250	23.03.01	13:18	4	01	1250	1250	00	5011339	0	0	0	0	0	0	0	0
$1	162	9	5	0	1134	1.00	650	23.03.01	13:18	2	01	650	650	00	5011346	0	0	0	0	0	0	0	0
$4	162	9	2	0	0	3440	3440
$1	162	10	1	0	0989	2.00	1100	23.03.01	13:57	4	01	1100	1100	00	5009893	0	0	0	0	0	0	0	0
$1	162	10	2	0	0458	1.00	1400	23.03.01	13:57	1	01	1400	1400	00	5907502687072	0	0	0	0	0	0	0	0
$4	162	10	1	0	0	2500	2500
$1	162	11	1	0	1055	1.00	990	23.03.01	14:23	4	01	990	990	00	5905279799141	0	0	0	0	0	0	0	0
$4	162	11	1	0	0	990	990
$1	162	12	1	0	1945	1.00	1790	23.03.01	14:31	1	01	1790	1790	00	10007433	0	0	0	0	0	0	0	0
$1	162	12	2	0	1956	1.00	1890	23.03.01	14:31	1	01	1890	1890	00	10007563	0	0	0	0	0	0	0	0
$1	162	12	3	0	1958	1.00	1950	23.03.01	14:31	1	01	1950	1950	00	10007549	0	0	0	0	0	0	0	0
$4	162	12	1	0	0	10000	10000
$4	162	12	1	0	1	4370	4370
$1	162	13	1	0	0041	1.000	6500	23.03.01	14:37	1	01	6500	6500	00		0	0	0	0	0	0	0	0
$4	162	13	2	0	0	6500	6500
$1	162	14	1	0	0371	1.00	1790	23.03.01	15:10	1	01	1790	1790	00	5906874565292	0	0	0	0	0	0	0	0
$1	162	14	2	0	0311	1.00	2190	23.03.01	15:10	1	01	2190	2190	00	5903111747039	0	0	0	0	0	0	0	0
$4	162	14	1	0	0	3980	3980
$1	162	15	1	0	1013	1.00	650	23.03.01	15:14	2	01	650	650	00	5909990628438	0	0	0	0	0	0	0	0
$10	162	15	1	0	1054	1.00	550	23.03.01	15:14	4	01	550	550	00	5907752643873	0	0	0	0	0	0	0	0
$4	162	15	2	0	0	650	650
$1	162	16	1	0	1054	1.00	550	23.03.01	15:17	4	01	550	550	00	5907752643873	0	0	0	0	0	0	0	0
$4	162	16	1	0	0	550	550
$1	162	17	1	0	2433	1.00	2850	23.03.01	15:30	1	01	2850	2850	00	16024335	0	0	0	0	0	0	0	0
$4	162	17	2	0	0	2850	2850
$1	162	18	1	0	0514	1.00	3090	23.03.01	15:42	1	01	3090	3090	00	5907502687744	0	0	0	0	0	0	0	0
$4	162	18	2	0	0	3090	3090
$1	162	19	1	0	3901	1.00	1090	23.03.01	15:45	1	01	1090	1090	00	28039013	0	0	0	0	0	0	0	0
$4	162	19	2	0	0	1090	1090
$1	162	20	1	0	1050	1.00	1112	23.03.01	15:58	4	01	1112	1390	00	5907752643965	0	0	0	0	0	0	0	1
$1	162	20	2	0	1170	1.00	590	23.03.01	15:58	2	01	590	590	00	5909994311565	0	0	0	0	0	0	0	0
$1	162	20	3	0	1233	1.00	750	23.03.01	15:58	2	01	750	750	00	5909990628223	0	0	0	0	0	0	0	0
$1	162	20	4	0	0961	1.00	1350	23.03.01	15:59	2	01	1350	1350	00	5906365702885	0	0	0	0	0	0	0	0
$1	162	20	5	0	1249	1.00	900	23.03.01	15:59	2	01	900	900	00	5909994310667	0	0	0	0	0	0	0	0
$4	162	20	2	0	0	4702	4702
$1	162	21	1	0	2350	2.00	1580	23.03.01	17:23	1	01	1580	1580	00	15023506	0	0	0	0	0	0	0	0
$4	162	21	2	0	0	1580	1580
$1	162	22	1	0	2350	1.00	790	23.03.01	17:24	1	01	790	790	00	15023506	0	0	0	0	0	0	0	0
$4	162	22	2	0	0	790	790
$14	01	23.03.02	09:32	4
$13	00	1	23.03.02	09:32	01	0	0	0	0	0	0	0	0	0	             
$12	163	1	1	0	0515	1.00	3350	23.03.02	09:46	1	01	3350	3350	00	2005157	0	0	0	0	0	0	0	0
$12	163	1	2	0	0515	1.00	3350	23.03.02	09:47	1	01	3350	3350	00	5907502687782	0	0	0	0	0	0	0	0
$1	163	1	1	0	1713	1.00	2990	23.03.02	10:05	1	01	2990	2990	00	5907688710588	0	0	0	0	0	0	0	0
$4	163	1	2	0	0	2990	2990
$1	163	2	1	0	2010	1.00	3550	23.03.02	11:21	1	01	3550	3550	00	680275060871	0	0	0	0	0	0	0	0
$1	163	2	2	0	1543	1.00	5250	23.03.02	11:21	4	01	5250	5250	00	7015434	0	0	0	0	0	0	0	0
$1	163	2	3	0	0048	1.000	3490	23.03.02	11:22	1	01	3490	3490	00		0	0	0	0	0	0	0	0
$4	163	2	2	0	0	12290	12290
$1	163	3	1	0	2053	1.00	2990	23.03.02	11:36	1	01	2990	2990	00	11020530	0	0	0	0	0	0	0	0
$4	163	3	2	0	0	2990	2990
$1	163	4	1	0	1175	1.00	850	23.03.02	12:16	2	01	850	850	00	5909994308626	0	0	0	0	0	0	0	0
$1	163	4	2	0	1181	1.00	550	23.03.02	12:16	2	01	550	550	00	5909994310964	0	0	0	0	0	0	0	0
$1	163	4	3	0	1035	1.00	590	23.03.02	12:16	2	01	590	590	00	5909994310124	0	0	0	0	0	0	0	0
$1	163	4	4	0	1197	1.00	490	23.03.02	12:16	2	01	490	490	00	5909994309128	0	0	0	0	0	0	0	0
$1	163	4	5	0	1192	1.00	890	23.03.02	12:17	2	01	890	890	00	5909990219322	0	0	0	0	0	0	0	0
$1	163	4	6	0	1232	1.00	490	23.03.02	12:17	2	01	490	490	00	5909990219520	0	0	0	0	0	0	0	0
$1	163	4	7	0	1097	1.00	550	23.03.02	12:17	2	01	550	550	00	5909994310568	0	0	0	0	0	0	0	0
$1	163	4	8	0	1163	1.00	550	23.03.02	12:17	2	01	550	550	00	5909994308824	0	0	0	0	0	0	0	0
$1	163	4	9	0	1165	1.00	590	23.03.02	12:17	2	01	590	590	00	5909994311169	0	0	0	0	0	0	0	0
$1	163	4	10	0	1155	1.00	750	23.03.02	12:17	2	01	750	750	00	5909994309029	0	0	0	0	0	0	0	0
$1	163	4	11	0	1210	1.00	490	23.03.02	12:17	2	01	490	490	00	5909994310360	0	0	0	0	0	0	0	0
$4	163	4	2	0	0	6790	6790
$1	163	5	1	0	0880	1.00	6850	23.03.02	12:41	1	01	6850	6850	00	4008804	0	0	0	0	0	0	0	0
$1	163	5	2	0	0512	1.00	2286	23.03.02	12:46	1	01	2286	2690	00	5907502687799	0	0	0	0	0	0	0	1
$4	163	5	2	0	0	9136	9136
$1	163	6	1	0	2433	1.00	2850	23.03.02	12:54	1	01	2850	2850	00	16024335	0	0	0	0	0	0	0	0
$4	163	6	2	0	0	2850	2850
$1	163	7	1	0	1728	1.00	6350	23.03.02	15:24	1	01	6350	6350	00	8017284	0	0	0	0	0	0	0	0
$4	163	7	2	0	0	6350	6350
$1	163	8	1	0	1027	1.00	2550	23.03.02	15:26	2	01	2550	2550	00	5010271	0	0	0	0	0	0	0	0
$1	163	8	2	0	3589	1.00	1550	23.03.02	15:26	2	01	1550	1550	00	10004296	0	0	0	0	0	0	0	0
$4	163	8	2	0	0	4100	4100
$14	01	23.03.03	09:37	4
$13	00	1	23.03.03	09:37	01	0	0	0	0	0	0	0	0	0	             
$1	164	1	1	0	0551	1.00	3700	23.03.03	10:48	1	01	3700	3700	00	5902249010374	0	0	0	0	0	0	0	0
$4	164	1	1	0	0	10000	10000
$4	164	1	1	0	1	6300	6300
$1	164	2	1	0	2327	1.00	990	23.03.03	10:54	2	01	990	990	00	5903246864366	0	0	0	0	0	0	0	0
$10	164	2	1	0	2327	1.00	990	23.03.03	10:54	2	01	990	990	00	20023270	0	0	0	0	0	0	0	0
$1	164	2	2	0	3090	1.00	900	23.03.03	10:54	2	01	900	900	00	10003886	0	0	0	0	0	0	0	0
$4	164	2	1	0	0	2000	2000
$4	164	2	1	0	1	110	110
$1	164	3	1	0	1164	1.00	562	23.03.03	11:01	2	01	562	750	00	5909994311121	0	0	0	0	0	0	0	1
$4	164	3	1	0	0	562	562
$1	164	4	1	0	3602	1.00	2950	23.03.03	11:24	1	01	2950	2950	00	16036024	0	0	0	0	0	0	0	0
$4	164	4	2	0	0	2950	2950
$1	164	5	1	0	2350	1.00	790	23.03.03	12:24	1	01	790	790	00	15023506	0	0	0	0	0	0	0	0
$4	164	5	1	0	0	1000	1000
$4	164	5	1	0	1	210	210
$1	164	6	1	0	0372	1.00	1790	23.03.03	15:14	1	01	1790	1790	00	5906874565278	0	0	0	0	0	0	0	0
$1	164	6	2	0	0466	1.00	2125	23.03.03	15:15	1	01	2125	2500	00	10001196	0	0	0	0	0	0	0	1
$1	164	6	3	0	0290	1.00	7990	23.03.03	15:15	1	01	7990	7990	00	10004593	0	0	0	0	0	0	0	0
$1	164	6	4	0	2053	1.00	2990	23.03.03	15:15	1	01	2990	2990	00	11020530	0	0	0	0	0	0	0	0
$1	164	6	5	0	1820	1.00	2150	23.03.03	15:15	1	01	2150	2150	00	10004326	0	0	0	0	0	0	0	0
$4	164	6	2	0	0	17045	17045
$1	164	7	1	0	2024	1.00	1990	23.03.03	15:50	1	01	1990	2490	00	10020241	0	0	0	0	0	0	0	1
$1	164	7	2	0	0297	1.00	2000	23.03.03	15:50	1	01	2000	2000	00	800307842750	0	0	0	0	0	0	0	0
$1	164	7	3	0	4233	1.00	2650	23.03.03	15:53	2	01	2650	2650	00	10001011	0	0	0	0	0	0	0	0
$4	164	7	2	0	0	6640	6640
$1	164	8	1	0	2395	1.00	2450	23.03.03	16:41	1	01	2450	2450	00	16023956	0	0	0	0	0	0	0	0
$4	164	8	2	0	0	2450	2450
$14	01	23.03.04	09:29	4
$13	00	1	23.03.04	09:29	01	0	0	0	0	0	0	0	0	0	             
$1	165	1	1	0	0980	1.00	650	23.03.04	10:09	2	01	650	650	00	5906365702410	0	0	0	0	0	0	0	0
$4	165	1	2	0	0	650	650
$1	165	2	1	0	1233	1.00	750	23.03.04	10:24	2	01	750	750	00	5909990628223	0	0	0	0	0	0	0	0
$4	165	2	1	0	0	1000	1000
$4	165	2	1	0	1	250	250
$1	165	3	1	0	2275	1.00	2690	23.03.04	10:32	1	01	2690	2690	00	5902249010695	0	0	0	0	0	0	0	0
$4	165	3	1	0	0	3000	3000
$4	165	3	1	0	1	310	310
$1	165	4	1	0	3478	1.00	2295	23.03.04	10:34	1	01	2295	2700	00	5902249016406	0	0	0	0	0	0	0	1
$4	165	4	2	0	0	2295	2295
$12	165	1	1	0	0297	1.00	2000	23.03.04	10:36	1	01	2000	2000	00	800307842750	0	0	0	0	0	0	0	0
$1	165	5	1	0	2024	1.00	2490	23.03.04	10:36	1	01	2490	2490	00	10020241	0	0	0	0	0	0	0	0
$1	165	5	2	0	2024	1.00	1490	23.03.04	10:37	1	01	1490	2490	00	10020241	0	0	0	0	0	0	0	1
$1	165	5	3	0	1881	1.00	5290	23.03.04	10:38	1	01	5290	5290	00	5711914172794	0	0	0	0	0	0	0	0
$4	165	5	2	0	0	9270	9270
$1	165	6	1	0	2053	1.00	2990	23.03.04	10:40	1	01	2990	2990	00	11020530	0	0	0	0	0	0	0	0
$4	165	6	1	0	0	5000	5000
$4	165	6	1	0	1	2010	2010
$1	165	7	1	0	2053	1.00	2990	23.03.04	10:44	1	01	2990	2990	00	11020530	0	0	0	0	0	0	0	0
$4	165	7	1	0	0	4000	4000
$4	165	7	1	0	1	1010	1010
$1	165	8	1	0	0983	1.00	850	23.03.04	11:16	4	01	850	850	00	5905279799103	0	0	0	0	0	0	0	0
$1	165	8	2	0	4592	1.00	5650	23.03.04	11:16	2	01	5650	5650	00	5904960018707	0	0	0	0	0	0	0	0
$1	165	8	3	0	3903	1.00	2590	23.03.04	11:16	1	01	2590	2590	00	28039037	0	0	0	0	0	0	0	0
$1	165	8	4	0	3901	6.00	6540	23.03.04	11:16	1	01	6540	6540	00	28039013	0	0	0	0	0	0	0	0
$1	165	8	5	0	0673	1.00	3100	23.03.04	11:18	1	01	3100	3100	00	10001554	0	0	0	0	0	0	0	0
$4	165	8	1	0	0	20000	20000
$4	165	8	1	0	1	1270	1270
$1	165	9	1	0	1050	1.00	1181	23.03.04	11:24	4	01	1181	1390	00	5907752643965	0	0	0	0	0	0	0	1
$4	165	9	1	0	0	1181	1181
$1	165	10	1	0	1068	3.00	1950	23.03.04	11:48	2	01	1950	1950	00	5905279799400	0	0	0	0	0	0	0	0
$1	165	10	2	0	4592	1.00	5650	23.03.04	11:51	2	01	5650	5650	00	5904960018707	0	0	0	0	0	0	0	0
$4	165	10	2	0	0	7600	7600
$1	165	11	1	0	1050	1.00	1181	23.03.04	12:09	4	01	1181	1390	00	5907752643965	0	0	0	0	0	0	0	1
$4	165	11	1	0	0	1181	1181
$1	165	12	1	0	4505	1.00	2850	23.03.04	12:13	1	01	2850	2850	00	10006696	0	0	0	0	0	0	0	0
$4	165	12	2	0	0	2850	2850
$14	01	23.03.07	09:37	4
$13	00	1	23.03.07	09:37	01	0	0	0	0	0	0	0	0	0	             
$1	166	1	1	0	2053	1.00	2990	23.03.07	10:07	1	01	2990	2990	00	11020530	0	0	0	0	0	0	0	0
$4	166	1	1	0	0	2990	2990
$1	166	2	1	0	3901	1.00	1090	23.03.07	10:08	1	01	1090	1090	00	28039013	0	0	0	0	0	0	0	0
$1	166	2	2	0	3481	1.00	2500	23.03.07	10:08	1	01	2500	2500	00	5900168907638	0	0	0	0	0	0	0	0
$4	166	2	2	0	0	3590	3590
$12	166	1	1	0	0594	1.00	2900	23.03.07	11:58	1	01	2900	2900	00	5902249010909	0	0	0	0	0	0	0	0
$1	166	3	1	0	2011	1.00	3490	23.03.07	12:23	1	01	3490	3490	00	680275060888	0	0	0	0	0	0	0	0
$1	166	3	2	0	2009	1.00	3250	23.03.07	12:23	1	01	3250	3250	00	10007594	0	0	0	0	0	0	0	0
$1	166	3	3	0	2010	1.00	3550	23.03.07	12:23	1	01	3550	3550	00	10007600	0	0	0	0	0	0	0	0
$4	166	3	2	0	0	10290	10290
$1	166	4	1	0	4369	1.00	1861	23.03.07	12:27	1	01	1861	2190	00	5903760205164	0	0	0	0	0	0	0	1
$1	166	4	2	0	4369	1.00	1861	23.03.07	12:27	1	01	1861	2190	00	5903760205164	0	0	0	0	0	0	0	1
$1	166	4	3	0	2323	1.00	1861	23.03.07	12:27	1	01	1861	2190	00	5903760202422	0	0	0	0	0	0	0	1
$4	166	4	2	0	0	5583	5583
$1	166	5	1	0	1251	1.00	510	23.03.07	13:07	2	01	510	600	00	5909994308527	0	0	0	0	0	0	0	1
$1	166	5	2	0	1187	1.00	400	23.03.07	13:08	2	01	400	500	00	5909990628476	0	0	0	0	0	0	0	1
$1	166	5	3	0	1230	1.00	550	23.03.07	13:08	2	01	550	550	00	5909994310766	0	0	0	0	0	0	0	0
$1	166	5	4	0	1179	1.00	750	23.03.07	13:09	2	01	750	750	00	5909994309524	0	0	0	0	0	0	0	0
$1	166	5	5	0	1191	1.00	550	23.03.07	13:09	2	01	550	550	00	5909990628490	0	0	0	0	0	0	0	0
$1	166	5	6	0	1199	1.00	650	23.03.07	13:09	2	01	650	650	00	5909990195527	0	0	0	0	0	0	0	0
$1	166	5	7	0	1217	1.00	500	23.03.07	13:09	2	01	500	500	00	5909990195824	0	0	0	0	0	0	0	0
$1	166	5	8	0	1249	1.00	900	23.03.07	13:09	2	01	900	900	00	5909994310667	0	0	0	0	0	0	0	0
$1	166	5	9	0	1170	1.00	590	23.03.07	13:09	2	01	590	590	00	5909994311565	0	0	0	0	0	0	0	0
$1	166	5	10	0	1183	1.00	690	23.03.07	13:09	2	01	690	690	00	5909990628414	0	0	0	0	0	0	0	0
$1	166	5	11	0	1234	1.00	790	23.03.07	13:09	2	01	790	790	00	5909990311910	0	0	0	0	0	0	0	0
$4	166	5	2	0	0	6880	6880
$1	166	6	1	0	1906	1.00	1750	23.03.07	13:22	1	01	1750	1750	00	10007464	0	0	0	0	0	0	0	0
$1	166	6	2	0	0953	1.00	590	23.03.07	13:25	2	01	590	590	00	5009534	0	0	0	0	0	0	0	0
$1	166	6	3	0	1132	1.00	690	23.03.07	13:25	2	01	690	690	00	5907752643491	0	0	0	0	0	0	0	0
$4	166	6	1	0	0	3030	3030
$1	166	7	1	0	1216	1.00	275	23.03.07	13:29	2	01	275	550	00	5909990668458	0	0	0	0	0	0	0	1
$1	166	7	2	0	1216	1.00	275	23.03.07	13:29	2	01	275	550	00	5909990668458	0	0	0	0	0	0	0	1
$1	166	7	3	0	0973	1.00	490	23.03.07	13:29	2	01	490	490	00	5905279799448	0	0	0	0	0	0	0	0
$4	166	7	1	0	0	1040	1040
$1	166	8	1	0	1067	1.00	1323	23.03.07	13:45	2	01	1323	1890	00	5907752643323	0	0	0	0	0	0	0	1
$1	166	8	2	0	1251	1.00	600	23.03.07	13:45	2	01	600	600	00	5909994308527	0	0	0	0	0	0	0	0
$1	166	8	3	0	1116	1.00	690	23.03.07	13:46	2	01	690	690	00	5906365702335	0	0	0	0	0	0	0	0
$1	166	8	4	0	1165	1.00	590	23.03.07	13:46	2	01	590	590	00	5909994311169	0	0	0	0	0	0	0	0
$1	166	8	5	0	1234	1.00	790	23.03.07	13:46	2	01	790	790	00	5909990311910	0	0	0	0	0	0	0	0
$1	166	8	6	0	1179	1.00	750	23.03.07	13:46	2	01	750	750	00	5909994309524	0	0	0	0	0	0	0	0
$1	166	8	7	0	1044	1.00	490	23.03.07	13:46	4	01	490	490	00	5907752643552	0	0	0	0	0	0	0	0
$4	166	8	1	0	0	6000	6000
$4	166	8	1	0	1	767	767
$1	166	9	1	0	4061	1.00	4350	23.03.07	13:49	1	01	4350	4350	00	27040614	0	0	0	0	0	0	0	0
$4	166	9	1	0	0	5000	5000
$4	166	9	1	0	1	650	650
$1	166	10	1	0	3038	1.00	890	23.03.07	13:50	2	01	890	890	00	10003770	0	0	0	0	0	0	0	0
$1	166	10	2	0	1718	1.00	4500	23.03.07	13:50	1	01	4500	4500	00	5907688710441	0	0	0	0	0	0	0	0
$4	166	10	2	0	0	5390	5390
$1	166	11	1	0	2011	1.00	3490	23.03.07	14:05	1	01	3490	3490	00	10007617	0	0	0	0	0	0	0	0
$1	166	11	2	0	0796	1.00	4950	23.03.07	14:06	1	01	4950	4950	00	10005866	0	0	0	0	0	0	0	0
$4	166	11	2	0	0	8440	8440
$1	166	12	1	0	0002	1.000	1490	23.03.07	15:34	1	01	1490	1490	00		0	0	0	0	0	0	0	0
$1	166	12	2	0	2026	1.00	2650	23.03.07	15:34	1	01	2650	2650	00	10020265	0	0	0	0	0	0	0	0
$1	166	12	3	0	0608	1.00	850	23.03.07	15:34	1	01	850	850	00	2006086	0	0	0	0	0	0	0	0
$1	166	12	4	0	1277	1.00	1550	23.03.07	15:35	1	01	1550	1550	00	8691190070120	0	0	0	0	0	0	0	0
$1	166	12	5	0	4598	1.00	3750	23.03.07	15:35	1	01	3750	3750	00	5903641982504	0	0	0	0	0	0	0	0
$4	166	12	2	0	0	10290	10290
$1	166	13	1	0	2053	1.00	2990	23.03.07	15:37	1	01	2990	2990	00	11020530	0	0	0	0	0	0	0	0
$4	166	13	2	0	0	2990	2990
$1	166	14	1	0	4473	1.00	3646	23.03.07	16:44	1	01	3646	4290	00	5903760205287	0	0	0	0	0	0	0	1
$1	166	14	2	0	0002	1.000	1490	23.03.07	16:44	1	01	1490	1490	00		0	0	0	0	0	0	0	0
$1	166	14	3	0	4591	1.00	4950	23.03.07	16:45	2	01	4950	4950	00	5904960018691	0	0	0	0	0	0	0	0
$4	166	14	2	0	0	10086	10086
$14	01	23.03.08	09:29	4
$13	00	1	23.03.08	09:29	01	0	0	0	0	0	0	0	0	0	             
$1	167	1	1	0	1039	1.00	650	23.03.08	10:09	2	01	650	650	00	5906365702823	0	0	0	0	0	0	0	0
$1	167	1	2	0	1190	1.00	650	23.03.08	10:09	2	01	650	650	00	5909990021864	0	0	0	0	0	0	0	0
$1	167	1	3	0	1203	1.00	700	23.03.08	10:09	2	01	700	700	00	5909990219612	0	0	0	0	0	0	0	0
$1	167	1	4	0	1212	1.00	690	23.03.08	10:09	2	01	690	690	00	5909994310629	0	0	0	0	0	0	0	0
$1	167	1	5	0	3090	1.00	900	23.03.08	10:09	2	01	900	900	00	10003886	0	0	0	0	0	0	0	0
$1	167	1	6	0	1825	1.00	2350	23.03.08	10:09	1	01	2350	2350	00	10004777	0	0	0	0	0	0	0	0
$1	167	1	7	0	1181	1.00	550	23.03.08	10:10	2	01	550	550	00	5909994310964	0	0	0	0	0	0	0	0
$1	167	1	8	0	2053	1.00	2990	23.03.08	10:11	1	01	2990	2990	00	11020530	0	0	0	0	0	0	0	0
$4	167	1	2	0	0	9480	9480
$1	167	2	1	0	4153	1.00	3750	23.03.08	10:31	1	01	3750	3750	00	10000861	0	0	0	0	0	0	0	0
$1	167	2	2	0	1765	1.00	5650	23.03.08	10:31	1	01	5650	5650	00	8017659	0	0	0	0	0	0	0	0
$4	167	2	2	0	0	9400	9400
$1	167	3	1	0	2350	2.00	1580	23.03.08	11:31	1	01	1580	1580	00	15023506	0	0	0	0	0	0	0	0
$4	167	3	2	0	0	1580	1580
$1	167	4	1	0	2350	2.00	1580	23.03.08	11:34	1	01	1580	1580	00	15023506	0	0	0	0	0	0	0	0
$4	167	4	1	0	0	2000	2000
$4	167	4	1	0	1	420	420
$1	167	5	1	0	3907	1.00	9190	23.03.08	11:41	1	01	9190	10550	00	28039075	0	0	0	0	0	0	0	1
$1	167	5	2	0	3901	1.00	1090	23.03.08	11:42	1	01	1090	1090	00	28039013	0	0	0	0	0	0	0	0
$4	167	5	2	0	0	10280	10280
$1	167	6	1	0	2417	1.00	2790	23.03.08	12:07	1	01	2790	2790	00	16024175	0	0	0	0	0	0	0	0
$4	167	6	1	0	0	5000	5000
$4	167	6	1	0	1	2210	2210
$1	167	7	1	0	3592	1.00	4950	23.03.08	12:39	2	01	4950	4950	00	37035921	0	0	0	0	0	0	0	0
$4	167	7	1	0	0	4950	4950
$1	167	8	1	0	2596	1.00	1350	23.03.08	12:50	1	01	1350	1350	00	17025966	0	0	0	0	0	0	0	0
$4	167	8	1	0	0	2000	2000
$4	167	8	1	0	1	650	650
$1	167	9	1	0	0988	3.00	2550	23.03.08	13:00	1	01	2550	2550	00	5009886	0	0	0	0	0	0	0	0
$4	167	9	1	0	0	2550	2550
$1	167	10	1	0	2050	2.00	5980	23.03.08	13:09	1	01	5980	5980	00	11020509	0	0	0	0	0	0	0	0
$4	167	10	2	0	0	5980	5980
$1	167	11	1	0	0501	1.00	2800	23.03.08	13:28	1	01	2800	2800	00	5907502687577	0	0	0	0	0	0	0	0
$1	167	11	2	0	0549	1.00	2700	23.03.08	13:28	1	01	2700	2700	00	5902249010350	0	0	0	0	0	0	0	0
$4	167	11	1	0	0	5500	5500
$1	167	12	1	0	2304	1.00	4290	23.03.08	13:45	1	01	4290	4290	00	10006917	0	0	0	0	0	0	0	0
$1	167	12	2	0	4562	1.00	6390	23.03.08	13:46	1	01	6390	6390	00	680275064299	0	0	0	0	0	0	0	0
$1	167	12	3	0	4129	1.00	5890	23.03.08	13:46	1	01	5890	5890	00	10000526	0	0	0	0	0	0	0	0
$1	167	12	4	0	4568	1.00	2950	23.03.08	13:46	1	01	2950	2950	00	10007747	0	0	0	0	0	0	0	0
$4	167	12	1	0	0	19520	19520
$12	167	1	1	0	1131	1.00	1090	23.03.08	13:48	4	01	1090	1090	00	5905279799462	0	0	0	0	0	0	0	0
$1	167	13	1	0	1183	1.00	690	23.03.08	14:16	2	01	690	690	00	5909990628414	0	0	0	0	0	0	0	0
$1	167	13	2	0	1234	1.00	790	23.03.08	14:16	2	01	790	790	00	5909990311910	0	0	0	0	0	0	0	0
$1	167	13	3	0	1163	1.00	550	23.03.08	14:16	2	01	550	550	00	5909994308824	0	0	0	0	0	0	0	0
$1	167	13	4	0	1199	1.00	650	23.03.08	14:16	2	01	650	650	00	5909990195527	0	0	0	0	0	0	0	0
$1	167	13	5	0	1084	1.00	590	23.03.08	14:17	2	01	590	590	00	5906365702199	0	0	0	0	0	0	0	0
$1	167	13	6	0	1181	1.00	550	23.03.08	14:17	2	01	550	550	00	5909994310964	0	0	0	0	0	0	0	0
$1	167	13	7	0	1052	1.00	450	23.03.08	14:17	4	01	450	450	00	5907752643972	0	0	0	0	0	0	0	0
$1	167	13	8	0	1036	1.00	490	23.03.08	14:17	4	01	490	490	00	5905279799431	0	0	0	0	0	0	0	0
$1	167	13	9	0	1230	1.00	550	23.03.08	14:17	2	01	550	550	00	5909994310766	0	0	0	0	0	0	0	0
$1	167	13	10	0	1008	1.00	550	23.03.08	14:17	2	01	550	550	00	5909994311367	0	0	0	0	0	0	0	0
$4	167	13	2	0	0	5860	5860
$1	167	14	1	0	2053	1.00	2990	23.03.08	14:45	1	01	2990	2990	00	11020530	0	0	0	0	0	0	0	0
$4	167	14	1	0	0	10000	10000
$4	167	14	1	0	1	7010	7010
$1	167	15	1	0	2305	1.00	4750	23.03.08	14:46	1	01	4750	4750	00	10006924	0	0	0	0	0	0	0	0
$1	167	15	2	0	1891	1.00	3250	23.03.08	14:46	1	01	3250	3250	00	10005958	0	0	0	0	0	0	0	0
$4	167	15	2	0	0	8000	8000
$1	167	16	1	0	2286	1.00	2490	23.03.08	14:51	1	01	2490	2490	00	10000533	0	0	0	0	0	0	0	0
$4	167	16	1	0	0	3000	3000
$4	167	16	1	0	1	510	510
$1	167	17	1	0	4209	1.00	390	23.03.08	14:52	1	01	390	390	00	8691190801403	0	0	0	0	0	0	0	0
$4	167	17	1	0	0	390	390
$1	167	18	1	0	3592	1.00	4950	23.03.08	14:59	2	01	4950	4950	00	37035921	0	0	0	0	0	0	0	0
$4	167	18	2	0	0	4950	4950
$14	01	23.03.09	09:44	4
$13	00	1	23.03.09	09:44	01	0	0	0	0	0	0	0	0	0	             
$1	168	1	1	0	2350	1.00	790	23.03.09	10:31	1	01	790	790	00	15023506	0	0	0	0	0	0	0	0
$4	168	1	1	0	0	790	790
$1	168	2	1	0	2050	1.00	2990	23.03.09	11:34	1	01	2990	2990	00	11020509	0	0	0	0	0	0	0	0
$4	168	2	1	0	0	10000	10000
$4	168	2	1	0	1	7010	7010
$1	168	3	1	0	2053	1.00	2990	23.03.09	11:38	1	01	2990	2990	00	11020530	0	0	0	0	0	0	0	0
$4	168	3	2	0	0	2990	2990
$1	168	4	1	0	1133	1.00	1250	23.03.09	11:44	4	01	1250	1250	00	5011339	0	0	0	0	0	0	0	0
$4	168	4	2	0	0	1250	1250
$1	168	5	1	0	1222	1.00	1750	23.03.09	12:34	2	01	1750	1750	00	5909990195626	0	0	0	0	0	0	0	0
$1	168	5	2	0	2551	1.00	2450	23.03.09	12:34	2	01	2450	2450	00	17025515	0	0	0	0	0	0	0	0
$4	168	5	1	0	0	10000	10000
$4	168	5	1	0	1	5800	5800
$1	168	6	1	0	1689	1.00	3190	23.03.09	13:16	1	01	3190	3190	00	7016899	0	0	0	0	0	0	0	0
$4	168	6	2	0	0	3190	3190
$1	168	7	1	0	0031	1.000	10550	23.03.09	14:50	1	01	10550	10550	00		0	0	0	0	0	0	0	0
$4	168	7	1	0	0	10550	10550
$1	168	8	1	0	4180	1.00	550	23.03.09	15:08	1	01	550	550	00	8691190120917	0	0	0	0	0	0	0	0
$4	168	8	1	0	0	550	550
$1	168	9	1	0	1820	1.00	2150	23.03.09	15:47	1	01	2150	2150	00	10004326	0	0	0	0	0	0	0	0
$4	168	9	2	0	0	2150	2150
$1	168	10	1	0	1040	1.00	550	23.03.09	16:05	2	01	550	550	00	5906365702847	0	0	0	0	0	0	0	0
$1	168	10	2	0	1040	1.00	550	23.03.09	16:06	2	01	550	550	00	5906365702847	0	0	0	0	0	0	0	0
$4	168	10	2	0	0	1100	1100
$1	168	11	1	0	0006	1.000	4750	23.03.09	16:07	1	01	4750	4750	00		0	0	0	0	0	0	0	0
$4	168	11	2	0	0	4750	4750
$1	168	12	1	0	2827	1.00	13650	23.03.09	16:26	1	01	13650	13650	00	10004395	0	0	0	0	0	0	0	0
$1	168	12	2	0	2828	1.00	14690	23.03.09	16:27	1	01	14690	14690	00	10004371	0	0	0	0	0	0	0	0
$1	168	12	3	0	4319	1.00	1050	23.03.09	16:27	2	01	1050	1050	00	10004074	0	0	0	0	0	0	0	0
$1	168	12	4	0	0606	1.00	4590	23.03.09	16:27	1	01	4590	4590	00	5902249011104	0	0	0	0	0	0	0	0
$1	168	12	5	0	4592	1.00	5650	23.03.09	16:27	2	01	5650	5650	00	5904960018707	0	0	0	0	0	0	0	0
$4	168	12	2	0	0	39630	39630
$1	168	13	1	0	2433	1.00	2850	23.03.09	17:06	1	01	2850	2850	00	16024335	0	0	0	0	0	0	0	0
$4	168	13	2	0	0	2850	2850
$14	01	23.03.10	10:01	4
$13	00	1	23.03.10	10:01	01	0	0	0	0	0	0	0	0	0	             
$1	169	1	1	0	0519	1.00	3000	23.03.10	10:38	1	01	3000	3000	00	5907502687720	0	0	0	0	0	0	0	0
$1	169	1	2	0	4581	1.00	650	23.03.10	10:38	2	01	650	650	00	5903246866858	0	0	0	0	0	0	0	0
$1	169	1	3	0	1115	1.00	650	23.03.10	10:38	2	01	650	650	00	5905279799615	0	0	0	0	0	0	0	0
$4	169	1	2	0	0	4300	4300
$1	169	2	1	0	1017	1.00	650	23.03.10	11:32	2	01	650	650	00	5907752643361	0	0	0	0	0	0	0	0
$1	169	2	2	0	2260	1.00	450	23.03.10	11:32	4	01	450	450	00	20022600	0	0	0	0	0	0	0	0
$1	169	2	3	0	2596	1.00	1350	23.03.10	11:32	1	01	1350	1350	00	17025966	0	0	0	0	0	0	0	0
$4	169	2	1	0	0	4000	4000
$4	169	2	1	0	1	1550	1550
$1	169	3	1	0	2053	1.00	2990	23.03.10	11:58	1	01	2990	2990	00	11020530	0	0	0	0	0	0	0	0
$4	169	3	2	0	0	2990	2990
$1	169	4	1	0	2050	1.00	2990	23.03.10	12:04	1	01	2990	2990	00	11020509	0	0	0	0	0	0	0	0
$4	169	4	2	0	0	2990	2990
$1	169	5	1	0	3464	1.00	5900	23.03.10	12:11	1	01	5900	5900	00	5902729034340	0	0	0	0	0	0	0	0
$1	169	5	2	0	2936	1.00	3650	23.03.10	12:11	1	01	3650	3650	00	10003107	0	0	0	0	0	0	0	0
$1	169	5	3	0	0225	1.000	150	23.03.10	12:12	1	01	150	150	00		0	0	0	0	0	0	0	0
$1	169	5	4	0	0225	1.000	150	23.03.10	12:13	1	01	150	150	00		0	0	0	0	0	0	0	0
$4	169	5	1	0	0	9850	9850
$1	169	6	1	0	2267	1.00	1590	23.03.10	12:31	1	01	1590	1590	00	8691190440817	0	0	0	0	0	0	0	0
$4	169	6	1	0	0	1590	1590
$1	169	7	1	0	2052	1.00	12950	23.03.10	12:33	1	01	12950	12950	00	11020523	0	0	0	0	0	0	0	0
$4	169	7	2	0	0	12950	12950
$1	169	8	1	0	0031	1.000	2000	23.03.10	12:34	1	01	2000	2000	00		0	0	0	0	0	0	0	0
$4	169	8	1	0	0	2000	2000
$1	169	9	1	0	2024	1.00	2490	23.03.10	12:46	1	01	2490	2490	00	10020241	0	0	0	0	0	0	0	0
$4	169	9	1	0	0	4000	4000
$4	169	9	1	0	1	1510	1510
$1	169	10	1	0	2434	1.00	2790	23.03.10	13:29	1	01	2790	2790	00	16024342	0	0	0	0	0	0	0	0
$4	169	10	2	0	0	2790	2790
$1	169	11	1	0	0895	1.00	4400	23.03.10	13:36	1	01	4400	4400	00	4008958	0	0	0	0	0	0	0	0
$1	169	11	2	0	3901	1.00	1090	23.03.10	13:36	1	01	1090	1090	00	28039013	0	0	0	0	0	0	0	0
$4	169	11	2	0	0	5490	5490
$1	169	12	1	0	2053	1.00	2990	23.03.10	13:38	1	01	2990	2990	00	11020530	0	0	0	0	0	0	0	0
$4	169	12	2	0	0	2990	2990
$1	169	13	1	0	2328	1.00	900	23.03.10	14:06	2	01	900	900	00	20023287	0	0	0	0	0	0	0	0
$1	169	13	2	0	2651	1.00	2850	23.03.10	14:06	1	01	2850	2850	00	17026512	0	0	0	0	0	0	0	0
$4	169	13	2	0	0	3750	3750
$1	169	14	1	0	2433	2.00	5700	23.03.10	14:42	1	01	5700	5700	00	16024335	0	0	0	0	0	0	0	0
$4	169	14	2	0	0	5700	5700
$1	169	15	1	0	4424	1.00	3990	23.03.10	15:54	1	01	3990	3990	00	5907155591542	0	0	0	0	0	0	0	0
$4	169	15	2	0	0	3990	3990
$1	169	16	1	0	4368	1.00	1990	23.03.10	16:15	1	01	1990	2790	00	5903760205188	0	0	0	0	0	0	0	1
$1	169	16	2	0	0515	1.00	2847	23.03.10	16:16	1	01	2847	3350	00	5907502687782	0	0	0	0	0	0	0	1
$1	169	16	3	0	0533	1.00	2400	23.03.10	16:16	1	01	2400	2400	00	10001660	0	0	0	0	0	0	0	0
$1	169	16	4	0	0371	1.00	1790	23.03.10	16:16	1	01	1790	1790	00	5906874565292	0	0	0	0	0	0	0	0
$1	169	16	5	0	0313	1.00	1850	23.03.10	16:16	1	01	1850	1850	00	5900168907249	0	0	0	0	0	0	0	0
$1	169	16	6	0	2273	1.00	4750	23.03.10	16:16	1	01	4750	4750	00	5907502687058	0	0	0	0	0	0	0	0
$4	169	16	1	0	0	16000	16000
$4	169	16	1	0	1	373	373
$1	169	17	1	0	1887	1.00	550	23.03.10	16:32	4	01	550	550	00	5905279799721	0	0	0	0	0	0	0	0
$1	169	17	2	0	1155	1.00	750	23.03.10	16:32	2	01	750	750	00	5909994309029	0	0	0	0	0	0	0	0
$4	169	17	2	0	0	1300	1300
$1	169	18	1	0	1252	1.00	1350	23.03.10	16:34	2	01	1350	1350	00	5905279799417	0	0	0	0	0	0	0	0
$4	169	18	1	0	0	2000	2000
$4	169	18	1	0	1	650	650
$1	169	19	1	0	3368	1.00	1250	23.03.10	16:38	1	01	1250	1250	00	8691190842208	0	0	0	0	0	0	0	0
$4	169	19	2	0	0	1250	1250
$1	169	20	1	0	4061	1.00	4350	23.03.10	16:51	1	01	4350	4350	00	27040614	0	0	0	0	0	0	0	0
$1	169	20	2	0	3125	2.00	1980	23.03.10	16:53	2	01	1980	1980	00	10004005	0	0	0	0	0	0	0	0
$4	169	20	2	0	0	6330	6330
$1	169	21	1	0	2293	1.00	4290	23.03.10	17:02	1	01	4290	4290	00	10000632	0	0	0	0	0	0	0	0
$4	169	21	1	0	0	5000	5000
$4	169	21	1	0	1	710	710
$14	01	23.03.11	09:41	4
$13	00	1	23.03.11	09:41	01	0	0	0	0	0	0	0	0	0	             
$1	170	1	1	0	0598	1.00	1250	23.03.11	09:44	1	01	1250	1250	00	8691190842079	0	0	0	0	0	0	0	0
$1	170	1	2	0	3598	1.00	950	23.03.11	09:44	1	01	950	950	00	12035984	0	0	0	0	0	0	0	0
$4	170	1	1	0	0	2200	2200
$1	170	2	1	0	1036	1.00	490	23.03.11	10:03	4	01	490	490	00	5905279799431	0	0	0	0	0	0	0	0
$1	170	2	2	0	1143	1.00	550	23.03.11	10:03	4	01	550	550	00	5011438	0	0	0	0	0	0	0	0
$1	170	2	3	0	1014	2.00	1100	23.03.11	10:03	2	01	1100	1100	00	5906365702526	0	0	0	0	0	0	0	0
$1	170	2	4	0	1097	2.00	1100	23.03.11	10:03	2	01	1100	1100	00	5909994310568	0	0	0	0	0	0	0	0
$1	170	2	5	0	1035	5.00	2950	23.03.11	10:04	2	01	2950	2950	00	5909994310124	0	0	0	0	0	0	0	0
$1	170	2	6	0	0961	1.00	1350	23.03.11	10:04	2	01	1350	1350	00	5906365702885	0	0	0	0	0	0	0	0
$1	170	2	7	0	1232	1.00	490	23.03.11	10:04	2	01	490	490	00	5909990219520	0	0	0	0	0	0	0	0
$1	170	2	8	0	1159	1.00	550	23.03.11	10:04	2	01	550	550	00	5909994311657	0	0	0	0	0	0	0	0
$1	170	2	9	0	1054	1.00	550	23.03.11	10:04	4	01	550	550	00	5907752643873	0	0	0	0	0	0	0	0
$1	170	2	10	0	1507	1.00	6350	23.03.11	10:05	4	01	6350	6350	00	7015076	0	0	0	0	0	0	0	0
$4	170	2	2	0	0	15480	15480
$1	170	3	1	0	2306	1.00	4290	23.03.11	10:09	1	01	4290	4290	00	10006931	0	0	0	0	0	0	0	0
$4	170	3	2	0	0	4290	4290
$1	170	4	1	0	2053	3.00	8970	23.03.11	10:16	1	01	8970	8970	00	11020530	0	0	0	0	0	0	0	0
$4	170	4	2	0	0	8970	8970
$1	170	5	1	0	0972	1.00	450	23.03.11	10:20	4	01	450	450	00	5906365702359	0	0	0	0	0	0	0	0
$4	170	5	2	0	0	450	450
$1	170	6	1	0	4148	1.00	4850	23.03.11	10:25	1	01	4850	4850	00	10000793	0	0	0	0	0	0	0	0
$4	170	6	2	0	0	4850	4850
$1	170	7	1	0	3901	1.00	1090	23.03.11	10:26	1	01	1090	1090	00	28039013	0	0	0	0	0	0	0	0
$4	170	7	1	0	0	1090	1090
$1	170	8	1	0	4275	1.00	3890	23.03.11	10:43	1	01	3890	3890	00	10002308	0	0	0	0	0	0	0	0
$1	170	8	2	0	3497	1.00	3290	23.03.11	10:43	1	01	3290	3290	00	10002353	0	0	0	0	0	0	0	0
$4	170	8	2	0	0	7180	7180
$1	170	9	1	0	3985	1.00	1650	23.03.11	10:55	1	01	1650	1650	00	8691190967406	0	0	0	0	0	0	0	0
$1	170	9	2	0	3986	1.00	1890	23.03.11	10:55	1	01	1890	1890	00	8691190967444	0	0	0	0	0	0	0	0
$1	170	9	3	0	4598	1.00	3750	23.03.11	10:56	1	01	3750	3750	00	5903641982504	0	0	0	0	0	0	0	0
$1	170	9	4	0	4151	1.00	3750	23.03.11	10:56	1	01	3750	3750	00	10006894	0	0	0	0	0	0	0	0
$1	170	9	5	0	2519	1.00	2890	23.03.11	10:56	2	01	2890	2890	00	17025195	0	0	0	0	0	0	0	0
$1	170	9	6	0	4592	1.00	5650	23.03.11	10:56	2	01	5650	5650	00	5904960018707	0	0	0	0	0	0	0	0
$1	170	9	7	0	4505	1.00	2850	23.03.11	10:56	1	01	2850	2850	00	10006696	0	0	0	0	0	0	0	0
$1	170	9	8	0	1584	1.00	1550	23.03.11	10:56	1	01	1550	1550	00	7015847	0	0	0	0	0	0	0	0
$1	170	9	9	0	1586	1.00	1550	23.03.11	10:56	1	01	1550	1550	00	7015861	0	0	0	0	0	0	0	0
$1	170	9	10	0	2053	1.00	2990	23.03.11	11:05	1	01	2990	2990	00	11020530	0	0	0	0	0	0	0	0
$1	170	9	11	0	2050	1.00	2990	23.03.11	11:05	1	01	2990	2990	00	11020509	0	0	0	0	0	0	0	0
$4	170	9	2	0	0	31510	31510
$1	170	10	1	0	3038	2.00	1780	23.03.11	11:20	2	01	1780	1780	00	10003770	0	0	0	0	0	0	0	0
$1	170	10	2	0	4153	1.00	3750	23.03.11	11:20	1	01	3750	3750	00	10000861	0	0	0	0	0	0	0	0
$4	170	10	2	0	0	5530	5530
$1	170	11	1	0	4508	1.00	450	23.03.11	11:22	2	01	450	450	00	5905279799882	0	0	0	0	0	0	0	0
$1	170	11	2	0	0558	1.00	2490	23.03.11	11:22	1	01	2490	2490	00	5907502687959	0	0	0	0	0	0	0	0
$4	170	11	2	0	0	2940	2940
$1	170	12	1	0	1406	1.00	1572	23.03.11	12:10	1	01	1572	1850	00	6014063	0	0	0	0	0	0	0	1
$1	170	12	2	0	2498	1.00	8790	23.03.11	12:11	1	01	8790	8790	00	5902729035002	0	0	0	0	0	0	0	0
$4	170	12	2	0	0	10362	10362
$1	170	13	1	0	0673	1.00	3100	23.03.11	12:27	1	01	3100	3100	00	5902249014839	0	0	0	0	0	0	0	0
$4	170	13	2	0	0	3100	3100
$10	170	14	1	0	0527	1.00	4100	23.03.11	12:55	1	01	4100	4100	00	5907502687690	0	0	0	0	0	0	0	0
$10	170	14	2	0	0297	1.00	2000	23.03.11	13:10	1	01	2000	2000	00	10004340	0	0	0	0	0	0	0	0
$10	170	14	3	0	2024	1.00	2490	23.03.11	13:10	1	01	2490	2490	00	10020241	0	0	0	0	0	0	0	0
$10	170	14	4	0	2024	1.00	2490	23.03.11	13:10	1	01	2490	2490	00	10020241	0	0	0	0	0	0	0	0
$1	170	14	1	0	2024	1.00	1990	23.03.11	13:11	1	01	1990	2490	00	10020241	0	0	0	0	0	0	0	1
$1	170	14	2	0	2024	1.00	1990	23.03.11	13:11	1	01	1990	2490	00	10020241	0	0	0	0	0	0	0	1
$1	170	14	3	0	2024	1.00	1990	23.03.11	13:11	1	01	1990	2490	00	10020241	0	0	0	0	0	0	0	1
$1	170	14	4	0	0297	1.00	2000	23.03.11	13:11	1	01	2000	2000	00	10004340	0	0	0	0	0	0	0	0
$1	170	14	5	0	0527	1.00	4100	23.03.11	13:11	1	01	4100	4100	00	5907502687690	0	0	0	0	0	0	0	0
$1	170	14	6	0	3901	1.00	1090	23.03.11	13:11	1	01	1090	1090	00	28039013	0	0	0	0	0	0	0	0
$4	170	14	2	0	0	13160	13160
$14	01	23.03.14	09:28	4
$13	00	1	23.03.14	09:28	01	0	0	0	0	0	0	0	0	0	             
$1	171	1	1	0	0955	1.00	450	23.03.14	09:28	4	01	450	450	00	5907752643316	0	0	0	0	0	0	0	0
$4	171	1	1	0	0	450	450
$1	171	2	1	0	3340	1.00	1990	23.03.14	10:25	1	01	1990	1990	00	5902249015836	0	0	0	0	0	0	0	0
$4	171	2	2	0	0	1990	1990
$1	171	3	1	0	2350	1.00	790	23.03.14	10:54	1	01	790	790	00	15023506	0	0	0	0	0	0	0	0
$4	171	3	2	0	0	790	790
$1	171	4	1	0	3113	1.00	1000	23.03.14	12:55	2	01	1000	1000	00	20031138	0	0	0	0	0	0	0	0
$1	171	4	2	0	2648	1.00	1990	23.03.14	12:55	2	01	1990	1990	00	17026482	0	0	0	0	0	0	0	0
$4	171	4	1	0	0	5000	5000
$4	171	4	1	0	1	2010	2010
$1	171	5	1	0	1162	1.00	500	23.03.14	15:11	2	01	500	500	00	5909994311763	0	0	0	0	0	0	0	0
$4	171	5	2	0	0	500	500
$1	171	6	1	0	2050	1.00	2990	23.03.14	15:55	1	01	2990	2990	00	11020509	0	0	0	0	0	0	0	0
$4	171	6	1	0	0	10000	10000
$4	171	6	1	0	1	7010	7010
$1	171	7	1	0	0506	1.00	4300	23.03.14	15:57	1	01	4300	4300	00	5902249010190	0	0	0	0	0	0	0	0
$4	171	7	2	0	0	4300	4300
$1	171	8	1	0	1821	1.00	2150	23.03.14	16:23	1	01	2150	2150	00	10004791	0	0	0	0	0	0	0	0
$4	171	8	2	0	0	2150	2150
$14	01	23.03.15	09:29	4
$13	00	1	23.03.15	09:29	01	0	0	0	0	0	0	0	0	0	             
$1	172	1	1	0	0975	1.00	750	23.03.15	09:32	2	01	750	750	00	5905279799035	0	0	0	0	0	0	0	0
$1	172	1	2	0	1049	2.00	2800	23.03.15	09:32	4	01	2800	2800	00	5010493	0	0	0	0	0	0	0	0
$1	172	1	3	0	2666	1.00	2550	23.03.15	09:33	2	01	2550	2550	00	17026666	0	0	0	0	0	0	0	0
$4	172	1	1	0	0	6100	6100
$1	172	2	1	0	1131	1.00	1090	23.03.15	11:31	4	01	1090	1090	00	5011315	0	0	0	0	0	0	0	0
$1	172	2	2	0	0457	1.00	1400	23.03.15	11:32	1	01	1400	1400	00	5907502687065	0	0	0	0	0	0	0	0
$4	172	2	1	0	0	3000	3000
$4	172	2	1	0	1	510	510
$1	172	3	1	0	4427	1.00	4690	23.03.15	12:50	1	01	4690	4690	00	5907154545317	0	0	0	0	0	0	0	0
$4	172	3	1	0	0	5000	5000
$4	172	3	1	0	1	310	310
$10	172	4	1	0	3785	1.00	1190	23.03.15	14:28	1	01	1190	1190	00	8691190198831	0	0	0	0	0	0	0	0
$10	172	4	2	0	0473	1.00	2600	23.03.15	14:28	1	01	2600	2600	00	5907502687317	0	0	0	0	0	0	0	0
$10	172	4	3	0	2053	1.00	2990	23.03.15	14:28	1	01	2990	2990	00	11020530	0	0	0	0	0	0	0	0
$1	172	4	1	0	3478	1.00	2295	23.03.15	14:29	1	01	2295	2700	00	5902249016406	0	0	0	0	0	0	0	1
$1	172	4	2	0	0473	1.00	2600	23.03.15	14:29	1	01	2600	2600	00	5907502687317	0	0	0	0	0	0	0	0
$1	172	4	3	0	3785	1.00	1190	23.03.15	14:29	1	01	1190	1190	00	8691190198831	0	0	0	0	0	0	0	0
$1	172	4	4	0	1503	1.00	2690	23.03.15	14:30	4	01	2690	2690	00	7015038	0	0	0	0	0	0	0	0
$4	172	4	2	0	0	8775	8775
$1	172	5	1	0	2053	1.00	2990	23.03.15	14:30	1	01	2990	2990	00	11020530	0	0	0	0	0	0	0	0
$4	172	5	2	0	0	2990	2990
$1	172	6	1	0	3947	1.00	1550	23.03.15	14:31	1	01	1550	1550	00	8691190967338	0	0	0	0	0	0	0	0
$4	172	6	1	0	0	1550	1550
$1	172	7	1	0	2006	1.00	4550	23.03.15	15:45	1	01	4550	4550	00	680275059813	0	0	0	0	0	0	0	0
$1	172	7	2	0	1191	1.00	550	23.03.15	15:45	2	01	550	550	00	5909990628490	0	0	0	0	0	0	0	0
$1	172	7	3	0	1230	1.00	550	23.03.15	15:45	2	01	550	550	00	5909994310766	0	0	0	0	0	0	0	0
$4	172	7	2	0	0	5650	5650
$1	172	8	1	0	1189	1.00	650	23.03.15	15:50	2	01	650	650	00	5909994310711	0	0	0	0	0	0	0	0
$4	172	8	1	0	0	5000	5000
$4	172	8	1	0	1	4350	4350
$1	172	9	1	0	1693	1.00	3100	23.03.15	16:07	1	01	3100	3100	00	7016936	0	0	0	0	0	0	0	0
$1	172	9	2	0	1916	1.00	1750	23.03.15	16:07	1	01	1750	1750	00	10007501	0	0	0	0	0	0	0	0
$4	172	9	2	0	0	4850	4850
$12	172	1	1	0	3901	1.00	1090	23.03.15	16:08	1	01	1090	1090	00	28039013	0	0	0	0	0	0	0	0
$12	172	1	2	0	0570	1.00	690	23.03.15	16:11	1	01	690	690	00	2005706	0	0	0	0	0	0	0	0
$12	172	1	3	0	2277	1.00	2800	23.03.15	16:12	1	01	2800	2800	00	5902249014808	0	0	0	0	0	0	0	0
$12	172	1	4	0	4118	1.00	1590	23.03.15	16:12	1	01	1590	1590	00	10000427	0	0	0	0	0	0	0	0
$12	172	1	5	0	2053	1.00	2990	23.03.15	16:12	1	01	2990	2990	00	11020530	0	0	0	0	0	0	0	0
$12	172	1	6	0	0552	1.00	2920	23.03.15	16:13	1	01	2920	3650	00	5902249010381	0	0	0	0	0	0	0	1
$1	172	10	1	0	2277	1.00	2800	23.03.15	16:14	1	01	2800	2800	00	5902249014808	0	0	0	0	0	0	0	0
$1	172	10	2	0	4118	1.00	1590	23.03.15	16:14	1	01	1590	1590	00	10000427	0	0	0	0	0	0	0	0
$1	172	10	3	0	0570	1.00	690	23.03.15	16:14	1	01	690	690	00	2005706	0	0	0	0	0	0	0	0
$1	172	10	4	0	3901	1.00	1090	23.03.15	16:14	1	01	1090	1090	00	28039013	0	0	0	0	0	0	0	0
$1	172	10	5	0	2053	1.00	2990	23.03.15	16:14	1	01	2990	2990	00	11020530	0	0	0	0	0	0	0	0
$1	172	10	6	0	0552	1.00	2920	23.03.15	16:15	1	01	2920	3650	00	5902249010381	0	0	0	0	0	0	0	1
$4	172	10	2	0	0	12080	12080
$1	172	11	1	0	2053	1.00	2990	23.03.15	17:26	1	01	2990	2990	00	11020530	0	0	0	0	0	0	0	0
$4	172	11	2	0	0	2990	2990
$14	01	23.03.16	09:26	4
$13	00	1	23.03.16	09:26	01	0	0	0	0	0	0	0	0	0	             
$1	173	1	1	0	2015	1.00	4150	23.03.16	10:37	1	01	4150	4150	00	10007525	0	0	0	0	0	0	0	0
$1	173	1	2	0	1555	1.00	2890	23.03.16	10:37	4	01	2890	2890	00	7015557	0	0	0	0	0	0	0	0
$1	173	1	3	0	3072	1.00	1150	23.03.16	10:37	2	01	1150	1150	00	10003602	0	0	0	0	0	0	0	0
$4	173	1	2	0	0	8190	8190
$1	173	2	1	0	0037	1.000	10000	23.03.16	10:54	1	01	10000	10000	00		0	0	0	0	0	0	0	0
$1	173	2	2	0	1573	2.00	1100	23.03.16	10:54	4	01	1100	1100	00	5906660817208	0	0	0	0	0	0	0	0
$1	173	2	3	0	4313	1.00	590	23.03.16	10:55	4	01	590	590	00	10003749	0	0	0	0	0	0	0	0
$4	173	2	2	0	0	11690	11690
$11	173	1	1	0	2579	1.00	3190	23.03.16	10:58	4	01	3190	3190	00	17025799	0	0	0	0	0	0	0	0
$11	173	1	2	0	2582	1.00	2250	23.03.16	10:58	4	01	2250	2250	00	17025829	0	0	0	0	0	0	0	0
$11	173	1	3	0	3121	1.00	1350	23.03.16	10:58	4	01	1350	1350	00	10003787	0	0	0	0	0	0	0	0
$11	173	1	4	0	4318	1.00	1350	23.03.16	10:59	4	01	1350	1350	00	10003879	0	0	0	0	0	0	0	0
$11	173	1	5	0	1555	2.00	5780	23.03.16	10:59	4	01	5780	5780	00	7015557	0	0	0	0	0	0	0	0
$12	173	1	1	0	3083	2.00	1900	23.03.16	10:59	2	01	1900	1900	00	10003916	0	0	0	0	0	0	0	0
$12	173	1	2	0	3121	1.00	1350	23.03.16	11:00	4	01	1350	1350	00	10003787	0	0	0	0	0	0	0	0
$12	173	1	3	0	4570	1.00	1100	23.03.16	11:00	2	01	1100	1100	00	20030742	0	0	0	0	0	0	0	0
$12	173	1	4	0	4578	1.00	1100	23.03.16	11:00	2	01	1100	1100	00	5903246860290	0	0	0	0	0	0	0	0
$1	173	3	1	0	2579	1.00	3190	23.03.16	11:01	4	01	3190	3190	00	17025799	0	0	0	0	0	0	0	0
$1	173	3	2	0	2582	1.00	2250	23.03.16	11:01	4	01	2250	2250	00	17025829	0	0	0	0	0	0	0	0
$1	173	3	3	0	3083	2.00	1900	23.03.16	11:01	2	01	1900	1900	00	10003916	0	0	0	0	0	0	0	0
$1	173	3	4	0	1555	2.00	5780	23.03.16	11:01	4	01	5780	5780	00	7015557	0	0	0	0	0	0	0	0
$1	173	3	5	0	3121	1.00	1350	23.03.16	11:01	4	01	1350	1350	00	10003787	0	0	0	0	0	0	0	0
$1	173	3	6	0	4318	1.00	1350	23.03.16	11:02	4	01	1350	1350	00	10003879	0	0	0	0	0	0	0	0
$1	173	3	7	0	4570	1.00	1100	23.03.16	11:02	2	01	1100	1100	00	5902768527100	0	0	0	0	0	0	0	0
$1	173	3	8	0	4578	1.00	1100	23.03.16	11:02	2	01	1100	1100	00	5903246860290	0	0	0	0	0	0	0	0
$4	173	3	2	0	0	18020	18020
$1	173	4	1	0	1234	2.00	1580	23.03.16	11:25	2	01	1580	1580	00	5909990311910	0	0	0	0	0	0	0	0
$4	173	4	2	0	0	1580	1580
$1	173	5	1	0	4545	1.00	5190	23.03.16	11:36	1	01	5190	5190	00	10007198	0	0	0	0	0	0	0	0
$1	173	5	2	0	0603	1.00	4450	23.03.16	11:36	1	01	4450	4450	00	5902249011074	0	0	0	0	0	0	0	0
$1	173	5	3	0	0457	1.00	1400	23.03.16	11:36	1	01	1400	1400	00	5907502687065	0	0	0	0	0	0	0	0
$4	173	5	2	0	0	11040	11040
$1	173	6	1	0	1230	1.00	550	23.03.16	13:52	2	01	550	550	00	5909994310766	0	0	0	0	0	0	0	0
$1	173	6	2	0	1192	1.00	890	23.03.16	13:52	2	01	890	890	00	5909990219322	0	0	0	0	0	0	0	0
$1	173	6	3	0	1000	1.00	650	23.03.16	13:52	2	01	650	650	00	5906365702922	0	0	0	0	0	0	0	0
$1	173	6	4	0	1031	1.00	1850	23.03.16	13:52	4	01	1850	1850	00	5905279799639	0	0	0	0	0	0	0	0
$1	173	6	5	0	1232	1.00	490	23.03.16	13:52	2	01	490	490	00	5909990219520	0	0	0	0	0	0	0	0
$1	173	6	6	0	1232	1.00	490	23.03.16	13:52	2	01	490	490	00	5909990219520	0	0	0	0	0	0	0	0
$1	173	6	7	0	1181	2.00	1100	23.03.16	13:53	2	01	1100	1100	00	5909994310964	0	0	0	0	0	0	0	0
$1	173	6	8	0	1234	1.00	790	23.03.16	13:53	2	01	790	790	00	5909990311910	0	0	0	0	0	0	0	0
$1	173	6	9	0	1007	1.00	750	23.03.16	13:53	2	01	750	750	00	5907752643460	0	0	0	0	0	0	0	0
$4	173	6	2	0	0	7560	7560
$12	173	2	1	0	3900	1.00	3450	23.03.16	14:27	1	01	3450	3450	00	28039006	0	0	0	0	0	0	0	0
$1	173	7	1	0	3901	2.00	2180	23.03.16	14:47	1	01	2180	2180	00	28039013	0	0	0	0	0	0	0	0
$4	173	7	1	0	0	2180	2180
$14	01	23.03.17	09:51	4
$13	00	1	23.03.17	09:51	01	0	0	0	0	0	0	0	0	0	             
$1	174	1	1	0	0041	2.000	6380	23.03.17	10:02	1	01	6380	6380	00		0	0	0	0	0	0	0	0
$1	174	1	2	0	4568	1.00	2950	23.03.17	10:02	1	01	2950	2950	00	10007747	0	0	0	0	0	0	0	0
$1	174	1	3	0	4568	1.00	2950	23.03.17	10:02	1	01	2950	2950	00	10007747	0	0	0	0	0	0	0	0
$4	174	1	2	0	0	12280	12280
$1	174	2	1	0	4273	1.00	3690	23.03.17	10:31	1	01	3690	3690	00	10002285	0	0	0	0	0	0	0	0
$1	174	2	2	0	4278	1.00	3250	23.03.17	10:31	1	01	3250	3250	00	10002377	0	0	0	0	0	0	0	0
$4	174	2	1	0	0	10000	10000
$4	174	2	1	0	1	3060	3060
$1	174	3	1	0	2290	1.00	2590	23.03.17	10:49	1	01	2590	2590	00	5907502687829	0	0	0	0	0	0	0	0
$1	174	3	2	0	0548	1.00	3350	23.03.17	10:49	1	01	3350	3350	00	5907502687850	0	0	0	0	0	0	0	0
$4	174	3	1	0	0	10000	10000
$4	174	3	1	0	1	4060	4060
$1	174	4	1	0	0372	1.00	1790	23.03.17	11:44	1	01	1790	1790	00	5906874565278	0	0	0	0	0	0	0	0
$1	174	4	2	0	0578	1.00	3250	23.03.17	11:46	1	01	3250	3250	00	5902249010916	0	0	0	0	0	0	0	0
$10	174	4	1	0	0372	1.00	1790	23.03.17	11:47	1	01	1790	1790	00	5906874565278	0	0	0	0	0	0	0	0
$4	174	4	1	0	0	5040	5040
$1	174	5	1	0	0657	1.00	3790	23.03.17	12:23	1	01	3790	3790	00	5902249010206	0	0	0	0	0	0	0	0
$1	174	5	2	0	2026	1.00	2650	23.03.17	12:23	1	01	2650	2650	00	10020265	0	0	0	0	0	0	0	0
$1	174	5	3	0	4368	1.00	1990	23.03.17	12:23	1	01	1990	2790	00	5903760205188	0	0	0	0	0	0	0	1
$4	174	5	2	0	0	8430	8430
$1	174	6	1	0	3373	1.00	4950	23.03.17	12:37	1	01	4950	4950	00	24033732	0	0	0	0	0	0	0	0
$4	174	6	2	0	0	4950	4950
$1	174	7	1	0	2053	1.00	2990	23.03.17	14:40	1	01	2990	2990	00	11020530	0	0	0	0	0	0	0	0
$4	174	7	2	0	0	2990	2990
$1	174	8	1	0	3095	1.00	900	23.03.17	15:08	2	01	900	900	00	10003985	0	0	0	0	0	0	0	0
$4	174	8	2	0	0	900	900
$1	174	9	1	0	3901	1.00	1090	23.03.17	16:11	1	01	1090	1090	00	28039013	0	0	0	0	0	0	0	0
$1	174	9	2	0	2033	1.00	1990	23.03.17	16:13	1	01	1990	1990	00	10020333	0	0	0	0	0	0	0	0
$4	174	9	1	0	0	3080	3080
$1	174	10	1	0	1456	1.00	1990	23.03.17	16:16	1	01	1990	1990	00	10003091	0	0	0	0	0	0	0	0
$4	174	10	1	0	0	1990	1990
$1	174	11	1	0	0362	1.00	1150	23.03.17	16:17	1	01	1150	1150	00	5905279370135	0	0	0	0	0	0	0	0
$1	174	11	2	0	2503	1.00	1350	23.03.17	16:17	1	01	1350	1350	00	10003930	0	0	0	0	0	0	0	0
$1	174	11	3	0	2350	2.00	1580	23.03.17	16:17	1	01	1580	1580	00	15023506	0	0	0	0	0	0	0	0
$4	174	11	1	0	0	4080	4080
$1	174	12	1	0	2052	1.00	12950	23.03.17	16:19	1	01	12950	12950	00	11020523	0	0	0	0	0	0	0	0
$4	174	12	2	0	0	12950	12950
$1	174	13	1	0	0310	1.00	2190	23.03.17	16:33	1	01	2190	2190	00	5903111747015	0	0	0	0	0	0	0	0
$1	174	13	2	0	0372	1.00	1790	23.03.17	16:33	1	01	1790	1790	00	5906874565278	0	0	0	0	0	0	0	0
$4	174	13	2	0	0	3980	3980
$14	01	23.03.18	09:48	4
$13	00	1	23.03.18	09:48	01	0	0	0	0	0	0	0	0	0	             
$1	175	1	1	0	2053	1.00	2990	23.03.18	09:57	1	01	2990	2990	00	11020530	0	0	0	0	0	0	0	0
$4	175	1	1	0	0	10000	10000
$4	175	1	1	0	1	7010	7010
$1	175	2	1	0	2350	1.00	790	23.03.18	11:47	1	01	790	790	00	15023506	0	0	0	0	0	0	0	0
$4	175	2	2	0	0	790	790
$1	175	3	1	0	1841	1.00	3190	23.03.18	13:35	1	01	3190	3190	00	10004470	0	0	0	0	0	0	0	0
$1	175	3	2	0	2747	1.00	6900	23.03.18	13:35	1	01	6900	6900	00	35027478	0	0	0	0	0	0	0	0
$1	175	3	3	0	4543	1.00	4350	23.03.18	13:35	1	01	4350	4350	00	35027430	0	0	0	0	0	0	0	0
$1	175	3	4	0	1372	1.00	1850	23.03.18	13:35	1	01	1850	1850	00	6013721	0	0	0	0	0	0	0	0
$1	175	3	5	0	2010	1.00	3550	23.03.18	13:35	1	01	3550	3550	00	680275060871	0	0	0	0	0	0	0	0
$1	175	3	6	0	2011	1.00	3490	23.03.18	13:35	1	01	3490	3490	00	680275060888	0	0	0	0	0	0	0	0
$4	175	3	2	0	0	23330	23330
$1	175	4	1	0	3074	1.00	2190	23.03.18	13:44	1	01	2190	2190	00	5903760202453	0	0	0	0	0	0	0	0
$4	175	4	2	0	0	2190	2190
$14	01	23.03.20	19:05	4
$13	00	1	23.03.20	19:05	01	0	0	0	0	0	0	0	0	0	             
$14	01	23.03.21	09:34	4
$13	00	1	23.03.21	09:34	01	0	0	0	0	0	0	0	0	0	             
$1	176	1	1	0	1068	1.00	650	23.03.21	10:28	2	01	650	650	00	5905279799400	0	0	0	0	0	0	0	0
$4	176	1	2	0	0	650	650
$1	176	2	1	0	0989	1.00	550	23.03.21	10:48	4	01	550	550	00	5009893	0	0	0	0	0	0	0	0
$4	176	2	2	0	0	550	550
$1	176	3	1	0	2264	1.00	900	23.03.21	10:49	2	01	900	900	00	20022648	0	0	0	0	0	0	0	0
$1	176	3	2	0	1184	1.00	550	23.03.21	10:49	2	01	550	550	00	5909990628377	0	0	0	0	0	0	0	0
$1	176	3	3	0	2053	1.00	2990	23.03.21	10:50	1	01	2990	2990	00	11020530	0	0	0	0	0	0	0	0
$1	176	3	4	0	4368	1.00	1990	23.03.21	10:51	1	01	1990	2790	00	5903760205188	0	0	0	0	0	0	0	1
$4	176	3	1	0	0	7000	7000
$4	176	3	1	0	1	570	570
$1	176	4	1	0	0662	1.00	3600	23.03.21	11:33	1	01	3600	3600	00	5902249014952	0	0	0	0	0	0	0	0
$4	176	4	2	0	0	3600	3600
$1	176	5	1	0	4368	1.00	1990	23.03.21	11:39	1	01	1990	2790	00	10005071	0	0	0	0	0	0	0	1
$4	176	5	2	0	0	1990	1990
$1	176	6	1	0	0982	4.00	2360	23.03.21	12:10	2	01	2360	2360	00	5907752643385	0	0	0	0	0	0	0	0
$4	176	6	1	0	0	2360	2360
$1	176	7	1	0	2423	1.00	2490	23.03.21	12:21	1	01	2490	2490	00	16024236	0	0	0	0	0	0	0	0
$1	176	7	2	0	4155	1.00	2650	23.03.21	12:21	1	01	2650	2650	00	10000885	0	0	0	0	0	0	0	0
$4	176	7	2	0	0	5140	5140
$1	176	8	1	0	2053	1.00	2990	23.03.21	12:23	1	01	2990	2990	00	11020530	0	0	0	0	0	0	0	0
$4	176	8	2	0	0	2990	2990
$1	176	9	1	0	0244	1.000	980	23.03.21	12:41	1	01	980	980	00		0	0	0	0	0	0	0	0
$1	176	9	2	0	0294	1.00	8350	23.03.21	12:41	1	01	8350	8350	00	154	0	0	0	0	0	0	0	0
$1	176	9	3	0	0738	1.00	7500	23.03.21	12:45	1	01	7500	7500	00	3007389	0	0	0	0	0	0	0	0
$1	176	9	4	0	0074	1.000	990	23.03.21	12:47	1	01	990	990	00		0	0	0	0	0	0	0	0
$1	176	9	5	0	0524	1.00	2800	23.03.21	12:47	1	01	2800	2800	00	5907502687669	0	0	0	0	0	0	0	0
$4	176	9	2	0	0	20620	20620
$1	176	10	1	0	4368	1.00	1990	23.03.21	12:49	1	01	1990	2790	00	10005071	0	0	0	0	0	0	0	1
$4	176	10	2	0	0	1990	1990
$1	176	11	1	0	4585	1.00	1890	23.03.21	12:51	2	01	1890	1890	00	10007815	0	0	0	0	0	0	0	0
$1	176	11	2	0	4568	1.00	2950	23.03.21	12:51	1	01	2950	2950	00	10007747	0	0	0	0	0	0	0	0
$1	176	11	3	0	3602	1.00	2950	23.03.21	12:51	1	01	2950	2950	00	16036024	0	0	0	0	0	0	0	0
$4	176	11	2	0	0	7790	7790
$1	176	12	1	0	2050	1.00	2990	23.03.21	13:19	1	01	2990	2990	00	11020509	0	0	0	0	0	0	0	0
$1	176	12	2	0	2350	5.00	3950	23.03.21	13:19	1	01	3950	3950	00	15023506	0	0	0	0	0	0	0	0
$4	176	12	2	0	0	6940	6940
$1	176	13	1	0	4615	1.00	1850	23.03.21	13:22	2	01	1850	1850	00	10008119	0	0	0	0	0	0	0	0
$1	176	13	2	0	1957	1.00	1890	23.03.21	13:22	1	01	1890	1890	00	10007587	0	0	0	0	0	0	0	0
$4	176	13	1	0	0	5000	5000
$4	176	13	1	0	1	1260	1260
$1	176	14	1	0	1824	1.00	1900	23.03.21	14:09	1	01	1900	1900	00	10004494	0	0	0	0	0	0	0	0
$4	176	14	1	0	0	1900	1900
$1	176	15	1	0	4205	1.00	390	23.03.21	14:28	1	01	390	390	00	8691190801250	0	0	0	0	0	0	0	0
$1	176	15	2	0	2053	1.00	2990	23.03.21	14:29	1	01	2990	2990	00	11020530	0	0	0	0	0	0	0	0
$4	176	15	2	0	0	3380	3380
$1	176	16	1	0	2053	1.00	2990	23.03.21	14:30	1	01	2990	2990	00	11020530	0	0	0	0	0	0	0	0
$4	176	16	2	0	0	2990	2990
$1	176	17	1	0	2024	1.00	1590	23.03.21	15:46	1	01	1590	2490	00	10020241	0	0	0	0	0	0	0	1
$1	176	17	2	0	3901	1.00	1090	23.03.21	15:47	1	01	1090	1090	00	28039013	0	0	0	0	0	0	0	0
$1	176	17	3	0	2084	1.00	5750	23.03.21	15:47	1	01	5750	5750	00	12020843	0	0	0	0	0	0	0	0
$1	176	17	4	0	4368	1.00	1990	23.03.21	15:47	1	01	1990	2790	00	5903760205188	0	0	0	0	0	0	0	1
$4	176	17	1	0	0	10420	10420
$1	176	18	1	0	1233	1.00	750	23.03.21	16:36	2	01	750	750	00	5909990628223	0	0	0	0	0	0	0	0
$4	176	18	1	0	0	750	750
$1	176	19	1	0	3901	2.00	2180	23.03.21	17:13	1	01	2180	2180	00	28039013	0	0	0	0	0	0	0	0
$4	176	19	2	0	0	2180	2180
$14	01	23.03.21	20:01	4
$13	00	1	23.03.21	20:01	01	0	0	0	0	0	0	0	0	0	             
$14	01	23.03.22	09:36	4
$13	00	1	23.03.22	09:36	01	0	0	0	0	0	0	0	0	0	             
$1	177	1	1	0	3058	1.00	1150	23.03.22	10:17	2	01	1150	1150	00	10003893	0	0	0	0	0	0	0	0
$1	177	1	2	0	4141	1.00	1190	23.03.22	10:17	1	01	1190	1190	00	5903641980357	0	0	0	0	0	0	0	0
$1	177	1	3	0	4368	1.00	1990	23.03.22	10:17	1	01	1990	2790	00	10005071	0	0	0	0	0	0	0	1
$4	177	1	2	0	0	4330	4330
$1	177	2	1	0	0195	1.000	1190	23.03.22	11:17	1	01	1190	1190	00		0	0	0	0	0	0	0	0
$1	177	2	2	0	1850	1.00	9990	23.03.22	11:17	1	01	9990	9990	00	8018502	0	0	0	0	0	0	0	0
$4	177	2	2	0	0	11180	11180
$1	177	3	1	0	2596	1.00	1350	23.03.22	11:33	1	01	1350	1350	00	17025966	0	0	0	0	0	0	0	0
$4	177	3	1	0	0	1350	1350
$1	177	4	1	0	0973	1.00	490	23.03.22	11:36	2	01	490	490	00	5905279799448	0	0	0	0	0	0	0	0
$4	177	4	1	0	0	490	490
$1	177	5	1	0	4020	1.00	3090	23.03.22	12:05	1	01	3090	3090	00	8691190375041	0	0	0	0	0	0	0	0
$4	177	5	1	0	0	3090	3090
$1	177	6	1	0	0982	6.00	3540	23.03.22	13:34	2	01	3540	3540	00	5907752643385	0	0	0	0	0	0	0	0
$4	177	6	1	0	0	3540	3540
$1	177	7	1	0	1784	1.00	4450	23.03.22	14:27	1	01	4450	4450	00	5701278100106	0	0	0	0	0	0	0	0
$1	177	7	2	0	1817	1.00	2150	23.03.22	14:27	1	01	2150	2150	00	10004333	0	0	0	0	0	0	0	0
$4	177	7	1	0	0	7000	7000
$4	177	7	1	0	1	400	400
$1	177	8	1	0	1881	1.00	5290	23.03.22	14:36	1	01	5290	5290	00	8018816	0	0	0	0	0	0	0	0
$4	177	8	1	0	0	5400	5400
$4	177	8	1	0	1	110	110
$1	177	9	1	0	0983	1.00	850	23.03.22	14:57	4	01	850	850	00	5009831	0	0	0	0	0	0	0	0
$4	177	9	1	0	0	10000	10000
$4	177	9	1	0	1	9150	9150
$1	177	10	1	0	0066	1.000	1190	23.03.22	15:17	1	01	1190	1190	00		0	0	0	0	0	0	0	0
$4	177	10	1	0	0	2000	2000
$4	177	10	1	0	1	810	810
$1	177	11	1	0	4316	1.00	1450	23.03.22	15:48	4	01	1450	1450	00	10003855	0	0	0	0	0	0	0	0
$1	177	11	2	0	1906	1.00	1750	23.03.22	15:48	1	01	1750	1750	00	10007464	0	0	0	0	0	0	0	0
$4	177	11	2	0	0	3200	3200
$10	177	12	1	0	2052	1.00	12950	23.03.22	17:04	1	01	12950	12950	00	11020523	0	0	0	0	0	0	0	0
$1	177	12	1	0	2055	1.00	6950	23.03.22	17:05	1	01	6950	6950	00	11020554	0	0	0	0	0	0	0	0
$4	177	12	2	0	0	6950	6950
$1	177	13	1	0	2445	1.00	10072	23.03.22	17:10	1	01	10072	11850	00	1024456	0	0	0	0	0	0	0	1
$4	177	13	2	0	0	10072	10072
$1	177	14	1	0	0738	1.00	7500	23.03.22	17:12	1	01	7500	7500	00	3007389	0	0	0	0	0	0	0	0
$4	177	14	2	0	0	7500	7500
$14	01	23.03.23	09:32	4
$13	00	1	23.03.23	09:32	01	0	0	0	0	0	0	0	0	0	             
$1	178	1	1	0	3901	1.00	1090	23.03.23	10:22	1	01	1090	1090	00	28039013	0	0	0	0	0	0	0	0
$1	178	1	2	0	4478	2.00	180	23.03.23	10:23	1	01	180	180	00	10006429	0	0	0	0	0	0	0	0
$4	178	1	1	0	0	1270	1270
$1	178	2	1	0	3903	1.00	2590	23.03.23	12:38	1	01	2590	2590	00	28039037	0	0	0	0	0	0	0	0
$4	178	2	2	0	0	2590	2590
$1	178	3	1	0	2014	1.00	5250	23.03.23	13:21	2	01	5250	5250	00	9020146	0	0	0	0	0	0	0	0
$4	178	3	2	0	0	5250	5250
$1	178	4	1	0	2750	1.00	5190	23.03.23	13:55	1	01	5190	5190	00	35027508	0	0	0	0	0	0	0	0
$4	178	4	2	0	0	5190	5190
$1	178	5	1	0	2665	1.00	1390	23.03.23	13:56	2	01	1390	1390	00	17026659	0	0	0	0	0	0	0	0
$1	178	5	2	0	1135	1.00	1090	23.03.23	13:57	2	01	1090	1090	00	5011353	0	0	0	0	0	0	0	0
$1	178	5	3	0	2350	2.00	1580	23.03.23	13:57	1	01	1580	1580	00	15023506	0	0	0	0	0	0	0	0
$1	178	5	4	0	0973	1.00	490	23.03.23	13:57	2	01	490	490	00	5905279799448	0	0	0	0	0	0	0	0
$1	178	5	5	0	0982	1.00	590	23.03.23	13:57	2	01	590	590	00	5907752643385	0	0	0	0	0	0	0	0
$1	178	5	6	0	0952	2.00	980	23.03.23	13:57	4	01	980	980	00	5009527	0	0	0	0	0	0	0	0
$4	178	5	2	0	0	6120	6120
$1	178	6	1	0	1068	1.00	650	23.03.23	15:00	2	01	650	650	00	5905279799400	0	0	0	0	0	0	0	0
$1	178	6	2	0	1043	1.00	1190	23.03.23	15:00	2	01	1190	1190	00	5905279799196	0	0	0	0	0	0	0	0
$1	178	6	3	0	1252	1.00	1350	23.03.23	15:00	2	01	1350	1350	00	5012527	0	0	0	0	0	0	0	0
$4	178	6	1	0	0	3190	3190
$1	178	7	1	0	1039	1.00	650	23.03.23	15:05	2	01	650	650	00	5906365702823	0	0	0	0	0	0	0	0
$4	178	7	1	0	0	650	650
$1	178	8	1	0	4568	1.00	2950	23.03.23	15:32	1	01	2950	2950	00	10007747	0	0	0	0	0	0	0	0
$1	178	8	2	0	2009	1.00	3250	23.03.23	15:33	1	01	3250	3250	00	10007594	0	0	0	0	0	0	0	0
$4	178	8	2	0	0	6200	6200
$1	178	9	1	0	0048	1.000	3490	23.03.23	16:27	1	01	3490	3490	00		0	0	0	0	0	0	0	0
$4	178	9	2	0	0	3490	3490
$14	01	23.03.24	09:49	4
$13	00	1	23.03.24	09:49	01	0	0	0	0	0	0	0	0	0	             
$1	179	1	1	0	1068	1.00	650	23.03.24	10:10	2	01	650	650	00	5905279799400	0	0	0	0	0	0	0	0
$4	179	1	1	0	0	1000	1000
$4	179	1	1	0	1	350	350
$1	179	2	1	0	1217	1.00	500	23.03.24	10:26	2	01	500	500	00	5909990195824	0	0	0	0	0	0	0	0
$1	179	2	2	0	0951	1.00	590	23.03.24	10:27	4	01	590	590	00	5907752643569	0	0	0	0	0	0	0	0
$1	179	2	3	0	1234	1.00	790	23.03.24	10:27	2	01	790	790	00	5909990311910	0	0	0	0	0	0	0	0
$1	179	2	4	0	1250	1.00	750	23.03.24	10:27	2	01	750	750	00	5909990628278	0	0	0	0	0	0	0	0
$1	179	2	5	0	1025	1.00	700	23.03.24	10:27	2	01	700	700	00	5905279799288	0	0	0	0	0	0	0	0
$1	179	2	6	0	1179	1.00	750	23.03.24	10:27	2	01	750	750	00	5909994309524	0	0	0	0	0	0	0	0
$1	179	2	7	0	1183	1.00	690	23.03.24	10:27	2	01	690	690	00	5909990628414	0	0	0	0	0	0	0	0
$1	179	2	8	0	1230	1.00	550	23.03.24	10:27	2	01	550	550	00	5909994310766	0	0	0	0	0	0	0	0
$1	179	2	9	0	0982	1.00	590	23.03.24	10:27	2	01	590	590	00	5907752643385	0	0	0	0	0	0	0	0
$4	179	2	2	0	0	5910	5910
$1	179	3	1	0	3056	1.00	1090	23.03.24	11:56	2	01	1090	1090	00	20030568	0	0	0	0	0	0	0	0
$1	179	3	2	0	3589	1.00	1550	23.03.24	11:57	2	01	1550	1550	00	10004296	0	0	0	0	0	0	0	0
$4	179	3	2	0	0	2640	2640
$1	179	4	1	0	1759	1.00	4790	23.03.24	12:27	1	01	4790	4790	00	8017598	0	0	0	0	0	0	0	0
$4	179	4	2	0	0	4790	4790
$1	179	5	1	0	3044	1.00	3150	23.03.24	12:29	1	01	3150	3150	00	949	0	0	0	0	0	0	0	0
$4	179	5	2	0	0	3150	3150
$1	179	6	1	0	3952	1.00	1690	23.03.24	12:34	1	01	1690	1690	00	8691190121488	0	0	0	0	0	0	0	0
$4	179	6	1	0	0	1690	1690
$1	179	7	1	0	1133	1.00	1250	23.03.24	12:43	4	01	1250	1250	00	5011339	0	0	0	0	0	0	0	0
$4	179	7	1	0	0	2000	2000
$4	179	7	1	0	1	750	750
$1	179	8	1	0	3091	1.00	750	23.03.24	12:58	2	01	750	750	00	10003909	0	0	0	0	0	0	0	0
$1	179	8	2	0	2350	1.00	790	23.03.24	12:59	1	01	790	790	00	15023506	0	0	0	0	0	0	0	0
$4	179	8	1	0	0	1540	1540
$1	179	9	1	0	2433	1.00	2850	23.03.24	13:20	1	01	2850	2850	00	16024335	0	0	0	0	0	0	0	0
$4	179	9	2	0	0	2850	2850
$1	179	10	1	0	1192	2.00	1780	23.03.24	14:17	2	01	1780	1780	00	5909990219322	0	0	0	0	0	0	0	0
$1	179	10	2	0	1181	2.00	1100	23.03.24	14:17	2	01	1100	1100	00	5909994310964	0	0	0	0	0	0	0	0
$1	179	10	3	0	0965	1.00	700	23.03.24	14:18	2	01	700	700	00	5906365702038	0	0	0	0	0	0	0	0
$4	179	10	2	0	0	3580	3580
$1	179	11	1	0	0961	1.00	1350	23.03.24	15:04	2	01	1350	1350	00	5906365702885	0	0	0	0	0	0	0	0
$1	179	11	2	0	1097	1.00	550	23.03.24	15:04	2	01	550	550	00	5909994310568	0	0	0	0	0	0	0	0
$1	179	11	3	0	1112	1.00	750	23.03.24	15:05	2	01	750	750	00	5906365702267	0	0	0	0	0	0	0	0
$1	179	11	4	0	1043	1.00	1190	23.03.24	15:05	2	01	1190	1190	00	5905279799196	0	0	0	0	0	0	0	0
$1	179	11	5	0	1765	1.00	5650	23.03.24	15:05	1	01	5650	5650	00	5711914159436	0	0	0	0	0	0	0	0
$4	179	11	2	0	0	9490	9490
$1	179	12	1	0	2675	1.00	1390	23.03.24	15:06	2	01	1390	1390	00	17026758	0	0	0	0	0	0	0	0
$4	179	12	2	0	0	1390	1390
$1	179	13	1	0	4603	1.00	2850	23.03.24	15:59	1	01	2850	2850	00	10007990	0	0	0	0	0	0	0	0
$1	179	13	2	0	4602	1.00	2850	23.03.24	15:59	1	01	2850	2850	00	10007983	0	0	0	0	0	0	0	0
$1	179	13	3	0	0499	1.00	3000	23.03.24	16:01	1	01	3000	3000	00	5907502687553	0	0	0	0	0	0	0	0
$1	179	13	4	0	3345	1.00	2500	23.03.24	16:01	1	01	2500	2500	00	5902249015966	0	0	0	0	0	0	0	0
$1	179	13	5	0	0505	1.00	3600	23.03.24	16:01	1	01	3600	3600	00	5907502687515	0	0	0	0	0	0	0	0
$4	179	13	1	0	0	20000	20000
$4	179	13	1	0	1	5200	5200
$14	01	23.03.25	09:45	4
$13	00	1	23.03.25	09:45	01	0	0	0	0	0	0	0	0	0	             
$1	180	1	1	0	2053	1.00	2990	23.03.25	10:00	1	01	2990	2990	00	11020530	0	0	0	0	0	0	0	0
$4	180	1	1	0	0	5000	5000
$4	180	1	1	0	1	2010	2010
$1	180	2	1	0	1200	1.00	550	23.03.25	10:03	2	01	550	550	00	5909990628544	0	0	0	0	0	0	0	0
$1	180	2	2	0	1151	1.00	550	23.03.25	10:03	2	01	550	550	00	5909990468126	0	0	0	0	0	0	0	0
$4	180	2	2	0	0	1100	1100
$1	180	3	1	0	2350	1.00	790	23.03.25	10:15	1	01	790	790	00	15023506	0	0	0	0	0	0	0	0
$4	180	3	2	0	0	790	790
$1	180	4	1	0	1507	1.00	6350	23.03.25	10:17	4	01	6350	6350	00	7015076	0	0	0	0	0	0	0	0
$4	180	4	1	0	0	6350	6350
$1	180	5	1	0	0972	1.00	450	23.03.25	10:19	4	01	450	450	00	5906365702359	0	0	0	0	0	0	0	0
$4	180	5	1	0	0	500	500
$4	180	5	1	0	1	050	050
$1	180	6	1	0	0463	1.00	2700	23.03.25	10:27	1	01	2700	2700	00	5907502687249	0	0	0	0	0	0	0	0
$4	180	6	2	0	0	2700	2700
$1	180	7	1	0	3074	1.00	1095	23.03.25	11:17	1	01	2190	2190	00	5903760202453	0	1	0	0	0	0	0	0
$1	180	7	2	0	2530	1.00	1125	23.03.25	11:17	2	01	2250	2250	00	5904960011616	0	1	0	0	0	0	0	0
$1	180	7	3	0	4466	1.00	325	23.03.25	11:17	1	01	650	650	00	5901086000586	0	1	0	0	0	0	0	0
$1	180	7	4	0	4365	1.00	1095	23.03.25	11:18	1	01	2190	2190	00	5900168905917	0	1	0	0	0	0	0	0
$1	180	7	5	0	0462	1.00	672	23.03.25	11:18	1	01	1345	2690	00	5907502687256	0	1	0	0	0	0	0	1
$1	180	7	6	0	4610	1.00	5525	23.03.25	11:18	1	01	11050	11050	00	6412600826678	0	1	0	0	0	0	0	0
$1	180	7	7	0	0539	1.00	1400	23.03.25	11:18	1	01	2800	2800	00	5902249010084	0	1	0	0	0	0	0	0
$1	180	7	8	0	0853	1.00	1245	23.03.25	11:18	1	01	2490	2490	00	5906395235698	0	1	0	0	0	0	0	0
$1	180	7	9	0	0491	1.00	1700	23.03.25	11:18	1	01	3400	3400	00	5902249011456	0	1	0	0	0	0	0	0
$1	180	7	10	0	0457	1.00	700	23.03.25	11:18	1	01	1400	1400	00	5907502687065	0	1	0	0	0	0	0	0
$1	180	7	11	0	0738	1.00	3750	23.03.25	11:18	1	01	7500	7500	00	5902729030601	0	1	0	0	0	0	0	0
$1	180	7	12	0	3794	1.00	775	23.03.25	11:18	1	01	1550	1550	00	8691190517632	0	1	0	0	0	0	0	0
$1	180	7	13	0	3499	1.00	1650	23.03.25	11:19	1	01	3300	3300	00	24034999	0	1	0	0	0	0	0	0
$1	180	7	14	0	3497	1.00	1645	23.03.25	11:19	1	01	3290	3290	00	5907154568705	0	1	0	0	0	0	0	0
$1	180	7	15	0	2024	1.00	1245	23.03.25	11:19	1	01	2490	2490	00	10020241	0	1	0	0	0	0	0	0
$1	180	7	16	0	2053	1.00	1495	23.03.25	11:20	1	01	2990	2990	00	11020530	0	1	0	0	0	0	0	0
$1	180	7	17	0	0001	1.000	995	23.03.25	11:20	1	01	1990	1990	00		0	1	0	0	0	0	0	0
$1	180	7	18	0	2342	1.00	1175	23.03.25	11:21	1	01	2350	2350	00	5903760200558	0	1	0	0	0	0	0	0
$1	180	7	19	0	0001	1.000	945	23.03.25	11:22	1	01	1890	1890	00		0	1	0	0	0	0	0	0
$4	180	7	1	0	0	28557	28557
$1	180	8	1	0	4274	1.00	3850	23.03.25	11:26	1	01	3850	3850	00	10002315	0	0	0	0	0	0	0	0
$1	180	8	2	0	3497	1.00	3290	23.03.25	11:26	1	01	3290	3290	00	5907154568705	0	0	0	0	0	0	0	0
$1	180	8	3	0	4274	1.00	3850	23.03.25	11:26	1	01	3850	3850	00	10002315	0	0	0	0	0	0	0	0
$1	180	8	4	0	3497	1.00	3290	23.03.25	11:26	1	01	3290	3290	00	10002353	0	0	0	0	0	0	0	0
$1	180	8	5	0	2460	2.00	500	23.03.25	11:27	1	01	500	500	00	33002996	0	0	0	0	0	0	0	0
$10	180	8	1	0	2941	1.00	690	23.03.25	11:27	1	01	690	690	00	28029410	0	0	0	0	0	0	0	0
$1	180	8	6	0	0225	1.000	300	23.03.25	11:28	1	01	300	300	00		0	0	0	0	0	0	0	0
$4	180	8	2	0	0	15080	15080
$1	180	9	1	0	3528	1.00	4850	23.03.25	11:37	1	01	4850	4850	00	10002780	0	0	0	0	0	0	0	0
$4	180	9	2	0	0	4850	4850
$1	180	10	1	0	2024	1.00	2490	23.03.25	11:42	1	01	2490	2490	00	10020241	0	0	0	0	0	0	0	0
$1	180	10	2	0	3901	1.00	1090	23.03.25	11:42	1	01	1090	1090	00	28039013	0	0	0	0	0	0	0	0
$4	180	10	2	0	0	3580	3580
$1	180	11	1	0	0790	1.00	7900	23.03.25	12:05	1	01	7900	7900	00	3007907	0	0	0	0	0	0	0	0
$1	180	11	2	0	0760	1.00	4090	23.03.25	12:06	1	01	4090	4090	00	3007600	0	0	0	0	0	0	0	0
$1	180	11	3	0	4122	1.00	2490	23.03.25	12:06	1	01	2490	2490	00	10006955	0	0	0	0	0	0	0	0
$1	180	11	4	0	3221	1.00	5150	23.03.25	12:06	1	01	5150	5150	00	3032213	0	0	0	0	0	0	0	0
$4	180	11	2	0	0	19630	19630
$1	180	12	1	0	1040	5.00	2750	23.03.25	12:08	2	01	2750	2750	00	5906365702847	0	0	0	0	0	0	0	0
$4	180	12	1	0	0	5000	5000
$4	180	12	1	0	1	2250	2250
$1	180	13	1	0	0727	1.00	8650	23.03.25	12:26	1	01	8650	8650	00	3007273	0	0	0	0	0	0	0	0
$4	180	13	2	0	0	8650	8650
$1	180	14	1	0	1190	1.00	650	23.03.25	12:33	2	01	650	650	00	5909990021864	0	0	0	0	0	0	0	0
$1	180	14	2	0	1189	1.00	650	23.03.25	12:33	2	01	650	650	00	5909994310711	0	0	0	0	0	0	0	0
$4	180	14	2	0	0	1300	1300
$14	01	23.03.25	14:00	4
$13	00	1	23.03.25	14:00	01	0	0	0	0	0	0	0	0	0	             
$14	01	23.03.25	14:09	4
$13	00	1	23.03.25	14:09	01	0	0	0	0	0	0	0	0	0	             
$14	01	23.03.28	08:41	4
$13	00	1	23.03.28	08:41	01	0	0	0	0	0	0	0	0	0	             
$1	181	1	1	0	0972	1.00	450	23.03.28	10:27	4	01	450	450	00	5906365702359	0	0	0	0	0	0	0	0
$4	181	1	1	0	0	450	450
$1	181	2	1	0	1458	1.00	2090	23.03.28	11:15	1	01	2090	2090	00	5907688710144	0	0	0	0	0	0	0	0
$4	181	2	1	0	0	2200	2200
$4	181	2	1	0	1	110	110
$1	181	3	1	0	4528	1.00	3790	23.03.28	11:33	1	01	3790	3790	00	10007044	0	0	0	0	0	0	0	0
$4	181	3	1	0	0	5000	5000
$4	181	3	1	0	1	1210	1210
$1	181	4	1	0	4570	1.00	1100	23.03.28	11:41	2	01	1100	1100	00	20030742	0	0	0	0	0	0	0	0
$1	181	4	2	0	3072	1.00	1150	23.03.28	11:41	2	01	1150	1150	00	10003602	0	0	0	0	0	0	0	0
$1	181	4	3	0	4319	1.00	1050	23.03.28	11:42	2	01	1050	1050	00	10004074	0	0	0	0	0	0	0	0
$1	181	4	4	0	3089	1.00	950	23.03.28	11:42	2	01	950	950	00	10003961	0	0	0	0	0	0	0	0
$1	181	4	5	0	4316	1.00	1450	23.03.28	11:42	4	01	1450	1450	00	10003855	0	0	0	0	0	0	0	0
$1	181	4	6	0	1238	1.00	1390	23.03.28	11:42	4	01	1390	1390	00	5012381	0	0	0	0	0	0	0	0
$4	181	4	2	0	0	7090	7090
$1	181	5	1	0	2350	2.00	1580	23.03.28	12:58	1	01	1580	1580	00	15023506	0	0	0	0	0	0	0	0
$4	181	5	2	0	0	1580	1580
$1	181	6	1	0	2053	1.00	2990	23.03.28	13:07	1	01	2990	2990	00	11020530	0	0	0	0	0	0	0	0
$4	181	6	1	0	0	10000	10000
$4	181	6	1	0	1	7010	7010
$1	181	7	1	0	1035	5.00	2950	23.03.28	14:40	2	01	2950	2950	00	5909994310124	0	0	0	0	0	0	0	0
$4	181	7	1	0	0	2950	2950
$1	181	8	1	0	0455	1.00	4650	23.03.28	14:47	1	01	4650	4650	00	5907502687171	0	0	0	0	0	0	0	0
$4	181	8	2	0	0	4650	4650
$14	01	23.03.29	09:33	4
$13	00	1	23.03.29	09:33	01	0	0	0	0	0	0	0	0	0	             
$1	182	1	1	0	0048	1.000	2190	23.03.29	09:55	1	01	2190	2190	00		0	0	0	0	0	0	0	0
$4	182	1	1	0	0	2190	2190
$1	182	2	1	0	4245	1.00	3350	23.03.29	10:17	2	01	3350	3350	00	10001134	0	0	0	0	0	0	0	0
$1	182	2	2	0	2707	1.00	2490	23.03.29	10:17	2	01	2490	2490	00	17027076	0	0	0	0	0	0	0	0
$1	182	2	3	0	2026	1.00	2650	23.03.29	10:17	1	01	2650	2650	00	10020265	0	0	0	0	0	0	0	0
$1	182	2	4	0	3051	1.00	1050	23.03.29	10:17	4	01	1050	1050	00	10004043	0	0	0	0	0	0	0	0
$1	182	2	5	0	4568	1.00	2950	23.03.29	10:17	1	01	2950	2950	00	10007747	0	0	0	0	0	0	0	0
$10	182	2	1	0	1458	1.00	2090	23.03.29	10:17	1	01	2090	2090	00	10003114	0	0	0	0	0	0	0	0
$1	182	2	6	0	2936	1.00	3650	23.03.29	10:18	1	01	3650	3650	00	5907688710830	0	0	0	0	0	0	0	0
$4	182	2	2	0	0	16140	16140
$1	182	3	1	0	2605	1.00	4550	23.03.29	10:21	1	01	4550	4550	00	17026055	0	0	0	0	0	0	0	0
$4	182	3	2	0	0	4550	4550
$1	182	4	1	0	2707	1.00	2490	23.03.29	11:35	2	01	2490	2490	00	17027076	0	0	0	0	0	0	0	0
$1	182	4	2	0	1049	1.00	1400	23.03.29	11:35	4	01	1400	1400	00	5010493	0	0	0	0	0	0	0	0
$4	182	4	2	0	0	3890	3890
$1	182	5	1	0	0972	1.00	450	23.03.29	11:36	4	01	450	450	00	5906365702359	0	0	0	0	0	0	0	0
$4	182	5	1	0	0	450	450
$1	182	6	1	0	0034	1.000	4350	23.03.29	12:23	1	01	4350	4350	00		0	0	0	0	0	0	0	0
$1	182	6	2	0	1821	1.00	2150	23.03.29	12:23	1	01	2150	2150	00	10004791	0	0	0	0	0	0	0	0
$1	182	6	3	0	0727	1.00	8650	23.03.29	12:23	1	01	8650	8650	00	3007273	0	0	0	0	0	0	0	0
$4	182	6	2	0	0	15150	15150
$1	182	7	1	0	4574	1.00	1950	23.03.29	12:30	1	01	1950	1950	00	20022662	0	0	0	0	0	0	0	0
$4	182	7	1	0	0	2000	2000
$4	182	7	1	0	1	050	050
$1	182	8	1	0	1534	1.00	1250	23.03.29	12:47	1	01	1250	1250	00	7015342	0	0	0	0	0	0	0	0
$1	182	8	2	0	2010	1.00	3590	23.03.29	12:47	1	01	3590	3590	00	10007600	0	0	0	0	0	0	0	0
$1	182	8	3	0	3121	1.00	1350	23.03.29	12:47	4	01	1350	1350	00	10003787	0	0	0	0	0	0	0	0
$4	182	8	2	0	0	6190	6190
$1	182	9	1	0	1097	1.00	550	23.03.29	14:33	2	01	550	550	00	5909994310568	0	0	0	0	0	0	0	0
$4	182	9	1	0	0	1000	1000
$4	182	9	1	0	1	450	450
$1	182	10	1	0	1068	1.00	650	23.03.29	15:25	2	01	650	650	00	5905279799400	0	0	0	0	0	0	0	0
$1	182	10	2	0	0988	1.00	850	23.03.29	15:25	1	01	850	850	00	5009886	0	0	0	0	0	0	0	0
$4	182	10	2	0	0	1500	1500
$1	182	11	1	0	0731	1.00	4450	23.03.29	16:32	1	01	4450	4450	00	3007310	0	0	0	0	0	0	0	0
$1	182	11	2	0	0734	1.00	4750	23.03.29	16:32	1	01	4750	4750	00	3007341	0	0	0	0	0	0	0	0
$4	182	11	2	0	0	9200	9200
$1	182	12	1	0	2053	1.00	2990	23.03.29	16:46	1	01	2990	2990	00	11020530	0	0	0	0	0	0	0	0
$4	182	12	2	0	0	2990	2990
$14	01	23.03.30	09:36	4
$13	00	1	23.03.30	09:36	01	0	0	0	0	0	0	0	0	0	             
$1	183	1	1	0	1249	1.00	585	23.03.30	09:48	2	01	585	900	00	5909994310667	0	0	0	0	0	0	0	1
$4	183	1	1	0	0	585	585
$1	183	2	1	0	0972	1.00	450	23.03.30	10:00	4	01	450	450	00	5906365702359	0	0	0	0	0	0	0	0
$1	183	2	2	0	1013	1.00	650	23.03.30	10:00	2	01	650	650	00	5909990628438	0	0	0	0	0	0	0	0
$1	183	2	3	0	1107	2.00	1100	23.03.30	10:00	2	01	1100	1100	00	5909994311466	0	0	0	0	0	0	0	0
$1	183	2	4	0	1249	2.00	1800	23.03.30	10:00	2	01	1800	1800	00	5909994310667	0	0	0	0	0	0	0	0
$1	183	2	5	0	1231	2.00	1100	23.03.30	10:00	2	01	1100	1100	00	5909994310469	0	0	0	0	0	0	0	0
$1	183	2	6	0	1040	2.00	1100	23.03.30	10:00	2	01	1100	1100	00	5906365702847	0	0	0	0	0	0	0	0
$1	183	2	7	0	1230	2.00	1100	23.03.30	10:01	2	01	1100	1100	00	5909994310766	0	0	0	0	0	0	0	0
$1	183	2	8	0	1191	2.00	1100	23.03.30	10:01	2	01	1100	1100	00	5909990628490	0	0	0	0	0	0	0	0
$1	183	2	9	0	1192	1.00	890	23.03.30	10:01	2	01	890	890	00	5909990219322	0	0	0	0	0	0	0	0
$1	183	2	10	0	1202	1.00	700	23.03.30	10:01	2	01	700	700	00	5909994309326	0	0	0	0	0	0	0	0
$4	183	2	1	0	0	9990	9990
$1	183	3	1	0	0472	1.00	1400	23.03.30	11:34	1	01	1400	1400	00	5907502687300	0	0	0	0	0	0	0	0
$4	183	3	2	0	0	1400	1400
$1	183	4	1	0	2053	1.00	2990	23.03.30	14:16	1	01	2990	2990	00	11020530	0	0	0	0	0	0	0	0
$1	183	4	2	0	0713	1.00	2450	23.03.30	14:16	1	01	2450	2450	00	3007136	0	0	0	0	0	0	0	0
$4	183	4	1	0	0	5440	5440
$1	183	5	1	0	3974	1.00	3150	23.03.30	14:59	1	01	3150	3150	00	8691190967147	0	0	0	0	0	0	0	0
$4	183	5	1	0	0	5200	5200
$4	183	5	1	0	1	2050	2050
$10	183	6	1	0	2015	234.00	1041300	23.03.30	15:07	1	01	1041300	1041300	00	10007525	0	0	0	0	0	0	0	0
$10	183	6	2	0	2015	2.00	8900	23.03.30	15:07	1	01	8900	8900	00	10007525	0	0	0	0	0	0	0	0
$10	183	6	3	0	0034	1.000	4350	23.03.30	15:07	1	01	4350	4350	00		0	0	0	0	0	0	0	0
$1	183	6	1	0	0034	1.000	3250	23.03.30	15:09	1	01	3250	3250	00		0	0	0	0	0	0	0	0
$4	183	6	1	0	0	3250	3250
$1	183	7	1	0	2433	1.00	2850	23.03.30	16:58	1	01	2850	2850	00	16024335	0	0	0	0	0	0	0	0
$4	183	7	2	0	0	2850	2850
$10	183	8	1	0	1165	2.00	1180	23.03.30	17:01	2	01	1180	1180	00	5909994311169	0	0	0	0	0	0	0	0
$1	183	8	1	0	1165	1.00	590	23.03.30	17:01	2	01	590	590	00	5909994311169	0	0	0	0	0	0	0	0
$4	183	8	1	0	0	590	590
$1	183	9	1	0	3907	1.00	10022	23.03.30	17:20	1	01	10022	10550	00	28039075	0	0	0	0	0	0	0	1
$1	183	9	2	0	3901	1.00	1090	23.03.30	17:20	1	01	1090	1090	00	28039013	0	0	0	0	0	0	0	0
$4	183	9	2	0	0	11112	11112
$14	01	23.03.31	09:49	4
$13	00	1	23.03.31	09:49	01	0	0	0	0	0	0	0	0	0	             
$1	184	1	1	0	4635	1.00	3950	23.03.31	09:52	1	01	3950	3950	00	5907154090534	0	0	0	0	0	0	0	0
$4	184	1	2	0	0	3950	3950
$1	184	2	1	0	1181	1.00	550	23.03.31	10:29	2	01	550	550	00	5909994310964	0	0	0	0	0	0	0	0
$1	184	2	2	0	1085	1.00	690	23.03.31	10:29	2	01	690	690	00	5906365702779	0	0	0	0	0	0	0	0
$1	184	2	3	0	1068	1.00	650	23.03.31	10:29	2	01	650	650	00	5905279799400	0	0	0	0	0	0	0	0
$1	184	2	4	0	1151	1.00	550	23.03.31	10:30	2	01	550	550	00	5909990468126	0	0	0	0	0	0	0	0
$1	184	2	5	0	1111	1.00	590	23.03.31	10:30	2	01	590	590	00	5906365702304	0	0	0	0	0	0	0	0
$4	184	2	2	0	0	3030	3030
$1	184	3	1	0	2350	2.00	1580	23.03.31	11:10	1	01	1580	1580	00	15023506	0	0	0	0	0	0	0	0
$4	184	3	1	0	0	2000	2000
$4	184	3	1	0	1	420	420
$1	184	4	1	0	2053	1.00	2990	23.03.31	11:12	1	01	2990	2990	00	11020530	0	0	0	0	0	0	0	0
$1	184	4	2	0	2050	1.00	2990	23.03.31	11:12	1	01	2990	2990	00	11020509	0	0	0	0	0	0	0	0
$4	184	4	1	0	0	6000	6000
$4	184	4	1	0	1	020	020
$1	184	5	1	0	1824	1.00	1900	23.03.31	12:34	1	01	1900	1900	00	10004494	0	0	0	0	0	0	0	0
$1	184	5	2	0	3089	1.00	950	23.03.31	12:34	2	01	950	950	00	10003961	0	0	0	0	0	0	0	0
$4	184	5	2	0	0	2850	2850
$1	184	6	1	0	3806	1.00	2190	23.03.31	12:41	1	01	2190	2190	00	5902169038649	0	0	0	0	0	0	0	0
$4	184	6	1	0	0	2190	2190
$1	184	7	1	0	1231	1.00	550	23.03.31	13:30	2	01	550	550	00	5909994310469	0	0	0	0	0	0	0	0
$4	184	7	1	0	0	550	550
$1	184	8	1	0	3058	1.00	1150	23.03.31	13:32	2	01	1150	1150	00	10003893	0	0	0	0	0	0	0	0
$1	184	8	2	0	3095	1.00	900	23.03.31	13:32	2	01	900	900	00	10003985	0	0	0	0	0	0	0	0
$4	184	8	2	0	0	2050	2050
$1	184	9	1	0	2350	2.00	1580	23.03.31	14:19	1	01	1580	1580	00	15023506	0	0	0	0	0	0	0	0
$1	184	9	2	0	0988	2.00	1700	23.03.31	14:19	1	01	1700	1700	00	5009886	0	0	0	0	0	0	0	0
$4	184	9	1	0	0	3300	3300
$4	184	9	1	0	1	020	020
$1	184	10	1	0	1537	1.00	1890	23.03.31	14:58	4	01	1890	1890	00	5907804205035	0	0	0	0	0	0	0	0
$4	184	10	1	0	0	2000	2000
$4	184	10	1	0	1	110	110
$1	184	11	1	0	2050	1.00	2990	23.03.31	15:07	1	01	2990	2990	00	11020509	0	0	0	0	0	0	0	0
$4	184	11	1	0	0	2990	2990
$1	184	12	1	0	0016	1.000	3850	23.03.31	15:29	1	01	3850	3850	00		0	0	0	0	0	0	0	0
$4	184	12	2	0	0	3850	3850
$1	184	13	1	0	2026	1.00	2650	23.03.31	15:45	1	01	2650	2650	00	10020265	0	0	0	0	0	0	0	0
$1	184	13	2	0	3901	1.00	1090	23.03.31	15:46	1	01	1090	1090	00	28039013	0	0	0	0	0	0	0	0
$4	184	13	2	0	0	3740	3740
$14	01	23.04.01	09:48	4
$13	00	1	23.04.01	09:48	01	0	0	0	0	0	0	0	0	0	             
$1	185	1	1	0	4073	1.00	3000	23.04.01	09:51	1	01	3000	3000	00	1040739	0	0	0	0	0	0	0	0
$4	185	1	1	0	0	5000	5000
$4	185	1	1	0	1	2000	2000
$1	185	2	1	0	4627	1.00	1890	23.04.01	09:53	1	01	1890	1890	00	10008232	0	0	0	0	0	0	0	0
$1	185	2	2	0	4630	1.00	2790	23.04.01	09:53	1	01	2790	2790	00	10008263	0	0	0	0	0	0	0	0
$4	185	2	1	0	0	20000	20000
$4	185	2	1	0	1	15320	15320
$1	185	3	1	0	1175	1.00	850	23.04.01	09:56	2	01	850	850	00	5909994308626	0	0	0	0	0	0	0	0
$4	185	3	1	0	0	1000	1000
$4	185	3	1	0	1	150	150
$1	185	4	1	0	2927	1.00	8990	23.04.01	10:10	1	01	8990	8990	00	36029273	0	0	0	0	0	0	0	0
