#1	COM255:1:STX6:1	5	2023.07.05	20:56	OPSpRoz4	WIN 13.32.2020	OPSPROZ4IN.txt	OPSPROZ4OUT.txt
#
#ELZAB Jota online 20000 PLU II gen. ver. 01 (identyfikator odczytany z urzadzenia i pliku ECRTBUF.TXT)
$1	260	9	1	0	4729	1.00	1150	23.07.04	15:09	2	01	1150	1150	00	10009529	0	0	0	0	0	0	0	0
$4	260	9	1	0	0	2150	2150
$4	260	9	1	0	1	1000	1000
$1	260	10	1	0	1719	1.00	4500	23.07.04	15:11	1	01	4500	4500	00	10002896	0	0	0	0	0	0	0	0
$4	260	10	1	0	0	5000	5000
$4	260	10	1	0	1	500	500
$1	260	11	1	0	2350	4.00	3160	23.07.04	15:30	1	01	3160	3160	00	15023506	0	0	0	0	0	0	0	0
$1	260	11	2	0	2383	1.00	2750	23.07.04	15:33	1	01	2750	2750	00	16023833	0	0	0	0	0	0	0	0
$4	260	11	2	0	0	5910	5910
$12	260	1	1	0	3484	1.00	2790	23.07.04	15:37	1	01	2790	2790	00	5903760201845	0	0	0	0	0	0	0	0
$12	260	1	2	0	0031	1.000	2500	23.07.04	15:37	1	01	2500	2500	00		0	0	0	0	0	0	0	0
$1	260	12	1	0	2328	1.00	900	23.07.04	16:18	2	01	900	900	00	5903246864359	0	0	0	0	0	0	0	0
$1	260	12	2	0	4039	1.00	850	23.07.04	16:18	2	01	850	850	00	10009468	0	0	0	0	0	0	0	0
$4	260	12	1	0	0	2000	2000
$4	260	12	1	0	1	250	250
$1	260	13	1	0	3251	1.00	1490	23.07.04	16:22	1	01	1490	1490	00	22032515	0	0	0	0	0	0	0	0
$1	260	13	2	0	0971	1.00	850	23.07.04	16:22	2	01	850	850	00	5009718	0	0	0	0	0	0	0	0
$4	260	13	2	0	0	2340	2340
$1	260	14	1	0	2638	1.00	4550	23.07.04	16:43	4	01	4550	4550	00	17026383	0	0	0	0	0	0	0	0
$1	260	14	2	0	4698	1.00	990	23.07.04	16:43	2	01	990	990	00	10008928	0	0	0	0	0	0	0	0
$4	260	14	2	0	0	5540	5540
$12	260	2	1	0	4639	1.00	4950	23.07.04	16:57	1	01	4950	4950	00	10008355	0	0	0	0	0	0	0	0
$1	260	15	1	0	4639	1.00	4950	23.07.04	16:59	1	01	4950	4950	00	10008355	0	0	0	0	0	0	0	0
$4	260	15	1	0	0	4950	4950
$14	01	23.07.05	09:53	4
$13	00	1	23.07.05	09:53	01	0	0	0	0	0	0	0	0	0	             
$1	261	1	1	0	2666	1.00	2550	23.07.05	09:57	2	01	2550	2550	00	5904960016215	0	0	0	0	0	0	0	0
$4	261	1	1	0	0	4000	4000
$4	261	1	1	0	1	1450	1450
$12	261	1	1	0	2013	1.00	5550	23.07.05	10:03	1	01	5550	5550	00	680275060857	0	0	0	0	0	0	0	0
$1	261	2	1	0	2707	1.00	2490	23.07.05	10:03	2	01	2490	2490	00	17027076	0	0	0	0	0	0	0	0
$1	261	2	2	0	3319	1.00	1990	23.07.05	10:03	2	01	1990	1990	00	22033192	0	0	0	0	0	0	0	0
$4	261	2	2	0	0	4480	4480
$1	261	3	1	0	1154	1.00	550	23.07.05	10:09	2	01	550	550	00	5909994312067	0	0	0	0	0	0	0	0
$1	261	3	2	0	1154	1.00	550	23.07.05	10:09	2	01	550	550	00	5909994312067	0	0	0	0	0	0	0	0
$1	261	3	3	0	1007	1.00	750	23.07.05	10:09	2	01	750	750	00	5907752643460	0	0	0	0	0	0	0	0
$1	261	3	4	0	1007	1.00	750	23.07.05	10:09	2	01	750	750	00	5907752643460	0	0	0	0	0	0	0	0
$1	261	3	5	0	1183	1.00	690	23.07.05	10:10	2	01	690	690	00	5909990628414	0	0	0	0	0	0	0	0
$1	261	3	6	0	1183	1.00	690	23.07.05	10:10	2	01	690	690	00	5909990628414	0	0	0	0	0	0	0	0
$1	261	3	7	0	1012	1.00	950	23.07.05	10:10	2	01	950	950	00	5909994310865	0	0	0	0	0	0	0	0
$1	261	3	8	0	1012	1.00	950	23.07.05	10:10	2	01	950	950	00	5909994310865	0	0	0	0	0	0	0	0
$1	261	3	9	0	1191	1.00	550	23.07.05	10:10	2	01	550	550	00	5909990628490	0	0	0	0	0	0	0	0
$1	261	3	10	0	1191	1.00	550	23.07.05	10:10	2	01	550	550	00	5909990628490	0	0	0	0	0	0	0	0
$1	261	3	11	0	2333	1.00	1490	23.07.05	10:10	2	01	1490	1490	00	10004302	0	0	0	0	0	0	0	0
$1	261	3	12	0	4577	1.00	1150	23.07.05	10:10	2	01	1150	1150	00	23405	0	0	0	0	0	0	0	0
$1	261	3	13	0	2584	1.00	3090	23.07.05	10:10	4	01	3090	3090	00	5904960016109	0	0	0	0	0	0	0	0
$1	261	3	14	0	4672	1.00	390	23.07.05	10:10	1	01	390	390	00	10008669	0	0	0	0	0	0	0	0
$4	261	3	2	0	0	13100	13100
$1	261	4	1	0	2053	1.00	2990	23.07.05	10:12	1	01	2990	2990	00	11020530	0	0	0	0	0	0	0	0
$4	261	4	2	0	0	2990	2990
$1	261	5	1	0	1115	1.00	650	23.07.05	10:12	2	01	650	650	00	5905279799615	0	0	0	0	0	0	0	0
$4	261	5	1	0	0	700	700
$4	261	5	1	0	1	050	050
$1	261	6	1	0	1054	1.00	550	23.07.05	10:33	4	01	550	550	00	5907752643873	0	0	0	0	0	0	0	0
$4	261	6	2	0	0	550	550
$1	261	7	1	0	1055	1.00	990	23.07.05	10:37	4	01	990	990	00	5010554	0	0	0	0	0	0	0	0
$1	261	7	2	0	1112	1.00	750	23.07.05	10:37	2	01	750	750	00	5906365702267	0	0	0	0	0	0	0	0
$1	261	7	3	0	1035	1.00	590	23.07.05	10:37	2	01	590	590	00	5909994310124	0	0	0	0	0	0	0	0
$1	261	7	4	0	0982	1.00	590	23.07.05	10:37	2	01	590	590	00	5907752643385	0	0	0	0	0	0	0	0
$1	261	7	5	0	1000	1.00	650	23.07.05	10:37	2	01	650	650	00	5906365702922	0	0	0	0	0	0	0	0
$1	261	7	6	0	4750	1.00	3890	23.07.05	10:38	1	01	3890	3890	00	10009703	0	0	0	0	0	0	0	0
$4	261	7	1	0	0	20000	20000
$4	261	7	1	0	1	12540	12540
$1	261	8	1	0	4089	1.00	3000	23.07.05	11:07	1	01	3000	3000	00	1040890	0	0	0	0	0	0	0	0
$4	261	8	2	0	0	3000	3000
$1	261	9	1	0	1605	1.00	1050	23.07.05	11:09	1	01	1050	1050	00	5907804205004	0	0	0	0	0	0	0	0
$4	261	9	1	0	0	1050	1050
$1	261	10	1	0	0359	1.00	990	23.07.05	11:41	1	01	990	990	00	5905279370104	0	0	0	0	0	0	0	0
$1	261	10	2	0	1133	1.00	1250	23.07.05	11:41	4	01	1250	1250	00	5011339	0	0	0	0	0	0	0	0
$1	261	10	3	0	0352	1.00	2750	23.07.05	11:41	1	01	2750	2750	00	5900168900196	0	0	0	0	0	0	0	0
$1	261	10	4	0	0544	1.00	1400	23.07.05	11:41	1	01	1400	1400	00	5902249011159	0	0	0	0	0	0	0	0
$1	261	10	5	0	4705	1.00	690	23.07.05	11:41	2	01	690	690	00	5901086067824	0	0	0	0	0	0	0	0
$1	261	10	6	0	4750	1.00	3890	23.07.05	11:41	1	01	3890	3890	00	10009703	0	0	0	0	0	0	0	0
$1	261	10	7	0	2739	1.00	2450	23.07.05	11:41	1	01	2450	2450	00	14027390	0	0	0	0	0	0	0	0
$1	261	10	8	0	4321	1.00	1890	23.07.05	11:42	2	01	1890	1890	00	5903246863215	0	0	0	0	0	0	0	0
$1	261	10	9	0	0066	2.000	2380	23.07.05	11:42	1	01	2380	2380	00		0	0	0	0	0	0	0	0
$4	261	10	1	0	0	20000	20000
$4	261	10	1	0	1	2310	2310
$1	261	11	1	0	1049	3.00	4200	23.07.05	11:48	4	01	4200	4200	00	5905279799110	0	0	0	0	0	0	0	0
$1	261	11	2	0	4674	1.00	3550	23.07.05	11:50	2	01	3550	3550	00	10008683	0	0	0	0	0	0	0	0
$1	261	11	3	0	3060	1.00	900	23.07.05	11:50	2	01	900	900	00	10003831	0	0	0	0	0	0	0	0
$4	261	11	1	0	0	10000	10000
$4	261	11	1	0	1	1350	1350
$1	261	12	1	0	0549	1.00	2700	23.07.05	11:52	1	01	2700	2700	00	5902249010350	0	0	0	0	0	0	0	0
$4	261	12	1	0	0	5000	5000
$4	261	12	1	0	1	2300	2300
$1	261	13	1	0	2596	1.00	1350	23.07.05	13:19	1	01	1350	1350	00	17025966	0	0	0	0	0	0	0	0
$4	261	13	2	0	0	1350	1350
$1	261	14	1	0	1816	1.00	2650	23.07.05	13:24	1	01	2650	2650	00	8018168	0	0	0	0	0	0	0	0
$1	261	14	2	0	1816	1.00	2650	23.07.05	13:24	1	01	2650	2650	00	8018168	0	0	0	0	0	0	0	0
$4	261	14	1	0	0	5300	5300
$1	261	15	1	0	2482	1.00	650	23.07.05	13:27	2	01	650	650	00	10009314	0	0	0	0	0	0	0	0
$4	261	15	1	0	0	650	650
$1	261	16	1	0	2053	1.00	2990	23.07.05	14:24	1	01	2990	2990	00	11020530	0	0	0	0	0	0	0	0
$4	261	16	2	0	0	2990	2990
$1	261	17	1	0	2024	1.00	2490	23.07.05	14:31	1	01	2490	2490	00	10020241	0	0	0	0	0	0	0	0
$1	261	17	2	0	0571	1.00	1400	23.07.05	14:31	1	01	1400	1400	00	5902249011142	0	0	0	0	0	0	0	0
$1	261	17	3	0	0297	1.00	1490	23.07.05	14:32	1	01	1490	2490	00	800307842750	0	0	0	0	0	0	0	1
$4	261	17	2	0	0	5380	5380
$1	261	18	1	0	0473	1.00	2600	23.07.05	15:10	1	01	2600	2600	00	5907502687317	0	0	0	0	0	0	0	0
$1	261	18	2	0	1817	1.00	2150	23.07.05	15:10	1	01	2150	2150	00	10004333	0	0	0	0	0	0	0	0
$1	261	18	3	0	1822	1.00	2650	23.07.05	15:10	1	01	2650	2650	00	8018229	0	0	0	0	0	0	0	0
$1	261	18	4	0	1818	1.00	3190	23.07.05	15:10	1	01	3190	3190	00	5711914123802	0	0	0	0	0	0	0	0
$1	261	18	5	0	4751	1.00	3450	23.07.05	15:11	1	01	3450	3450	00	5902249017496	0	0	0	0	0	0	0	0
$10	261	18	1	0	2053	1.00	2990	23.07.05	15:11	1	01	2990	2990	00	11020530	0	0	0	0	0	0	0	0
$1	261	18	6	0	3694	1.00	1650	23.07.05	15:12	1	01	1650	1650	00	14731	0	0	0	0	0	0	0	0
$1	261	18	7	0	2024	1.00	2490	23.07.05	15:15	1	01	2490	2490	00	10020241	0	0	0	0	0	0	0	0
$1	261	18	8	0	2743	1.00	4450	23.07.05	15:15	1	01	4450	4450	00	5711914163723	0	0	0	0	0	0	0	0
$4	261	18	2	0	0	22630	22630
$1	261	19	1	0	2327	1.00	990	23.07.05	15:17	2	01	990	990	00	10004005	0	0	0	0	0	0	0	0
$1	261	19	2	0	1820	1.00	2190	23.07.05	15:17	1	01	2190	2190	00	10004326	0	0	0	0	0	0	0	0
$4	261	19	2	0	0	3180	3180
$1	261	20	1	0	3153	1.00	1595	23.07.05	16:14	1	01	1595	2900	00	5902249015812	0	0	0	0	0	0	0	1
$1	261	20	2	0	0496	1.00	3600	23.07.05	16:14	1	01	3600	3600	00	5907502687430	0	0	0	0	0	0	0	0
$1	261	20	3	0	4746	1.00	4290	23.07.05	16:14	1	01	4290	4290	00	5902249017472	0	0	0	0	0	0	0	0
$1	261	20	4	0	3355	1.00	4700	23.07.05	16:14	1	01	4700	4700	00	8033550	0	0	0	0	0	0	0	0
$1	261	20	5	0	3355	1.00	4700	23.07.05	16:14	1	01	4700	4700	00	8033550	0	0	0	0	0	0	0	0
$1	261	20	6	0	4193	1.00	600	23.07.05	16:15	1	01	600	600	00	6224	0	0	0	0	0	0	0	0
$1	261	20	7	0	4190	1.00	600	23.07.05	16:15	1	01	600	600	00	6125	0	0	0	0	0	0	0	0
$1	261	20	8	0	2024	1.00	2490	23.07.05	16:15	1	01	2490	2490	00	10020241	0	0	0	0	0	0	0	0
$1	261	20	9	0	4752	1.00	4290	23.07.05	16:15	1	01	4290	4290	00	10009727	0	0	0	0	0	0	0	0
$4	261	20	2	0	0	26865	26865
$1	261	21	1	0	4520	1.00	4850	23.07.05	16:26	1	01	4850	4850	00	10000458	0	0	0	0	0	0	0	0
$1	261	21	2	0	4129	1.00	5890	23.07.05	16:26	1	01	5890	5890	00	10000526	0	0	0	0	0	0	0	0
$1	261	21	3	0	2750	1.00	5190	23.07.05	16:26	1	01	5190	5190	00	35027508	0	0	0	0	0	0	0	0
$4	261	21	2	0	0	15930	15930
$1	261	22	1	0	4628	1.00	1790	23.07.05	16:31	1	01	1790	1790	00	10008249	0	0	0	0	0	0	0	0
$1	261	22	2	0	3074	1.00	2150	23.07.05	16:31	1	01	2150	2150	00	5903760202453	0	0	0	0	0	0	0	0
$1	261	22	3	0	3484	1.00	2790	23.07.05	16:31	1	01	2790	2790	00	10004869	0	0	0	0	0	0	0	0
$4	261	22	2	0	0	6730	6730
$14	01	23.07.05	20:52	4
$13	00	1	23.07.05	20:52	01	0	0	0	0	0	0	0	0	0	             
