#1	COM255:1:STX6:1	5	2022.09.20	20:14	OPSpRoz4	WIN 13.32.2020	OPSPROZ4IN.txt	OPSPROZ4OUT.txt
#
#ELZAB Jota online 20000 PLU II gen. ver. 01 (identyfikator odczytany z urzadzenia i pliku ECRTBUF.TXT)
$1	39	1	1	0	1000	1.00	472	22.09.08	09:43	2	01	472	590	00	5906365702922	0	0	0	0	0	0	0	1
$4	39	1	1	0	0	472	472
$1	39	2	1	0	1356	1.00	3550	22.09.08	10:37	3	01	3550	3550	00	5902596671440	0	0	0	0	0	0	0	0
$1	39	2	2	0	2264	1.00	750	22.09.08	10:37	2	01	750	750	00	20022648	0	0	0	0	0	0	0	0
$1	39	2	3	0	3125	1.00	850	22.09.08	10:37	2	01	850	850	00	20031251	0	0	0	0	0	0	0	0
$4	39	2	1	0	0	5150	5150
$1	39	3	1	0	2759	1.00	2490	22.09.08	10:52	1	01	2490	2490	00	36027590	0	0	0	0	0	0	0	0
$1	39	3	2	0	1979	1.00	2690	22.09.08	10:52	1	01	2690	2690	00	9019799	0	0	0	0	0	0	0	0
$4	39	3	1	0	0	5180	5180
$1	39	4	1	0	3552	1.00	3450	22.09.08	12:06	1	01	3450	3450	00	8035523	0	0	0	0	0	0	0	0
$1	39	4	2	0	3866	1.00	400	22.09.08	12:07	1	01	400	400	00	26038667	0	0	0	0	0	0	0	0
$1	39	4	3	0	3202	1.00	290	22.09.08	12:07	1	01	290	290	00	21032028	0	0	0	0	0	0	0	0
$1	39	4	4	0	3202	1.00	290	22.09.08	12:07	1	01	290	290	00	21032028	0	0	0	0	0	0	0	0
$4	39	4	2	0	0	4430	4430
$12	39	1	1	0	2053	1.00	2550	22.09.08	12:16	1	01	2550	2550	00	11020530	0	0	0	0	0	0	0	0
$1	39	5	1	0	1093	1.00	700	22.09.08	12:21	2	01	700	700	00	5906365702212	0	0	0	0	0	0	0	0
$4	39	5	2	0	0	700	700
$1	39	6	1	0	2053	1.00	2550	22.09.08	12:55	1	01	2550	2550	00	11020530	0	0	0	0	0	0	0	0
$4	39	6	1	0	0	4000	4000
$4	39	6	1	0	1	1450	1450
$1	39	7	1	0	1055	2.00	1900	22.09.08	12:59	4	01	1900	1900	00	5010554	0	0	0	0	0	0	0	0
$4	39	7	2	0	0	1900	1900
$1	39	8	1	0	2350	2.00	1500	22.09.08	13:01	1	01	1500	1500	00	15023506	0	0	0	0	0	0	0	0
$4	39	8	2	0	0	1500	1500
$1	39	9	1	0	0685	1.00	3850	22.09.08	14:53	1	01	3850	3850	00	25591	0	0	0	0	0	0	0	0
$1	39	9	2	0	3399	1.00	3850	22.09.08	14:53	1	01	3850	3850	00	25744	0	0	0	0	0	0	0	0
$1	39	9	3	0	0027	1.000	3190	22.09.08	14:53	1	01	3190	3190	00		0	0	0	0	0	0	0	0
$1	39	9	4	0	0787	1.00	3350	22.09.08	14:54	1	01	3350	3350	00	3007877	0	0	0	0	0	0	0	0
$4	39	9	2	0	0	14240	14240
$1	39	10	1	0	1891	1.00	3050	22.09.08	15:28	1	01	3050	3050	00	25775	0	0	0	0	0	0	0	0
$1	39	10	2	0	3042	1.00	850	22.09.08	15:28	2	01	850	850	00	20030421	0	0	0	0	0	0	0	0
$4	39	10	1	0	0	5000	5000
$4	39	10	1	0	1	1100	1100
$10	39	11	1	0	2030	1.00	2690	22.09.08	15:45	1	01	2690	2690	00	10020302	0	0	0	0	0	0	0	0
$10	39	11	2	0	2053	2.00	5100	22.09.08	15:59	1	01	5100	5100	00	11020530	0	0	0	0	0	0	0	0
$1	39	11	1	0	2053	2.00	5100	22.09.08	16:00	1	01	5100	5100	00	11020530	0	0	0	0	0	0	0	0
$4	39	11	2	0	0	5100	5100
$1	39	12	1	0	0971	1.00	790	22.09.08	16:06	2	01	790	790	00	5009718	0	0	0	0	0	0	0	0
$1	39	12	2	0	1010	1.00	450	22.09.08	16:06	4	01	450	450	00	5906365702908	0	0	0	0	0	0	0	0
$1	39	12	3	0	2440	1.00	2890	22.09.08	16:06	1	01	2890	2890	00	16024403	0	0	0	0	0	0	0	0
$4	39	12	1	0	0	5000	5000
$4	39	12	1	0	1	870	870
$1	39	13	1	0	1093	1.00	700	22.09.08	16:20	2	01	700	700	00	5906365702212	0	0	0	0	0	0	0	0
$1	39	13	2	0	1098	1.00	890	22.09.08	16:20	2	01	890	890	00	5907752643347	0	0	0	0	0	0	0	0
$1	39	13	3	0	0995	1.00	2290	22.09.08	16:20	2	01	2290	2290	00	5906365702830	0	0	0	0	0	0	0	0
$1	39	13	4	0	1155	1.00	750	22.09.08	16:20	2	01	750	750	00	5909994309029	0	0	0	0	0	0	0	0
$1	39	13	5	0	1179	1.00	700	22.09.08	16:20	2	01	700	700	00	5909994309524	0	0	0	0	0	0	0	0
$1	39	13	6	0	1208	1.00	650	22.09.08	16:20	2	01	650	650	00	5909990312016	0	0	0	0	0	0	0	0
$1	39	13	7	0	1226	1.00	490	22.09.08	16:20	2	01	490	490	00	5909990219025	0	0	0	0	0	0	0	0
$1	39	13	8	0	1197	1.00	450	22.09.08	16:20	2	01	450	450	00	5909994309128	0	0	0	0	0	0	0	0
$1	39	13	9	0	1116	1.00	590	22.09.08	16:20	2	01	590	590	00	5906365702335	0	0	0	0	0	0	0	0
$1	39	13	10	0	1181	1.00	450	22.09.08	16:20	2	01	450	450	00	5909994310964	0	0	0	0	0	0	0	0
$4	39	13	1	0	0	7960	7960
$14	01	22.09.09	09:35	4
$13	00	1	22.09.09	09:35	01	0	0	0	0	0	0	0	0	0	             
$1	40	1	1	0	1097	4.00	1600	22.09.09	09:54	4	01	1600	1600	00	5909994310568	0	0	0	0	0	0	0	0
$1	40	1	2	0	2666	1.00	2550	22.09.09	09:55	2	01	2550	2550	00	17026666	0	0	0	0	0	0	0	0
$4	40	1	2	0	0	4150	4150
$1	40	2	1	0	3043	2.00	1400	22.09.09	11:10	2	01	1400	1400	00	20030438	0	0	0	0	0	0	0	0
$4	40	2	2	0	0	1400	1400
$10	40	3	1	0	2359	1.00	5950	22.09.09	11:21	1	01	5950	5950	00	5903760200374	0	0	0	0	0	0	0	0
$1	40	3	1	0	1491	1.00	2690	22.09.09	11:31	4	01	2690	2690	00	5907804205301	0	0	0	0	0	0	0	0
$1	40	3	2	0	3522	1.00	2490	22.09.09	11:31	1	01	2490	2490	00	710	0	0	0	0	0	0	0	0
$4	40	3	1	0	0	10000	10000
$4	40	3	1	0	1	4820	4820
$1	40	4	1	0	2666	1.00	2550	22.09.09	12:29	2	01	2550	2550	00	17026666	0	0	0	0	0	0	0	0
$1	40	4	2	0	2666	1.00	2550	22.09.09	12:30	2	01	2550	2550	00	17026666	0	0	0	0	0	0	0	0
$4	40	4	2	0	0	5100	5100
$1	40	5	1	0	2163	1.00	1650	22.09.09	12:48	1	01	1650	1650	00	5901887032915	0	0	0	0	0	0	0	0
$1	40	5	2	0	0881	1.00	5490	22.09.09	12:48	1	01	5490	5490	00	4008811	0	0	0	0	0	0	0	0
$1	40	5	3	0	4163	1.00	2200	22.09.09	12:48	1	01	2200	2200	00	10000960	0	0	0	0	0	0	0	0
$1	40	5	4	0	4158	2.00	1300	22.09.09	12:49	1	01	1300	1300	00	5905279070097	0	0	0	0	0	0	0	0
$1	40	5	5	0	4157	2.00	1300	22.09.09	12:49	1	01	1300	1300	00	5905279070073	0	0	0	0	0	0	0	0
$1	40	5	6	0	0789	1.00	11962	22.09.09	12:49	1	01	11962	15950	00	3007891	0	0	0	0	0	0	0	1
$4	40	5	2	0	0	23902	23902
$1	40	6	1	0	1234	1.00	750	22.09.09	12:52	2	01	750	750	00	5909990311910	0	0	0	0	0	0	0	0
$1	40	6	2	0	1230	1.00	450	22.09.09	12:53	2	01	450	450	00	5909994310766	0	0	0	0	0	0	0	0
$1	40	6	3	0	1170	1.00	490	22.09.09	12:53	2	01	490	490	00	5909994311565	0	0	0	0	0	0	0	0
$1	40	6	4	0	1179	1.00	700	22.09.09	12:53	2	01	700	700	00	5909994309524	0	0	0	0	0	0	0	0
$4	40	6	2	0	0	2390	2390
$1	40	7	1	0	0086	1.000	120	22.09.09	13:02	1	01	120	120	00		0	0	0	0	0	0	0	0
$4	40	7	1	0	0	120	120
$1	40	8	1	0	0026	1.000	2390	22.09.09	13:36	1	01	2390	2390	00		0	0	0	0	0	0	0	0
$4	40	8	2	0	0	2390	2390
$1	40	9	1	0	0472	2.00	2500	22.09.09	13:47	1	01	2500	2500	00	5907502687300	0	0	0	0	0	0	0	0
$4	40	9	1	0	0	3000	3000
$4	40	9	1	0	1	500	500
$1	40	10	1	0	0983	1.00	562	22.09.09	14:03	4	01	562	750	00	5009831	0	0	0	0	0	0	0	1
$4	40	10	1	0	0	562	562
$14	01	22.09.09	15:40	4
$13	00	1	22.09.09	15:40	01	0	0	0	0	0	0	0	0	0	             
$1	41	1	1	0	2350	2.00	1500	22.09.09	15:47	1	01	1500	1500	00	15023506	0	0	0	0	0	0	0	0
$4	41	1	1	0	0	1500	1500
$1	41	2	1	0	1128	1.00	1090	22.09.09	16:02	2	01	1090	1090	00	5905279799707	0	0	0	0	0	0	0	0
$4	41	2	1	0	0	1090	1090
$1	41	3	1	0	0976	1.00	1590	22.09.09	16:06	2	01	1590	1590	00	5905279799011	0	0	0	0	0	0	0	0
$1	41	3	2	0	1129	1.00	790	22.09.09	16:06	2	01	790	790	00	5011292	0	0	0	0	0	0	0	0
$1	41	3	3	0	1007	2.00	1380	22.09.09	16:06	2	01	1380	1380	00	5907752643460	0	0	0	0	0	0	0	0
$1	41	3	4	0	1040	1.00	450	22.09.09	16:06	2	01	450	450	00	5906365702847	0	0	0	0	0	0	0	0
$1	41	3	5	0	1887	1.00	490	22.09.09	16:06	4	01	490	490	00	5905279799721	0	0	0	0	0	0	0	0
$1	41	3	6	0	1165	1.00	490	22.09.09	16:06	2	01	490	490	00	5909994311169	0	0	0	0	0	0	0	0
$1	41	3	7	0	1202	1.00	650	22.09.09	16:07	2	01	650	650	00	5909994309326	0	0	0	0	0	0	0	0
$1	41	3	8	0	1082	1.00	490	22.09.09	16:07	2	01	490	490	00	5907752643392	0	0	0	0	0	0	0	0
$4	41	3	1	0	0	6330	6330
$1	41	4	1	0	0195	1.000	850	22.09.09	16:24	1	01	850	850	00		0	0	0	0	0	0	0	0
$4	41	4	2	0	0	850	850
$1	41	5	1	0	1133	1.00	1250	22.09.09	16:42	4	01	1250	1250	00	5011339	0	0	0	0	0	0	0	0
$4	41	5	1	0	0	1250	1250
$1	41	6	1	0	1711	1.00	5990	22.09.09	17:02	1	01	5990	5990	00	34017111	0	0	0	0	0	0	0	0
$1	41	6	2	0	0571	1.00	1290	22.09.09	17:02	1	01	1290	1290	00	5902249011142	0	0	0	0	0	0	0	0
$4	41	6	2	0	0	7280	7280
$14	01	22.09.10	09:27	4
$13	00	1	22.09.10	09:27	01	0	0	0	0	0	0	0	0	0	             
$1	42	1	1	0	1887	1.00	490	22.09.10	09:46	4	01	490	490	00	5905279799721	0	0	0	0	0	0	0	0
$1	42	1	2	0	1799	1.00	2590	22.09.10	09:46	1	01	2590	2590	00	8017994	0	0	0	0	0	0	0	0
$1	42	1	3	0	1800	1.00	2650	22.09.10	09:46	1	01	2650	2650	00	8018007	0	0	0	0	0	0	0	0
$1	42	1	4	0	0611	1.00	1290	22.09.10	09:51	1	01	1290	1290	00	5902249011173	0	0	0	0	0	0	0	0
$4	42	1	2	0	0	7020	7020
$1	42	2	1	0	0451	1.00	4250	22.09.10	09:57	1	01	4250	4250	00	5907502687102	0	0	0	0	0	0	0	0
$4	42	2	2	0	0	4250	4250
$1	42	3	1	0	3254	1.00	1190	22.09.10	10:46	1	01	1190	1190	00	22032546	0	0	0	0	0	0	0	0
$4	42	3	1	0	0	1190	1190
$1	42	4	1	0	2053	1.00	2550	22.09.10	10:47	1	01	2550	2550	00	11020530	0	0	0	0	0	0	0	0
$4	42	4	1	0	0	2550	2550
$1	42	5	1	0	1537	1.00	1750	22.09.10	10:48	4	01	1750	1750	00	5907804205035	0	0	0	0	0	0	0	0
$4	42	5	2	0	0	1750	1750
$1	42	6	1	0	1111	4.00	2200	22.09.10	11:19	2	01	2200	2200	00	5906365702304	0	0	0	0	0	0	0	0
$4	42	6	2	0	0	2200	2200
$1	42	7	1	0	3584	1.00	5390	22.09.10	11:39	4	01	5390	5390	00	19866	0	0	0	0	0	0	0	0
$1	42	7	2	0	1291	1.00	5450	22.09.10	11:39	3	01	5450	5450	00	6012915	0	0	0	0	0	0	0	0
$4	42	7	1	0	0	10840	10840
$1	42	8	1	0	3355	1.00	3990	22.09.10	11:47	1	01	3990	3990	00	8033550	0	0	0	0	0	0	0	0
$1	42	8	2	0	0501	1.00	2590	22.09.10	11:48	1	01	2590	2590	00	5907502687577	0	0	0	0	0	0	0	0
$4	42	8	2	0	0	6580	6580
$1	42	9	1	0	3134	1.00	2900	22.09.10	12:02	3	01	2900	2900	00	6013660	0	0	0	0	0	0	0	0
$4	42	9	1	0	0	4000	4000
$4	42	9	1	0	1	1100	1100
$1	42	10	1	0	0789	1.00	11962	22.09.10	12:23	1	01	11962	15950	00	3007891	0	0	0	0	0	0	0	1
$4	42	10	2	0	0	11962	11962
$1	42	11	1	0	3068	1.00	1100	22.09.10	13:01	4	01	1100	1100	00	20030681	0	0	0	0	0	0	0	0
$1	42	11	2	0	2434	1.00	2790	22.09.10	13:01	1	01	2790	2790	00	16024342	0	0	0	0	0	0	0	0
$4	42	11	1	0	0	4000	4000
$4	42	11	1	0	1	110	110
$1	42	12	1	0	2050	1.00	2550	22.09.10	13:14	1	01	2550	2550	00	11020509	0	0	0	0	0	0	0	0
$1	42	12	2	0	0794	1.00	1550	22.09.10	13:14	1	01	1550	1550	00	8691190070175	0	0	0	0	0	0	0	0
$4	42	12	1	0	0	4100	4100
$1	42	13	1	0	2053	2.00	5100	22.09.10	13:32	1	01	5100	5100	00	11020530	0	0	0	0	0	0	0	0
$4	42	13	1	0	0	6000	6000
$4	42	13	1	0	1	900	900
$1	42	14	1	0	2050	2.00	5100	22.09.10	13:34	1	01	5100	5100	00	11020509	0	0	0	0	0	0	0	0
$4	42	14	2	0	0	5100	5100
$1	42	15	1	0	0195	1.000	1690	22.09.10	13:35	1	01	1690	1690	00		0	0	0	0	0	0	0	0
$1	42	15	2	0	4020	1.00	3090	22.09.10	13:35	1	01	3090	3090	00	8691190375041	0	0	0	0	0	0	0	0
$1	42	15	3	0	2053	2.00	5100	22.09.10	13:35	1	01	5100	5100	00	11020530	0	0	0	0	0	0	0	0
$1	42	15	4	0	0225	1.000	890	22.09.10	13:36	1	01	890	890	00		0	0	0	0	0	0	0	0
$4	42	15	1	0	0	10770	10770
$14	01	22.09.13	09:28	4
$13	00	1	22.09.13	09:28	01	0	0	0	0	0	0	0	0	0	             
$1	43	1	1	0	0041	1.000	2000	22.09.13	09:33	1	01	2000	2000	00		0	0	0	0	0	0	0	0
$4	43	1	2	0	0	2000	2000
$1	43	2	1	0	0027	1.000	3690	22.09.13	09:49	1	01	3690	3690	00		0	0	0	0	0	0	0	0
$4	43	2	1	0	0	10000	10000
$4	43	2	1	0	1	6310	6310
$1	43	3	1	0	0633	1.00	4087	22.09.13	09:54	1	01	4087	5450	00	5902249011388	0	0	0	0	0	0	0	1
$1	43	3	2	0	0373	1.00	1790	22.09.13	09:54	1	01	1790	1790	00	1003734	0	0	0	0	0	0	0	0
$1	43	3	3	0	0371	1.00	1790	22.09.13	09:54	1	01	1790	1790	00	5906874565292	0	0	0	0	0	0	0	0
$4	43	3	1	0	0	10000	10000
$4	43	3	1	0	1	2333	2333
$10	43	4	1	0	1537	1.00	1750	22.09.13	10:05	4	01	1750	1750	00	5907804205035	0	0	0	0	0	0	0	0
$1	43	4	1	0	0093	1.000	1850	22.09.13	10:05	3	01	1850	1850	00		0	0	0	0	0	0	0	0
$1	43	4	2	0	0093	1.000	1850	22.09.13	10:06	3	01	1850	1850	00		0	0	0	0	0	0	0	0
$4	43	4	1	0	0	10000	10000
$4	43	4	1	0	1	6300	6300
$1	43	5	1	0	0195	1.000	1190	22.09.13	11:14	1	01	1190	1190	00		0	0	0	0	0	0	0	0
$4	43	5	1	0	0	1500	1500
$4	43	5	1	0	1	310	310
$1	43	6	1	0	2350	2.00	1500	22.09.13	11:53	1	01	1500	1500	00	15023506	0	0	0	0	0	0	0	0
$1	43	6	2	0	0628	1.00	690	22.09.13	11:54	1	01	690	690	00	5902249011326	0	0	0	0	0	0	0	0
$4	43	6	2	0	0	2190	2190
$1	43	7	1	0	4158	1.00	650	22.09.13	12:11	1	01	650	650	00	5905279070097	0	0	0	0	0	0	0	0
$1	43	7	2	0	1605	1.00	1050	22.09.13	12:11	1	01	1050	1050	00	5907804205004	0	0	0	0	0	0	0	0
$4	43	7	2	0	0	1700	1700
$1	43	8	1	0	1428	1.00	3990	22.09.13	12:23	1	01	3990	3990	00	24014281	0	0	0	0	0	0	0	0
$4	43	8	1	0	0	5000	5000
$4	43	8	1	0	1	1010	1010
$1	43	9	1	0	1503	1.00	2490	22.09.13	13:04	4	01	2490	2490	00	5907804205196	0	0	0	0	0	0	0	0
$4	43	9	1	0	0	2490	2490
$1	43	10	1	0	2053	2.00	5100	22.09.13	13:06	1	01	5100	5100	00	11020530	0	0	0	0	0	0	0	0
$4	43	10	1	0	0	5100	5100
$1	43	11	1	0	2350	1.00	750	22.09.13	13:47	1	01	750	750	00	15023506	0	0	0	0	0	0	0	0
$4	43	11	2	0	0	750	750
$1	43	12	1	0	0002	1.000	1350	22.09.13	13:52	1	01	1350	1350	00		0	0	0	0	0	0	0	0
$4	43	12	1	0	0	2000	2000
$4	43	12	1	0	1	650	650
$1	43	13	1	0	2163	1.00	1650	22.09.13	14:44	1	01	1650	1650	00	13021634	0	0	0	0	0	0	0	0
$4	43	13	1	0	0	2000	2000
$4	43	13	1	0	1	350	350
$1	43	14	1	0	0997	1.00	450	22.09.13	14:56	2	01	450	450	00	5906365702083	0	0	0	0	0	0	0	0
$1	43	14	2	0	1231	1.00	490	22.09.13	14:57	2	01	490	490	00	5909994310469	0	0	0	0	0	0	0	0
$4	43	14	1	0	0	1000	1000
$4	43	14	1	0	1	060	060
$1	43	15	1	0	2350	1.00	750	22.09.13	15:39	1	01	750	750	00	15023506	0	0	0	0	0	0	0	0
$1	43	15	2	0	2350	1.00	750	22.09.13	15:39	1	01	750	750	00	15023506	0	0	0	0	0	0	0	0
$4	43	15	2	0	0	1500	1500
$1	43	16	1	0	0952	2.00	900	22.09.13	15:45	4	01	900	900	00	5906365702472	0	0	0	0	0	0	0	0
$1	43	16	2	0	1043	1.00	1150	22.09.13	15:45	2	01	1150	1150	00	5905279799196	0	0	0	0	0	0	0	0
$1	43	16	3	0	0982	2.00	980	22.09.13	15:46	2	01	980	980	00	5907752643385	0	0	0	0	0	0	0	0
$1	43	16	4	0	2663	1.00	800	22.09.13	15:46	3	01	800	800	00	17026635	0	0	0	0	0	0	0	0
$1	43	16	5	0	0469	1.00	2490	22.09.13	15:47	1	01	2490	2490	00	5907502687294	0	0	0	0	0	0	0	0
$4	43	16	2	0	0	6320	6320
$1	43	17	1	0	1215	1.00	650	22.09.13	16:34	2	01	650	650	00	5909994311213	0	0	0	0	0	0	0	0
$1	43	17	2	0	1215	1.00	650	22.09.13	16:35	2	01	650	650	00	5909994311213	0	0	0	0	0	0	0	0
$4	43	17	1	0	0	1300	1300
$14	01	22.09.14	09:30	4
$13	00	1	22.09.14	09:30	01	0	0	0	0	0	0	0	0	0	             
$1	44	1	1	0	1327	1.00	2400	22.09.14	09:59	3	01	2400	2400	00	6013271	0	0	0	0	0	0	0	0
$1	44	1	2	0	4034	1.00	990	22.09.14	10:00	2	01	990	990	00	19903	0	0	0	0	0	0	0	0
$4	44	1	2	0	0	3390	3390
$1	44	2	1	0	0031	1.000	2000	22.09.14	10:03	1	01	2000	2000	00		0	0	0	0	0	0	0	0
$4	44	2	2	0	0	2000	2000
$1	44	3	1	0	2350	2.00	1500	22.09.14	11:23	1	01	1500	1500	00	15023506	0	0	0	0	0	0	0	0
$4	44	3	1	0	0	1500	1500
$1	44	4	1	0	1109	1.00	450	22.09.14	12:23	4	01	450	450	00	5905279799097	0	0	0	0	0	0	0	0
$4	44	4	1	0	0	450	450
$1	44	5	1	0	2350	2.00	1500	22.09.14	12:43	1	01	1500	1500	00	15023506	0	0	0	0	0	0	0	0
$4	44	5	1	0	0	1500	1500
$1	44	6	1	0	3083	1.00	690	22.09.14	15:47	2	01	690	690	00	20030926	0	0	0	0	0	0	0	0
$4	44	6	1	0	0	690	690
$1	44	7	1	0	3685	1.00	3690	22.09.14	17:27	1	01	3690	3690	00	25966	0	0	0	0	0	0	0	0
$1	44	7	2	0	3665	1.00	3690	22.09.14	17:27	1	01	3690	3690	00	25676	0	0	0	0	0	0	0	0
$1	44	7	3	0	2350	1.00	750	22.09.14	17:27	1	01	750	750	00	15023506	0	0	0	0	0	0	0	0
$4	44	7	2	0	0	8130	8130
$14	01	22.09.15	09:29	4
$13	00	1	22.09.15	09:29	01	0	0	0	0	0	0	0	0	0	             
$1	45	1	1	0	0244	1.000	940	22.09.15	10:26	1	01	940	940	00		0	0	0	0	0	0	0	0
$1	45	1	2	0	0760	1.00	4090	22.09.15	10:26	1	01	4090	4090	00	3007600	0	0	0	0	0	0	0	0
$1	45	1	3	0	0041	1.000	6350	22.09.15	10:26	1	01	6350	6350	00		0	0	0	0	0	0	0	0
$4	45	1	2	0	0	11380	11380
$1	45	2	1	0	0789	1.00	11962	22.09.15	10:29	1	01	11962	15950	00	3007891	0	0	0	0	0	0	0	1
$4	45	2	2	0	0	11962	11962
$1	45	3	1	0	1017	1.00	550	22.09.15	10:30	2	01	550	550	00	5907752643361	0	0	0	0	0	0	0	0
$4	45	3	2	0	0	550	550
$1	45	4	1	0	2350	3.00	2250	22.09.15	11:30	1	01	2250	2250	00	15023506	0	0	0	0	0	0	0	0
$4	45	4	2	0	0	2250	2250
$1	45	5	1	0	1215	1.00	650	22.09.15	11:47	2	01	650	650	00	5909994311213	0	0	0	0	0	0	0	0
$4	45	5	2	0	0	650	650
$12	45	1	1	0	0594	1.00	2690	22.09.15	11:59	1	01	2690	2690	00	5902249010909	0	0	0	0	0	0	0	0
$12	45	1	2	0	0588	1.00	1880	22.09.15	12:00	1	01	1880	2350	00	5907502687935	0	0	0	0	0	0	0	1
$12	45	1	3	0	0594	1.00	2152	22.09.15	12:00	1	01	2152	2690	00	5902249010909	0	0	0	0	0	0	0	1
$12	45	1	4	0	2055	1.00	4520	22.09.15	12:01	1	01	4520	5650	00	11020554	0	0	0	0	0	0	0	1
$12	45	1	5	0	2053	1.00	2550	22.09.15	12:01	1	01	2550	2550	00	11020530	0	0	0	0	0	0	0	0
$1	45	6	1	0	3113	1.00	850	22.09.15	12:02	2	01	850	850	00	20031138	0	0	0	0	0	0	0	0
$4	45	6	1	0	0	5000	5000
$4	45	6	1	0	1	4150	4150
$1	45	7	1	0	2053	2.00	5100	22.09.15	12:03	1	01	5100	5100	00	11020530	0	0	0	0	0	0	0	0
$1	45	7	2	0	0594	1.00	2690	22.09.15	12:03	1	01	2690	2690	00	5902249010909	0	0	0	0	0	0	0	0
$1	45	7	3	0	0588	1.00	2350	22.09.15	12:03	1	01	2350	2350	00	5907502687935	0	0	0	0	0	0	0	0
$4	45	7	1	0	0	10140	10140
$1	45	8	1	0	1162	1.00	450	22.09.15	12:42	2	01	450	450	00	5909994311763	0	0	0	0	0	0	0	0
$1	45	8	2	0	1008	1.00	450	22.09.15	12:42	2	01	450	450	00	5909994311367	0	0	0	0	0	0	0	0
$1	45	8	3	0	1031	1.00	1300	22.09.15	12:42	4	01	1300	1300	00	5905279799639	0	0	0	0	0	0	0	0
$1	45	8	4	0	1192	1.00	800	22.09.15	12:42	2	01	800	800	00	5909990219322	0	0	0	0	0	0	0	0
$4	45	8	1	0	0	3000	3000
$1	45	9	1	0	0195	3.000	1650	22.09.15	13:17	1	01	1650	1650	00		0	0	0	0	0	0	0	0
$1	45	9	2	0	1461	1.00	2850	22.09.15	13:17	1	01	2850	2850	00	34014615	0	0	0	0	0	0	0	0
$1	45	9	3	0	2350	1.00	750	22.09.15	13:17	1	01	750	750	00	15023506	0	0	0	0	0	0	0	0
$4	45	9	2	0	0	5250	5250
$1	45	10	1	0	0525	1.00	3650	22.09.15	13:52	1	01	3650	3650	00	5907502687676	0	0	0	0	0	0	0	0
$1	45	10	2	0	2053	1.00	2550	22.09.15	13:52	1	01	2550	2550	00	11020530	0	0	0	0	0	0	0	0
$4	45	10	2	0	0	6200	6200
$1	45	11	1	0	1402	1.00	2992	22.09.15	14:09	1	01	2992	3990	00	6014025	0	0	0	0	0	0	0	1
$4	45	11	1	0	0	2992	2992
$1	45	12	1	0	2705	2.00	3580	22.09.15	14:17	2	01	3580	3580	00	17027052	0	0	0	0	0	0	0	0
$1	45	12	2	0	2702	2.00	3180	22.09.15	14:17	3	01	3180	3180	00	17027021	0	0	0	0	0	0	0	0
$1	45	12	3	0	4165	1.00	2400	22.09.15	14:17	3	01	2400	2400	00	6012847	0	0	0	0	0	0	0	0
$1	45	12	4	0	1233	5.00	3500	22.09.15	14:18	2	01	3500	3500	00	5909990628223	0	0	0	0	0	0	0	0
$1	45	12	5	0	1154	4.00	2200	22.09.15	14:18	2	01	2200	2200	00	5909994312067	0	0	0	0	0	0	0	0
$4	45	12	2	0	0	14860	14860
$1	45	13	1	0	1845	1.00	2790	22.09.15	14:27	1	01	2790	2790	00	8018458	0	0	0	0	0	0	0	0
$1	45	13	2	0	0789	1.00	11962	22.09.15	14:27	1	01	11962	15950	00	3007891	0	0	0	0	0	0	0	1
$4	45	13	1	0	0	14752	14752
$14	01	22.09.16	09:30	4
$13	00	1	22.09.16	09:30	01	0	0	0	0	0	0	0	0	0	             
$1	46	1	1	0	0373	1.00	1790	22.09.16	09:33	1	01	1790	1790	00	5906874565285	0	0	0	0	0	0	0	0
$4	46	1	2	0	0	1790	1790
$1	46	2	1	0	2702	1.00	1590	22.09.16	09:48	3	01	1590	1590	00	17027021	0	0	0	0	0	0	0	0
$4	46	2	1	0	0	1590	1590
$1	46	3	1	0	0195	1.000	550	22.09.16	09:59	1	01	550	550	00		0	0	0	0	0	0	0	0
$4	46	3	1	0	0	550	550
$1	46	4	1	0	3519	1.00	4590	22.09.16	10:05	1	01	4590	4590	00	10000045	0	0	0	0	0	0	0	0
$1	46	4	2	0	2010	1.00	3190	22.09.16	10:05	2	01	3190	3190	00	9020108	0	0	0	0	0	0	0	0
$1	46	4	3	0	0225	1.000	200	22.09.16	10:13	1	01	200	200	00		0	0	0	0	0	0	0	0
$4	46	4	1	0	0	10000	10000
$4	46	4	1	0	1	2020	2020
$1	46	5	1	0	3907	1.00	8650	22.09.16	10:16	1	01	8650	8650	00	28039075	0	0	0	0	0	0	0	0
$1	46	5	2	0	1133	1.00	1250	22.09.16	10:16	4	01	1250	1250	00	5011339	0	0	0	0	0	0	0	0
$4	46	5	2	0	0	9900	9900
$1	46	6	1	0	1881	1.00	4950	22.09.16	11:09	1	01	4950	4950	00	5711914172794	0	0	0	0	0	0	0	0
$4	46	6	2	0	0	4950	4950
$1	46	7	1	0	2053	1.00	2550	22.09.16	14:51	1	01	2550	2550	00	11020530	0	0	0	0	0	0	0	0
$4	46	7	1	0	0	5000	5000
$4	46	7	1	0	1	2450	2450
$1	46	8	1	0	3121	1.00	1190	22.09.16	15:01	3	01	1190	1190	00	20031213	0	0	0	0	0	0	0	0
$1	46	8	2	0	1534	1.00	1250	22.09.16	15:01	1	01	1250	1250	00	5906660810421	0	0	0	0	0	0	0	0
$4	46	8	1	0	0	2440	2440
$1	46	9	1	0	0733	1.00	11662	22.09.16	15:24	1	01	11662	15550	00	3007334	0	0	0	0	0	0	0	1
$1	46	9	2	0	0727	1.00	7990	22.09.16	15:25	1	01	7990	7990	00	3007273	0	0	0	0	0	0	0	0
$4	46	9	1	0	0	20000	20000
$4	46	9	1	0	1	348	348
$1	46	10	1	0	2711	1.00	1790	22.09.16	15:47	2	01	1790	1790	00	17027113	0	0	0	0	0	0	0	0
$1	46	10	2	0	1503	1.00	2490	22.09.16	15:47	4	01	2490	2490	00	5907804205196	0	0	0	0	0	0	0	0
$1	46	10	3	0	3059	1.00	650	22.09.16	15:47	2	01	650	650	00	20030599	0	0	0	0	0	0	0	0
$4	46	10	2	0	0	4930	4930
$1	46	11	1	0	3901	1.00	950	22.09.16	15:53	1	01	950	950	00	28039013	0	0	0	0	0	0	0	0
$1	46	11	2	0	2053	1.00	2550	22.09.16	15:54	1	01	2550	2550	00	11020530	0	0	0	0	0	0	0	0
$1	46	11	3	0	0508	1.00	2190	22.09.16	15:55	1	01	2190	2190	00	5902249010459	0	0	0	0	0	0	0	0
$1	46	11	4	0	0195	1.000	350	22.09.16	15:55	1	01	350	350	00		0	0	0	0	0	0	0	0
$4	46	11	2	0	0	6040	6040
$1	46	12	1	0	0048	1.000	2850	22.09.16	16:23	1	01	2850	2850	00		0	0	0	0	0	0	0	0
$4	46	12	1	0	0	5000	5000
$4	46	12	1	0	1	2150	2150
$1	46	13	1	0	2350	2.00	1500	22.09.16	16:34	1	01	1500	1500	00	15023506	0	0	0	0	0	0	0	0
$4	46	13	1	0	0	1500	1500
$1	46	14	1	0	0304	1.00	2190	22.09.16	16:36	1	01	2190	2190	00	5900168908451	0	0	0	0	0	0	0	0
$4	46	14	2	0	0	2190	2190
$1	46	15	1	0	2053	1.00	2550	22.09.16	16:44	1	01	2550	2550	00	11020530	0	0	0	0	0	0	0	0
$1	46	15	2	0	2053	1.00	2550	22.09.16	16:44	1	01	2550	2550	00	11020530	0	0	0	0	0	0	0	0
$1	46	15	3	0	2053	1.00	2550	22.09.16	16:44	1	01	2550	2550	00	11020530	0	0	0	0	0	0	0	0
$4	46	15	2	0	0	7650	7650
$1	46	16	1	0	2024	1.00	1990	22.09.16	16:46	1	01	1990	2490	00	10020241	0	0	0	0	0	0	0	1
$1	46	16	2	0	2024	1.00	1990	22.09.16	16:46	1	01	1990	2490	00	10020241	0	0	0	0	0	0	0	1
$1	46	16	3	0	2024	1.00	1990	22.09.16	16:46	1	01	1990	2490	00	10020241	0	0	0	0	0	0	0	1
$1	46	16	4	0	0297	1.00	2000	22.09.16	16:46	1	01	2000	2000	00	185	0	0	0	0	0	0	0	0
$4	46	16	1	0	0	10000	10000
$4	46	16	1	0	1	2030	2030
$1	46	17	1	0	0297	1.00	2000	22.09.16	18:10	1	01	2000	2000	00	185	0	0	0	0	0	0	0	0
$1	46	17	2	0	4191	1.00	550	22.09.16	18:10	1	01	550	550	00	8691190643300	0	0	0	0	0	0	0	0
$4	46	17	1	0	0	2550	2550
$14	01	22.09.17	09:28	4
$13	00	1	22.09.17	09:28	01	0	0	0	0	0	0	0	0	0	             
$1	47	1	1	0	1203	1.00	590	22.09.17	09:46	2	01	590	590	00	5909990219612	0	0	0	0	0	0	0	0
$4	47	1	2	0	0	590	590
$1	47	2	1	0	4200	2.00	780	22.09.17	10:15	1	01	780	780	00	8691190801021	0	0	0	0	0	0	0	0
$4	47	2	1	0	0	2000	2000
$4	47	2	1	0	1	1220	1220
$1	47	3	1	0	1289	1.00	2390	22.09.17	10:30	3	01	2390	2390	00	6012892	0	0	0	0	0	0	0	0
$4	47	3	2	0	0	2390	2390
$1	47	4	1	0	3024	1.00	367	22.09.17	10:37	2	01	367	490	00	20030247	0	0	0	0	0	0	0	1
$4	47	4	1	0	0	367	367
$1	47	5	1	0	1564	1.00	5950	22.09.17	10:40	4	01	5950	5950	00	5907804205783	0	0	0	0	0	0	0	0
$4	47	5	1	0	0	10000	10000
$4	47	5	1	0	1	4050	4050
$1	47	6	1	0	2648	1.00	1790	22.09.17	10:46	2	01	1790	1790	00	17026482	0	0	0	0	0	0	0	0
$4	47	6	2	0	0	1790	1790
$1	47	7	1	0	0982	1.00	490	22.09.17	10:56	2	01	490	490	00	5907752643385	0	0	0	0	0	0	0	0
$1	47	7	2	0	1040	1.00	450	22.09.17	10:56	2	01	450	450	00	5906365702847	0	0	0	0	0	0	0	0
$1	47	7	3	0	3327	1.00	950	22.09.17	10:56	4	01	950	950	00	22033277	0	0	0	0	0	0	0	0
$1	47	7	4	0	2350	2.00	1500	22.09.17	10:56	1	01	1500	1500	00	15023506	0	0	0	0	0	0	0	0
$4	47	7	2	0	0	3390	3390
$1	47	8	1	0	2648	2.00	3580	22.09.17	10:57	2	01	3580	3580	00	17026482	0	0	0	0	0	0	0	0
$1	47	8	2	0	2548	1.00	1290	22.09.17	10:57	2	01	1290	1290	00	17025485	0	0	0	0	0	0	0	0
$4	47	8	1	0	0	10000	10000
$4	47	8	1	0	1	5130	5130
$1	47	9	1	0	1039	1.00	590	22.09.17	11:00	2	01	590	590	00	5906365702823	0	0	0	0	0	0	0	0
$4	47	9	1	0	0	2000	2000
$4	47	9	1	0	1	1410	1410
$1	47	10	1	0	2053	1.00	2550	22.09.17	11:11	1	01	2550	2550	00	11020530	0	0	0	0	0	0	0	0
$4	47	10	1	0	0	2550	2550
$1	47	11	1	0	0993	1.00	367	22.09.17	11:19	2	01	367	490	00	5906365702991	0	0	0	0	0	0	0	1
$4	47	11	1	0	0	367	367
$1	47	12	1	0	1232	1.00	450	22.09.17	11:40	2	01	450	450	00	5909990219520	0	0	0	0	0	0	0	0
$4	47	12	2	0	0	450	450
$1	47	13	1	0	2485	1.00	1850	22.09.17	12:28	1	01	1850	1850	00	5903760202446	0	0	0	0	0	0	0	0
$4	47	13	2	0	0	1850	1850
$1	47	14	1	0	1248	2.00	2180	22.09.17	13:04	2	01	2180	2180	00	5909990628254	0	0	0	0	0	0	0	0
$1	47	14	2	0	1107	1.00	450	22.09.17	13:05	2	01	450	450	00	5909994311466	0	0	0	0	0	0	0	0
$1	47	14	3	0	1233	1.00	700	22.09.17	13:05	2	01	700	700	00	5909990628223	0	0	0	0	0	0	0	0
$4	47	14	1	0	0	10000	10000
$4	47	14	1	0	1	6670	6670
$1	47	15	1	0	2053	2.00	5100	22.09.17	13:08	1	01	5100	5100	00	11020530	0	0	0	0	0	0	0	0
$1	47	15	2	0	0794	1.00	1550	22.09.17	13:08	1	01	1550	1550	00	8691190070175	0	0	0	0	0	0	0	0
$1	47	15	3	0	1721	1.00	6350	22.09.17	13:08	1	01	6350	6350	00	8017215	0	0	0	0	0	0	0	0
$1	47	15	4	0	4127	1.00	3750	22.09.17	13:08	1	01	3750	3750	00	10000588	0	0	0	0	0	0	0	0
$4	47	15	2	0	0	16750	16750
$14	01	22.09.20	09:28	4
$13	00	1	22.09.20	09:28	01	0	0	0	0	0	0	0	0	0	             
$10	48	1	1	0	2596	1.00	1050	22.09.20	10:08	2	01	1050	1050	00	17025966	0	0	0	0	0	0	0	0
$1	48	1	1	0	2596	1.00	1050	22.09.20	10:09	2	01	1050	1050	00	17025966	0	0	0	0	0	0	0	0
$4	48	1	2	0	0	1050	1050
$1	48	2	1	0	1000	1.00	590	22.09.20	11:44	2	01	590	590	00	5906365702922	0	0	0	0	0	0	0	0
$1	48	2	2	0	1107	1.00	450	22.09.20	11:44	2	01	450	450	00	5909994311466	0	0	0	0	0	0	0	0
$4	48	2	1	0	0	1040	1040
$1	48	3	1	0	2432	1.00	2850	22.09.20	11:48	1	01	2850	2850	00	16024328	0	0	0	0	0	0	0	0
$4	48	3	2	0	0	2850	2850
$1	48	4	1	0	1221	1.00	1350	22.09.20	11:54	2	01	1350	1350	00	5012213	0	0	0	0	0	0	0	0
$1	48	4	2	0	1164	1.00	650	22.09.20	11:54	2	01	650	650	00	5011643	0	0	0	0	0	0	0	0
$4	48	4	1	0	0	2000	2000
$1	48	5	1	0	0002	1.000	2990	22.09.20	11:57	1	01	2990	2990	00		0	0	0	0	0	0	0	0
$1	48	5	2	0	4106	1.00	5390	22.09.20	11:57	1	01	5390	5390	00	10000274	0	0	0	0	0	0	0	0
$1	48	5	3	0	0225	1.000	200	22.09.20	12:02	1	01	200	200	00		0	0	0	0	0	0	0	0
$4	48	5	1	0	0	10000	10000
$4	48	5	1	0	1	1420	1420
$1	48	6	1	0	1186	1.00	550	22.09.20	12:29	2	01	550	1100	00	5909994310810	0	0	0	0	0	0	0	1
$4	48	6	1	0	0	550	550
$1	48	7	1	0	2053	1.00	2550	22.09.20	13:32	1	01	2550	2550	00	11020530	0	0	0	0	0	0	0	0
$1	48	7	2	0	3110	1.00	2750	22.09.20	13:35	3	01	2750	2750	00	6013073	0	0	0	0	0	0	0	0
$4	48	7	1	0	0	10000	10000
$4	48	7	1	0	1	4700	4700
$1	48	8	1	0	3254	1.00	1190	22.09.20	13:37	1	01	1190	1190	00	22032546	0	0	0	0	0	0	0	0
$1	48	8	2	0	2350	1.00	750	22.09.20	13:37	1	01	750	750	00	15023506	0	0	0	0	0	0	0	0
$4	48	8	2	0	0	1940	1940
$1	48	9	1	0	1356	1.00	3195	22.09.20	13:49	3	01	3195	3550	00	6013561	0	0	0	0	0	0	0	1
$1	48	9	2	0	1362	1.00	1550	22.09.20	13:50	3	01	1550	1550	00	6013622	0	0	0	0	0	0	0	0
$1	48	9	3	0	2665	1.00	1250	22.09.20	13:50	4	01	1250	1250	00	17026659	0	0	0	0	0	0	0	0
$1	48	9	4	0	4034	1.00	990	22.09.20	13:50	2	01	990	990	00	5905279799776	0	0	0	0	0	0	0	0
$1	48	9	5	0	1122	1.00	1100	22.09.20	13:50	4	01	1100	1100	00	5011223	0	0	0	0	0	0	0	0
$1	48	9	6	0	0956	1.00	900	22.09.20	13:50	4	01	900	900	00	5009565	0	0	0	0	0	0	0	0
$1	48	9	7	0	1225	1.00	590	22.09.20	13:50	2	01	590	590	00	5909990628667	0	0	0	0	0	0	0	0
$1	48	9	8	0	1181	1.00	450	22.09.20	13:50	2	01	450	450	00	5909994310964	0	0	0	0	0	0	0	0
$1	48	9	9	0	0989	1.00	490	22.09.20	13:50	4	01	490	490	00	5905279799486	0	0	0	0	0	0	0	0
$1	48	9	10	0	3131	1.00	850	22.09.20	13:50	2	01	850	850	00	20031312	0	0	0	0	0	0	0	0
$1	48	9	11	0	1039	1.00	590	22.09.20	13:51	2	01	590	590	00	5906365702823	0	0	0	0	0	0	0	0
$1	48	9	12	0	1169	1.00	295	22.09.20	13:52	2	01	295	590	00	5909994311510	0	0	0	0	0	0	0	1
$4	48	9	1	0	0	12250	12250
$1	48	10	1	0	1011	1.00	550	22.09.20	14:09	2	01	550	550	00	5906365702755	0	0	0	0	0	0	0	0
$1	48	10	2	0	1010	1.00	450	22.09.20	14:09	4	01	450	450	00	5906365702908	0	0	0	0	0	0	0	0
$4	48	10	2	0	0	1000	1000
$1	48	11	1	0	3114	1.00	750	22.09.20	14:11	2	01	750	750	00	20031145	0	0	0	0	0	0	0	0
$4	48	11	1	0	0	750	750
$1	48	12	1	0	3670	1.00	3750	22.09.20	14:33	1	01	3750	3750	00	25782	0	0	0	0	0	0	0	0
$1	48	12	2	0	1993	1.00	3950	22.09.20	14:36	1	01	3950	3950	00	9019935	0	0	0	0	0	0	0	0
$1	48	12	3	0	3136	1.00	2190	22.09.20	14:36	2	01	2190	2190	00	20031367	0	0	0	0	0	0	0	0
$4	48	12	1	0	0	10000	10000
$4	48	12	1	0	1	110	110
$1	48	13	1	0	0989	1.00	490	22.09.20	14:44	4	01	490	490	00	5905279799486	0	0	0	0	0	0	0	0
$4	48	13	1	0	0	490	490
$1	48	14	1	0	3906	1.00	3950	22.09.20	15:56	1	01	3950	3950	00	28039068	0	0	0	0	0	0	0	0
$4	48	14	2	0	0	3950	3950
$1	48	15	1	0	0471	1.00	3400	22.09.20	16:42	1	01	3400	3400	00	5907502687270	0	0	0	0	0	0	0	0
$4	48	15	1	0	0	3400	3400
$1	48	16	1	0	3210	1.00	1950	22.09.20	16:46	1	01	1950	1950	00	6412600806700	0	0	0	0	0	0	0	0
$4	48	16	1	0	0	2000	2000
$4	48	16	1	0	1	050	050
