#1
#1
#1
$4132	Peeling R¢¾a i Baobab ciaˆa z cuk 	1	1	2	1	0	5906660352020	5890	0
$4130	Peeling Sˆona Law z sol¥ morsk¥ i 	1	1	2	1	0	5906660352303	5890	0
$3495	911 D 42 1 Kubek                  	1	1	2	1	0	5907155486107	5590	0
$1264	911 D 42 2 Kubek                  	1	1	2	1	0	5907155486114	5550	0
$3217	11211117/D.8/1 Fili¾anka Ze Spod  	1	1	2	1	0	5907156543779	6450	0
$3266	Normalizuj¥cy Szampon do wˆos¢w w 	1	1	2	1	0	5903641980623	4190	0
$3919	Mydˆo Pokrz z olejkami eter drzew 	1	1	2	1	0	5903641980692	2490	0
$688	911 DU 205 3 Kubek                	1	1	2	1	0	5907156571901	6690	0
$810	775 D 42 1 Fili¾anka              	1	1	2	1	0	5907154642801	3890	0
$813	836 D 42 1 Spodek                 	1	1	2	1	0	5907154568682	3290	0
$824	971A A 166A 1 Miska               	1	1	2	1	0	5907156186259	7150	0
$825	971A D 42 1 Miska                 	1	1	2	1	0	5907156187553	5950	0
$3496	814 D 42 1 Talerz                 	1	1	2	1	0	5907155478812	4190	0
$3497	836 D 8 1 Spodek                  	1	1	2	1	0	5907154568705	3290	0
$679	1599 D 42 1 Kubek                 	1	1	2	1	0	5907154896303	5250	0
$4120	Mydˆo Dziewanna i Rokitnik z olej 	1	1	2	1	0	5903641981941	2490	0
$4125	Detoksykuj¥cy szampon do wˆos¢w w 	1	1	2	1	0	5903641981767	4190	0
$4267	1379 D 1311A 1 Fili¾anka          	1	1	2	1	0	5907158105494	4990	0
$4268	1382S1377G D 1311A 2 Maselnica    	1	1	2	1	0	5907157937348	7850	0
$4269	203 D 42 2 Kieliszek Jajecznik    	1	1	2	1	0	5907154090190	3250	0
$4270	203 D 8 2 Kieliszek Jajecznik     	1	1	2	1	0	5907155478447	3250	0
$4271	596S596P D 42 2 Czajnik z Pokryw¥ 	1	1	2	1	0	5907155478621	13490	0
$4272	775 D 41 1 Fili¾anka              	1	1	2	1	0	5907155219842	3690	0
$4273	775 D 41 2 Fili¾anka              	1	1	2	1	0	5907155219859	3690	0
$4274	775 D 8 1 Fili¾anka               	1	1	2	1	0	5907154810392	3850	0
$4275	775 D 8 2 Fili¾anka               	1	1	2	1	0	5907154810408	3890	0
$4276	814 D 41 2 Talerz                 	1	1	2	1	0	5907155478904	3990	0
$4277	836 D 8 2 Spodek                  	1	1	2	1	0	5907154568712	3250	0
$4278	883S D 41 1 Spodek                	1	1	2	1	0	5907156183500	3250	0
$4279	1001 D 42 1 Talerz                	1	1	2	1	0	5907154090367	6990	0
$4280	1152A A 166A 2 Miska              	1	1	2	1	0	5907156183630	9390	0
$4281	1152A D 42 2 Miska                	1	1	2	1	0	5907156188017	8750	0
$4282	1837A D 42 1 Miska                	1	1	2	1	0	5907156204663	6190	0
$4283	848A D 42 1 Miska                 	1	1	2	1	0	5907156183685	7590	0
$4284	1151A D 41 3 Miska                	1	1	2	1	0	5907156254385	5650	0
$4285	1152A D 42 3 Miska                	1	1	2	1	0	5907156188024	6650	0
$4286	1193 DU 155 3 Kubek               	1	1	2	1	0	5907157719258	5650	0
$4287	1194 D 120 3 Kubek                	1	1	2	1	0	5907156328963	4250	0
$4288	1259A D 487 3 Talerz              	1	1	2	1	0	5907156608560	8590	0
$4289	1379 A 243A 3 Fili¾anka           	1	1	2	1	0	5907157571962	5390	0
$4290	1452 DU 205 3 Kubek               	1	1	2	1	0	5907157407728	5990	0
$4291	1473 D 962 3 Kubek                	1	1	2	1	0	5907158124686	4350	0
$4292	1877 A 925A 3 Kubek               	1	1	2	1	0	5907157445041	4850	0
$4293	2101 D 467 3 Talerz Kwadratowy Du¾	1	1	2	1	0	5907157958909	10450	0
$4294	370A D 467 3 P¢ˆmisek             	1	1	2	1	0	5907157806378	9990	0
$4295	596S596P D 1044 3 Czajnik z Pokryw	1	1	2	1	0	5907156361298	11450	0
$4296	596S596P D 56 3 Czajnik z Pokryw¥ 	1	1	2	1	0	5907156198436	11450	0
$4297	742S1124G D 42 3 Baba Do Sera     	1	1	2	1	0	5907156661305	5850	0
$4298	814 D 8 3 Talerz                  	1	1	2	1	0	5907156140985	3700	0
$4299	872 A 1073A 3 Kubek               	1	1	2	1	0	5907156310166	4290	0
$4300	884S884P D 487 2 Imbryk Z Pokryw¥ 	1	1	2	1	0	5907157357481	11890	0
$4301	910 D 1044 3 Kubek                	1	1	2	1	0	5907156431021	4990	0
$4302	910 D 1114 3 Kubek                	1	1	2	1	0	5907156584475	4990	0
$4303	911 A 243A 3 Kubek                	1	1	2	1	0	5907156735471	5400	0
$4304	911 D 1114 3 Kubek                	1	1	2	1	0	5907156324057	4590	0
$4305	922 A 226A 3 Fili¾anka            	1	1	2	1	0	5907156679546	5850	0
$4306	929 D 467 3 Wazon                 	1	1	2	1	0	5907158188688	4850	0
$4307	P¢ˆmisek choinka                  	1	1	2	1	0	10002711	9950	0
