#1
#1
#1
$1264	911 D 42 2 Kubek                  	1	1	2	1	0	5907155486114	5990	0
$3226	912/D.42/2 Kubek                  	1	1	2	1	0	5907154130421	5150	0
$825	971A D 42 1 Miska                 	1	1	2	1	0	5907156187553	6390	0
$4642	Kubek 1105/D.42/2                 	1	1	2	1	0	5907155479796	4700	0
$679	1599 D 42 1 Kubek                 	1	1	2	1	0	5907154896303	4490	0
$4634	Fili¾anka ze spodkiem D42         	1	1	2	1	0	5907156503063	7390	0
$4635	Kubek 872/D42/2                   	1	1	2	1	0	5907154090534	3950	0
$4636	Kubek 1194d/42                    	1	1	2	1	0	5907154237915	5150	0
$4637	1452/D422 Kubek                   	1	1	2	1	0	5907154683743	4790	0
$4638	Kubek 1105/D8                     	1	1	2	1	0	5907155480471	5150	0
$4639	Miseczka 1384 D166A               	1	1	2	1	0	5907156255047	4950	0
$4640	Miseczka 1384 D42                 	1	1	2	1	0	5907156249855	4090	0
$4641	Talerz 1014/D42                   	1	1	2	1	0	5907154076149	8950	0
