#1	COM255:1:STX6:1	5	2022.09.07	18:22	OPSpRoz4	WIN 13.32.2020	OPSPROZ4IN.txt	OPSPROZ4OUT.txt
#
#ELZAB Jota online 20000 PLU II gen. ver. 01 (identyfikator odczytany z urzadzenia i pliku ECRTBUF.TXT)
$14	01	22.09.05	16:18	4
$13	00	1	22.09.05	16:18	01	0	0	0	0	0	0	0	0	0	             
$14	01	22.09.06	09:32	4
$13	00	1	22.09.06	09:32	01	0	0	0	0	0	0	0	0	0	             
$1	37	1	1	0	0354	1.00	2750	22.09.06	09:44	1	01	2750	2750	00	5900168907287	0	0	0	0	0	0	0	0
$1	37	1	2	0	3042	1.00	850	22.09.06	09:45	2	01	850	850	00	20030421	0	0	0	0	0	0	0	0
$4	37	1	1	0	0	4000	4000
$4	37	1	1	0	1	400	400
$1	37	2	1	0	2350	5.00	3750	22.09.06	10:16	1	01	3750	3750	00	15023506	0	0	0	0	0	0	0	0
$4	37	2	2	0	0	3750	3750
$1	37	3	1	0	0726	1.00	5900	22.09.06	11:04	1	01	5900	5900	00	5902729030243	0	0	0	0	0	0	0	0
$1	37	3	2	0	0501	1.00	2590	22.09.06	11:04	1	01	2590	2590	00	5907502687577	0	0	0	0	0	0	0	0
$1	37	3	3	0	0510	1.00	2590	22.09.06	11:05	1	01	2590	2590	00	5902249010466	0	0	0	0	0	0	0	0
$4	37	3	2	0	0	11080	11080
$1	37	4	1	0	1710	1.00	2850	22.09.06	11:19	1	01	2850	2850	00	34017104	0	0	0	0	0	0	0	0
$1	37	4	2	0	1462	1.00	1590	22.09.06	11:19	1	01	1590	1590	00	34014622	0	0	0	0	0	0	0	0
$1	37	4	3	0	2506	1.00	1050	22.09.06	11:19	1	01	1050	1050	00	20025069	0	0	0	0	0	0	0	0
$4	37	4	2	0	0	5490	5490
$1	37	5	1	0	1184	1.00	450	22.09.06	11:33	2	01	450	450	00	5909990628377	0	0	0	0	0	0	0	0
$1	37	5	2	0	3072	1.00	690	22.09.06	11:33	2	01	690	690	00	20030728	0	0	0	0	0	0	0	0
$4	37	5	2	0	0	1140	1140
$1	37	6	1	0	1954	1.00	1950	22.09.06	11:39	1	01	1950	1950	00	9019546	0	0	0	0	0	0	0	0
$4	37	6	2	0	0	1950	1950
$1	37	7	1	0	1217	1.00	450	22.09.06	11:53	2	01	450	450	00	5909990195824	0	0	0	0	0	0	0	0
$1	37	7	2	0	1179	1.00	700	22.09.06	11:54	2	01	700	700	00	5909994309524	0	0	0	0	0	0	0	0
$1	37	7	3	0	1112	1.00	690	22.09.06	11:54	2	01	690	690	00	5906365702267	0	0	0	0	0	0	0	0
$4	37	7	1	0	0	2000	2000
$4	37	7	1	0	1	160	160
$1	37	8	1	0	1181	1.00	450	22.09.06	11:59	2	01	450	450	00	5909994310964	0	0	0	0	0	0	0	0
$4	37	8	1	0	0	1000	1000
$4	37	8	1	0	1	550	550
$1	37	9	1	0	2766	1.00	13990	22.09.06	12:18	1	01	13990	13990	00	18027662	0	0	0	0	0	0	0	0
$1	37	9	2	0	2765	1.00	13650	22.09.06	12:18	1	01	13650	13650	00	18027655	0	0	0	0	0	0	0	0
$4	37	9	2	0	0	27640	27640
$1	37	10	1	0	4074	1.00	3000	22.09.06	13:53	1	01	3000	3000	00	1040746	0	0	0	0	0	0	0	0
$4	37	10	1	0	0	10000	10000
$4	37	10	1	0	1	7000	7000
$1	37	11	1	0	3750	1.00	1100	22.09.06	14:00	1	01	1100	1100	00	2752	0	0	0	0	0	0	0	0
$1	37	11	2	0	2350	1.00	750	22.09.06	14:01	1	01	750	750	00	15023506	0	0	0	0	0	0	0	0
$1	37	11	3	0	1028	1.00	950	22.09.06	14:01	2	01	950	950	00	5905279799363	0	0	0	0	0	0	0	0
$1	37	11	4	0	3053	1.00	690	22.09.06	14:01	2	01	690	690	00	20030537	0	0	0	0	0	0	0	0
$1	37	11	5	0	0973	1.00	450	22.09.06	14:01	2	01	450	450	00	5905279799448	0	0	0	0	0	0	0	0
$1	37	11	6	0	1016	1.00	450	22.09.06	14:01	4	01	450	450	00	5906365702380	0	0	0	0	0	0	0	0
$1	37	11	7	0	1000	1.00	590	22.09.06	14:01	2	01	590	590	00	5906365702922	0	0	0	0	0	0	0	0
$4	37	11	1	0	0	5000	5000
$4	37	11	1	0	1	020	020
$1	37	12	1	0	2350	2.00	1500	22.09.06	14:18	1	01	1500	1500	00	15023506	0	0	0	0	0	0	0	0
$1	37	12	2	0	2479	1.00	1150	22.09.06	14:18	2	01	1150	1150	00	20024796	0	0	0	0	0	0	0	0
$1	37	12	3	0	0366	1.00	1150	22.09.06	14:18	1	01	1150	1150	00	5905279370159	0	0	0	0	0	0	0	0
$1	37	12	4	0	0788	1.00	4750	22.09.06	14:19	1	01	4750	4750	00	5902729032230	0	0	0	0	0	0	0	0
$4	37	12	2	0	0	8550	8550
$1	37	13	1	0	0112	1.000	1390	22.09.06	14:59	1	01	1390	1390	00		0	0	0	0	0	0	0	0
$4	37	13	2	0	0	1390	1390
$1	37	14	1	0	2976	1.00	2690	22.09.06	15:31	2	01	2690	2690	00	5908230845802	0	0	0	0	0	0	0	0
$4	37	14	2	0	0	2690	2690
$1	37	15	1	0	2759	2.00	4980	22.09.06	15:55	1	01	4980	4980	00	36027590	0	0	0	0	0	0	0	0
$4	37	15	2	0	0	4980	4980
$1	37	16	1	0	2759	1.00	2490	22.09.06	16:00	1	01	2490	2490	00	36027590	0	0	0	0	0	0	0	0
$1	37	16	2	0	0304	1.00	2190	22.09.06	16:00	1	01	2190	2190	00	5900168908451	0	0	0	0	0	0	0	0
$1	37	16	3	0	2293	1.00	3950	22.09.06	16:00	1	01	3950	3950	00	14022937	0	0	0	0	0	0	0	0
$1	37	16	4	0	2291	1.00	2150	22.09.06	16:00	1	01	2150	2150	00	10000533	0	0	0	0	0	0	0	0
$1	37	16	5	0	0066	1.000	1190	22.09.06	16:01	1	01	1190	1190	00		0	0	0	0	0	0	0	0
$1	37	16	6	0	2285	1.00	2590	22.09.06	16:01	1	01	2590	2590	00	5907502687652	0	0	0	0	0	0	0	0
$1	37	16	7	0	0599	1.00	2650	22.09.06	16:01	1	01	2650	2650	00	5902249010961	0	0	0	0	0	0	0	0
$4	37	16	2	0	0	17210	17210
$1	37	17	1	0	1440	1.00	4750	22.09.06	16:15	1	01	4750	4750	00	34014400	0	0	0	0	0	0	0	0
$4	37	17	2	0	0	4750	4750
$1	37	18	1	0	1507	1.00	4462	22.09.06	16:56	4	01	4462	5950	00	5907804205233	0	0	0	0	0	0	0	1
$1	37	18	2	0	1564	1.00	4462	22.09.06	16:58	4	01	4462	5950	00	7015649	0	0	0	0	0	0	0	1
$4	37	18	1	0	0	8924	8924
$14	01	22.09.07	09:35	4
$13	00	1	22.09.07	09:35	01	0	0	0	0	0	0	0	0	0	             
$1	38	1	1	0	3056	1.00	525	22.09.07	09:43	2	01	525	750	00	20030568	0	0	0	0	0	0	0	1
$4	38	1	1	0	0	525	525
$1	38	2	1	0	2162	1.00	1550	22.09.07	09:49	1	01	1550	1550	00	5901887032908	0	0	0	0	0	0	0	0
$4	38	2	2	0	0	1550	1550
$1	38	3	1	0	4127	1.00	3750	22.09.07	10:47	1	01	3750	3750	00	10000588	0	0	0	0	0	0	0	0
$1	38	3	2	0	0640	1.00	3090	22.09.07	10:47	1	01	3090	3090	00	5902249011555	0	0	0	0	0	0	0	0
$1	38	3	3	0	1708	1.00	1590	22.09.07	10:47	1	01	1590	1590	00	34017081	0	0	0	0	0	0	0	0
$1	38	3	4	0	1882	1.00	4050	22.09.07	10:47	1	01	4050	4050	00	5907688710328	0	0	0	0	0	0	0	0
$1	38	3	5	0	3267	1.00	3750	22.09.07	10:49	1	01	3750	3750	00	14032677	0	0	0	0	0	0	0	0
$1	38	3	6	0	4093	1.00	3000	22.09.07	10:50	1	01	3000	3000	00	1040937	0	0	0	0	0	0	0	0
$4	38	3	2	0	0	19230	19230
$1	38	4	1	0	3670	1.00	3750	22.09.07	11:21	1	01	3750	3750	00	25782	0	0	0	0	0	0	0	0
$1	38	4	2	0	2010	1.00	3190	22.09.07	11:21	2	01	3190	3190	00	9020108	0	0	0	0	0	0	0	0
$1	38	4	3	0	0002	1.000	250	22.09.07	11:22	1	01	250	250	00		0	0	0	0	0	0	0	0
$4	38	4	2	0	0	7190	7190
$1	38	5	1	0	1013	1.00	367	22.09.07	12:20	4	01	367	490	00	5909990628438	0	0	0	0	0	0	0	1
$4	38	5	1	0	0	367	367
$1	38	6	1	0	4107	1.00	4750	22.09.07	12:44	1	01	4750	4750	00	10000267	0	0	0	0	0	0	0	0
$1	38	6	2	0	4111	1.00	3890	22.09.07	12:44	1	01	3890	3890	00	10000342	0	0	0	0	0	0	0	0
$1	38	6	3	0	4112	1.00	3450	22.09.07	12:44	1	01	3450	3450	00	10000366	0	0	0	0	0	0	0	0
$4	38	6	1	0	0	20000	20000
$4	38	6	1	0	1	7910	7910
$1	38	7	1	0	4137	1.00	3250	22.09.07	14:32	1	01	3250	3250	00	10000687	0	0	0	0	0	0	0	0
$4	38	7	2	0	0	3250	3250
$1	38	8	1	0	2296	1.00	2690	22.09.07	15:35	1	01	2690	2690	00	5902249010473	0	0	0	0	0	0	0	0
$1	38	8	2	0	4119	1.00	2490	22.09.07	15:35	1	01	2490	2490	00	10000434	0	0	0	0	0	0	0	0
$4	38	8	2	0	0	5180	5180
$1	38	9	1	0	2350	1.00	750	22.09.07	15:41	1	01	750	750	00	15023506	0	0	0	0	0	0	0	0
$1	38	9	2	0	1327	1.00	2400	22.09.07	15:41	3	01	2400	2400	00	6013271	0	0	0	0	0	0	0	0
$1	38	9	3	0	1212	1.00	590	22.09.07	15:41	2	01	590	590	00	5909994310629	0	0	0	0	0	0	0	0
$4	38	9	2	0	0	3740	3740
$1	38	10	1	0	4093	1.00	3000	22.09.07	16:21	1	01	3000	3000	00	1040937	0	0	0	0	0	0	0	0
$4	38	10	1	0	0	3000	3000
$1	38	11	1	0	3347	1.00	2890	22.09.07	16:27	1	01	2890	2890	00	2033471	0	0	0	0	0	0	0	0
$1	38	11	2	0	2050	1.00	2550	22.09.07	16:29	1	01	2550	2550	00	11020509	0	0	0	0	0	0	0	0
$1	38	11	3	0	2053	1.00	2550	22.09.07	16:29	1	01	2550	2550	00	11020530	0	0	0	0	0	0	0	0
$4	38	11	2	0	0	7990	7990
$1	38	12	1	0	3219	1.00	6250	22.09.07	16:43	1	01	6250	6250	00	5902729034661	0	0	0	0	0	0	0	0
$4	38	12	2	0	0	6250	6250
$1	38	13	1	0	0041	1.000	5040	22.09.07	16:44	1	01	5040	5040	00		0	0	0	0	0	0	0	0
$4	38	13	1	0	0	10000	10000
$4	38	13	1	0	1	4960	4960
$1	38	14	1	0	2053	1.00	2550	22.09.07	17:00	1	01	2550	2550	00	11020530	0	0	0	0	0	0	0	0
$4	38	14	2	0	0	2550	2550
