#1	COM12:57600:MUX0:1	3	2022.03.31	19:05	OPSpRoz4	WIN 13.32.2020	OPSPROZ4IN.txt	OPSPROZ4OUT.txt
#
#Jota E 4095 PLU II gen. ver. 01 (identyfikator odczytany z urzadzenia i pliku ECRTBUF.TXT)
$1	1666	4639	1	0	1189	1.00	590	22.03.10	09:40	2	30	590	590	00	5909994310711	0	0	0	0	0	0	0	0
$1	1666	4640	1	0	1011	1.00	495	22.03.10	09:43	2	30	495	550	00	0000005010110	0	0	0	0	0	0	0	1
$1	1666	4641	1	0	3227	1.00	5850	22.03.10	09:43	1	30	5850	5850	00	0000004032274	0	0	0	0	0	0	0	0
$1	1666	4642	1	0	2740	1.00	2390	22.03.10	10:43	1	30	2390	2390	00	0000014027406	0	0	0	0	0	0	0	0
$1	1666	4642	2	0	3042	1.00	850	22.03.10	10:43	2	30	850	850	00	0000020030421	0	0	0	0	0	0	0	0
$1	1666	4643	1	0	1109	1.00	450	22.03.10	10:45	4	30	450	450	00	5905279799097	0	0	0	0	0	0	0	0
$1	1666	4643	2	0	1230	1.00	450	22.03.10	10:45	2	30	450	450	00	5909994310766	0	0	0	0	0	0	0	0
$1	1666	4643	3	0	1012	1.00	850	22.03.10	10:45	4	30	850	850	00	5909994310865	0	0	0	0	0	0	0	0
$1	1666	4644	1	0	1447	1.00	2150	22.03.10	11:42	1	30	2150	2150	00	0000034014479	0	0	0	0	0	0	0	0
$1	1666	4644	2	0	1455	1.00	2150	22.03.10	11:42	1	30	2150	2150	00	0000034014554	0	0	0	0	0	0	0	0
$1	1666	4644	3	0	1711	1.00	5990	22.03.10	11:42	1	30	5990	5990	00	0000034017111	0	0	0	0	0	0	0	0
$1	1666	4645	1	0	0473	1.00	239	22.03.10	13:25	1	30	239	2390	00	5907502687317	0	0	0	0	0	0	0	1
$1	1666	4646	1	0	1252	1.00	1290	22.03.10	13:28	2	30	1290	1290	00	0000005012527	0	0	0	0	0	0	0	0
$1	1666	4646	2	0	3024	1.00	490	22.03.10	13:28	2	30	490	490	00	0000020030247	0	0	0	0	0	0	0	0
$1	1666	4646	3	0	1122	1.00	1050	22.03.10	13:28	4	30	1050	1050	00	0000005011223	0	0	0	0	0	0	0	0
$1	1666	4646	4	0	1714	1.00	4250	22.03.10	13:28	1	30	4250	4250	00	0000034017142	0	0	0	0	0	0	0	0
$1	1666	4646	5	0	2448	1.00	7390	22.03.10	13:28	1	30	7390	7390	00	0000002024486	0	0	0	0	0	0	0	0
$1	1666	4646	6	0	2447	1.00	3090	22.03.10	13:28	1	30	3090	3090	00	5902249015157	0	0	0	0	0	0	0	0
$1	1666	4647	1	0	0524	1.00	2590	22.03.10	15:20	1	30	2590	2590	00	5907502687669	0	0	0	0	0	0	0	0
$1	1666	4648	1	0	0868	1.00	5490	22.03.10	15:26	1	30	5490	5490	00	0000004008682	0	0	0	0	0	0	0	0
$1	1666	4649	1	0	2500	1.00	2990	22.03.10	15:28	1	30	2990	2990	00	0000020025007	0	0	0	0	0	0	0	0
$10	1666	4650	1	0	0972	1.00	390	22.03.10	16:03	4	30	390	390	00	0000005009725	0	0	0	0	0	0	0	0
$10	1666	4650	2	0	0972	1.00	390	22.03.10	16:03	4	30	390	390	00	5906365702359	0	0	0	0	0	0	0	0
$10	1666	4650	3	0	0972	1.00	390	22.03.10	16:03	4	30	390	390	00	0000005009725	0	0	0	0	0	0	0	0
$1	1666	4650	1	0	0093	1.000	450	22.03.10	16:03	3	30	450	450	00	0000000000000	0	0	0	0	0	0	0	0
$1	1666	4651	1	0	3901	1.00	950	22.03.10	16:42	1	30	950	950	00	0000028039013	0	0	0	0	0	0	0	0
$1	1666	4651	2	0	0975	1.00	700	22.03.10	16:42	2	30	700	700	00	0000005009756	0	0	0	0	0	0	0	0
$1	1666	4651	3	0	1590	1.00	1350	22.03.10	16:42	1	30	1350	1350	00	0000007015908	0	0	0	0	0	0	0	0
$1	1666	4652	1	0	0540	1.00	2490	22.03.10	16:49	1	30	2490	2490	00	5902249010091	0	0	0	0	0	0	0	0
$1	1666	4652	2	0	0511	1.00	2390	22.03.10	16:49	1	30	2390	2390	00	5907502687775	0	0	0	0	0	0	0	0
$1	1666	4653	1	0	2351	1.00	2290	22.03.10	16:53	1	30	2290	2290	00	0000015023513	0	0	0	0	0	0	0	0
$1	1666	4653	2	0	3901	1.00	808	22.03.10	16:53	1	30	808	950	00	0000028039013	0	0	0	0	0	0	0	1
$1	1667	4656	1	0	1812	1.00	4550	22.03.11	09:51	1	30	4550	4550	00	0000008018120	0	0	0	0	0	0	0	0
$1	1667	4657	1	0	3779	1.00	1390	22.03.11	09:58	1	30	1390	1390	00	0000025037791	0	0	0	0	0	0	0	0
$1	1667	4658	1	0	0373	1.00	1450	22.03.11	10:02	1	30	1450	1450	00	5906874565285	0	0	0	0	0	0	0	0
$1	1667	4659	1	0	1491	1.00	2690	22.03.11	10:50	4	30	2690	2690	00	0000007014918	0	0	0	0	0	0	0	0
$1	1667	4660	1	0	1573	4.00	1960	22.03.11	11:15	4	30	1960	1960	00	5906660817208	0	0	0	0	0	0	0	0
$1	1667	4660	2	0	1574	1.00	490	22.03.11	11:15	4	30	490	490	00	5906660817215	0	0	0	0	0	0	0	0
$1	1667	4660	3	0	1574	1.00	490	22.03.11	11:15	4	30	490	490	00	5906660817215	0	0	0	0	0	0	0	0
$1	1667	4661	1	0	2498	1.00	1450	22.03.11	11:17	4	30	1450	1450	00	0000020024987	0	0	0	0	0	0	0	0
$1	1667	4662	1	0	2705	1.00	1690	22.03.11	11:29	2	30	1690	1690	00	0000017027052	0	0	0	0	0	0	0	0
$1	1667	4663	1	0	3901	1.00	808	22.03.11	11:30	1	30	950	950	00	0000028039013	0	1	0	0	0	0	0	0
$1	1667	4663	2	0	3901	1.00	808	22.03.11	11:30	1	30	950	950	00	0000028039013	0	1	0	0	0	0	0	0
$1	1667	4664	1	0	3901	3.00	2850	22.03.11	11:41	1	30	2850	2850	00	0000028039013	0	0	0	0	0	0	0	0
$1	1667	4665	1	0	0241	1.000	900	22.03.11	12:01	1	30	900	900	00	0000000000000	0	0	0	0	0	0	0	0
$1	1667	4666	1	0	0002	2.000	4500	22.03.11	12:13	1	30	4500	4500	00	0000000000000	0	0	0	0	0	0	0	0
$1	1667	4667	1	0	2702	1.00	15	22.03.11	12:18	4	30	1450	1450	00	0000017027021	0	1	0	0	0	0	0	0
$1	1667	4667	2	0	2705	1.00	17	22.03.11	12:18	2	30	1690	1690	00	0000017027052	0	1	0	0	0	0	0	0
$1	1667	4667	3	0	0038	1.000	12	22.03.11	12:18	1	30	1240	1240	00	0000000000000	0	1	0	0	0	0	0	0
$1	1667	4668	1	0	2092	1.00	7050	22.03.11	12:23	1	30	7050	7050	00	0000012020928	0	0	0	0	0	0	0	0
$1	1667	4668	2	0	1632	1.00	2390	22.03.11	12:23	1	30	2390	2390	00	0000007016325	0	0	0	0	0	0	0	0
$1	1667	4668	3	0	1629	1.00	2690	22.03.11	12:23	1	30	2690	2690	00	5906660815969	0	0	0	0	0	0	0	0
$1	1667	4669	1	0	0594	1.00	2690	22.03.11	12:41	1	30	2690	2690	00	5902249010909	0	0	0	0	0	0	0	0
$1	1667	4669	2	0	3551	1.00	3450	22.03.11	12:41	1	30	3450	3450	00	0000008035516	0	0	0	0	0	0	0	0
$1	1667	4669	3	0	0869	1.00	5490	22.03.11	12:41	1	30	5490	5490	00	0000004008699	0	0	0	0	0	0	0	0
$1	1667	4669	4	0	2009	1.00	3290	22.03.11	12:41	1	30	3290	3290	00	0000009020092	0	0	0	0	0	0	0	0
$10	1667	4669	1	0	2009	1.00	3290	22.03.11	12:41	1	30	3290	3290	00	0680275060864	0	0	0	0	0	0	0	0
$1	1667	4669	5	0	3208	1.00	1590	22.03.11	12:41	1	30	1590	1590	00	0000021032080	0	0	0	0	0	0	0	0
$1	1667	4669	6	0	2024	1.00	2490	22.03.11	12:41	1	30	2490	2490	00	0000010020241	0	0	0	0	0	0	0	0
$1	1667	4670	1	0	3570	1.00	490	22.03.11	13:12	2	30	490	490	00	0000020035709	0	0	0	0	0	0	0	0
$1	1667	4670	2	0	2490	1.00	550	22.03.11	13:12	2	30	550	550	00	0000020024901	0	0	0	0	0	0	0	0
$1	1667	4670	3	0	3025	1.00	590	22.03.11	13:12	2	30	590	590	00	0000020030254	0	0	0	0	0	0	0	0
$1	1667	4670	4	0	3082	1.00	390	22.03.11	13:12	2	30	390	390	00	0000020030827	0	0	0	0	0	0	0	0
$1	1667	4670	5	0	3565	1.00	450	22.03.11	13:12	2	30	450	450	00	0000020035655	0	0	0	0	0	0	0	0
$1	1667	4670	6	0	1212	1.00	590	22.03.11	13:12	2	30	590	590	00	5909994310629	0	0	0	0	0	0	0	0
$1	1667	4670	7	0	1249	1.00	790	22.03.11	13:12	2	30	790	790	00	5909994310667	0	0	0	0	0	0	0	0
$1	1667	4671	1	0	2430	1.00	2790	22.03.11	13:13	1	30	2790	2790	00	0000016024304	0	0	0	0	0	0	0	0
$1	1667	4672	1	0	3394	1.00	2590	22.03.11	13:34	1	30	2590	2590	00	0000023033948	0	0	0	0	0	0	0	0
$1	1667	4673	1	0	2053	1.00	2550	22.03.11	13:36	1	30	2550	2550	00	0000011020530	0	0	0	0	0	0	0	0
$1	1667	4674	1	0	2050	1.00	2550	22.03.11	14:04	1	30	2550	2550	00	0000011020509	0	0	0	0	0	0	0	0
$1	1667	4674	2	0	2053	1.00	2550	22.03.11	14:04	1	30	2550	2550	00	0000011020530	0	0	0	0	0	0	0	0
$1	1667	4675	1	0	3498	1.00	3990	22.03.11	14:05	1	30	3990	3990	00	0000024034982	0	0	0	0	0	0	0	0
$1	1667	4676	1	0	3983	1.00	1450	22.03.11	14:23	1	30	1450	1450	00	0000031039833	0	0	0	0	0	0	0	0
$1	1667	4676	2	0	3779	1.00	1390	22.03.11	14:23	1	30	1390	1390	00	0000025037791	0	0	0	0	0	0	0	0
$1	1667	4677	1	0	1573	1.00	490	22.03.11	14:24	4	30	490	490	00	5906660817208	0	0	0	0	0	0	0	0
$1	1667	4678	1	0	3901	2.00	1616	22.03.11	15:16	1	30	1616	1900	00	0000028039013	0	0	0	0	0	0	0	1
$1	1667	4678	2	0	0893	1.00	4500	22.03.11	15:16	1	30	4500	4500	00	0000004008934	0	0	0	0	0	0	0	0
$1	1667	4679	1	0	0012	1.000	2850	22.03.11	15:25	1	30	2850	2850	00	0000000000000	0	0	0	0	0	0	0	0
$1	1667	4679	2	0	0012	1.000	1390	22.03.11	15:25	1	30	1390	1390	00	0000000000000	0	0	0	0	0	0	0	0
$1	1667	4679	3	0	1713	1.00	3190	22.03.11	15:25	1	30	3190	3190	00	0000034017135	0	0	0	0	0	0	0	0
$1	1667	4679	4	0	1706	1.00	2990	22.03.11	15:25	1	30	2990	2990	00	0000034017067	0	0	0	0	0	0	0	0
$1	1667	4679	5	0	0936	1.00	2590	22.03.11	15:25	1	30	2590	2590	00	0000004009368	0	0	0	0	0	0	0	0
$1	1667	4679	6	0	0026	1.000	290	22.03.11	15:25	1	30	290	290	00	0000000000000	0	0	0	0	0	0	0	0
$1	1667	4680	1	0	2350	1.00	700	22.03.11	16:15	1	30	700	700	00	0000015023506	0	0	0	0	0	0	0	0
$1	1667	4681	1	0	1574	1.00	490	22.03.11	16:28	4	30	490	490	00	5906660817215	0	0	0	0	0	0	0	0
$1	1667	4681	2	0	2721	1.00	3190	22.03.11	16:28	4	30	3190	3190	00	0000017027212	0	0	0	0	0	0	0	0
$1	1667	4681	3	0	3076	1.00	490	22.03.11	16:28	2	30	490	490	00	0000020030766	0	0	0	0	0	0	0	0
$1	1667	4681	4	0	3068	1.00	1100	22.03.11	16:28	4	30	1100	1100	00	0000020030681	0	0	0	0	0	0	0	0
$1	1667	4681	5	0	0962	1.00	1050	22.03.11	16:28	2	30	1050	1050	00	0000005009626	0	0	0	0	0	0	0	0
$1	1667	4682	1	0	0734	1.00	4750	22.03.11	16:34	1	30	4750	4750	00	0000003007341	0	0	0	0	0	0	0	0
$1	1667	4683	1	0	2350	1.00	700	22.03.11	16:37	1	30	700	700	00	0000015023506	0	0	0	0	0	0	0	0
$1	1667	4684	1	0	0503	1.00	2390	22.03.11	16:41	1	30	2390	2390	00	5907502687539	0	0	0	0	0	0	0	0
$1	1667	4684	2	0	0498	1.00	2490	22.03.11	16:41	1	30	2490	2490	00	5907502687546	0	0	0	0	0	0	0	0
$1	1667	4684	3	0	0499	1.00	2950	22.03.11	16:41	1	30	2950	2950	00	5907502687553	0	0	0	0	0	0	0	0
$1	1667	4684	4	0	3999	1.00	2750	22.03.11	16:41	1	30	2750	2750	00	0000031039994	0	0	0	0	0	0	0	0
$1	1667	4685	1	0	1820	1.00	1990	22.03.11	16:44	1	30	1990	1990	00	5701278288101	0	0	0	0	0	0	0	0
$1	1667	4685	2	0	2947	1.00	1690	22.03.11	16:44	1	30	1690	1690	00	0000031029476	0	0	0	0	0	0	0	0
$1	1668	4688	1	0	2936	1.00	3990	22.03.12	09:39	1	30	3990	3990	00	0000034029367	0	0	0	0	0	0	0	0
$1	1668	4688	2	0	2934	1.00	6850	22.03.12	09:39	1	30	6850	6850	00	0000034029343	0	0	0	0	0	0	0	0
$1	1668	4689	1	0	1183	1.00	650	22.03.12	09:42	2	30	650	650	00	5909990628414	0	0	0	0	0	0	0	0
$1	1668	4689	2	0	1249	2.00	1580	22.03.12	09:42	2	30	1580	1580	00	5909994310667	0	0	0	0	0	0	0	0
$1	1668	4690	1	0	2053	1.00	2550	22.03.12	09:50	1	30	2550	2550	00	0000011020530	0	0	0	0	0	0	0	0
$1	1668	4691	1	0	3793	1.00	350	22.03.12	10:03	1	30	350	350	00	0000025037937	0	0	0	0	0	0	0	0
$1	1668	4691	2	0	3788	1.00	600	22.03.12	10:03	1	30	600	600	00	0000025037883	0	0	0	0	0	0	0	0
$1	1668	4691	3	0	3953	1.00	2300	22.03.12	10:03	1	30	2300	2300	00	0000031039536	0	0	0	0	0	0	0	0
$1	1668	4691	4	0	1180	1.00	450	22.03.12	10:03	2	30	450	450	00	5909994312166	0	0	0	0	0	0	0	0
$1	1668	4691	5	0	1175	1.00	700	22.03.12	10:03	2	30	700	700	00	5909994308626	0	0	0	0	0	0	0	0
$1	1668	4691	6	0	1197	1.00	450	22.03.12	10:03	2	30	450	450	00	5909994309128	0	0	0	0	0	0	0	0
$1	1668	4691	7	0	1155	1.00	750	22.03.12	10:03	2	30	750	750	00	5909994309029	0	0	0	0	0	0	0	0
$1	1668	4691	8	0	1210	1.00	400	22.03.12	10:03	2	30	400	400	00	5909994310360	0	0	0	0	0	0	0	0
$1	1668	4691	9	0	1163	1.00	450	22.03.12	10:03	2	30	450	450	00	5909994308824	0	0	0	0	0	0	0	0
$1	1668	4691	10	0	1181	1.00	450	22.03.12	10:03	2	30	450	450	00	5909994310964	0	0	0	0	0	0	0	0
$10	1668	4692	1	0	1010	1.00	39	22.03.12	10:27	2	30	39	390	00	5906365702908	0	0	0	0	0	0	0	1
$10	1668	4692	2	0	0066	1.000	1190	22.03.12	10:27	1	30	1190	1190	00	0000000000000	0	0	0	0	0	0	0	0
$10	1668	4692	3	0	3793	1.00	350	22.03.12	10:27	1	30	350	350	00	0000025037937	0	0	0	0	0	0	0	0
$1	1668	4692	1	0	0066	1.000	1190	22.03.12	10:27	1	30	1190	1190	00	0000000000000	0	0	0	0	0	0	0	0
$1	1668	4692	2	0	3793	1.00	350	22.03.12	10:27	1	30	350	350	00	0000025037937	0	0	0	0	0	0	0	0
$1	1668	4693	1	0	1010	1.00	39	22.03.12	10:28	2	30	39	390	00	5906365702908	0	0	0	0	0	0	0	1
$1	1668	4694	1	0	2547	1.00	2690	22.03.12	10:32	4	30	2690	2690	00	0000017025478	0	0	0	0	0	0	0	0
$1	1668	4695	1	0	1222	1.00	1190	22.03.12	10:40	2	30	1190	1190	00	5909990195626	0	0	0	0	0	0	0	0
$1	1668	4696	1	0	1713	1.00	3190	22.03.12	10:58	1	30	3190	3190	00	0000034017135	0	0	0	0	0	0	0	0
$1	1668	4696	2	0	2651	1.00	2450	22.03.12	10:58	1	30	2450	2450	00	0000017026512	0	0	0	0	0	0	0	0
$1	1668	4697	1	0	1186	1.00	1100	22.03.12	11:00	2	30	1100	1100	00	0000005011865	0	0	0	0	0	0	0	0
$1	1668	4698	1	0	1189	1.00	590	22.03.12	11:02	2	30	590	590	00	5909994310711	0	0	0	0	0	0	0	0
$1	1668	4699	1	0	0041	1.000	2990	22.03.12	11:05	1	30	2990	2990	00	0000000000000	0	0	0	0	0	0	0	0
$1	1668	4700	1	0	3462	1.00	4950	22.03.12	11:12	1	30	4950	4950	00	0000014034626	0	0	0	0	0	0	0	0
$1	1668	4700	2	0	3901	1.00	808	22.03.12	11:12	1	30	808	950	00	0000028039013	0	0	0	0	0	0	0	1
$1	1668	4701	1	0	1820	1.00	1990	22.03.12	11:14	1	30	1990	1990	00	5701278288101	0	0	0	0	0	0	0	0
$1	1668	4701	2	0	0853	1.00	2490	22.03.12	11:14	1	30	2490	2490	00	0000004008538	0	0	0	0	0	0	0	0
$1	1668	4702	1	0	3985	1.00	1250	22.03.12	11:16	1	30	1250	1250	00	0000031039857	0	0	0	0	0	0	0	0
$1	1668	4703	1	0	0002	1.000	1550	22.03.12	11:20	1	30	1550	1550	00	0000000000000	0	0	0	0	0	0	0	0
$1	1668	4703	2	0	0508	1.00	2190	22.03.12	11:20	1	30	2190	2190	00	5902249010459	0	0	0	0	0	0	0	0
$1	1668	4703	3	0	2050	1.00	2550	22.03.12	11:20	1	30	2550	2550	00	0000011020509	0	0	0	0	0	0	0	0
$1	1668	4704	1	0	0026	1.000	1990	22.03.12	11:35	1	30	1990	1990	00	0000000000000	0	0	0	0	0	0	0	0
$1	1668	4704	2	0	0527	1.00	3650	22.03.12	11:35	1	30	3650	3650	00	0000002005270	0	0	0	0	0	0	0	0
$1	1668	4704	3	0	3775	1.00	2190	22.03.12	11:35	1	30	2190	2190	00	0000025037753	0	0	0	0	0	0	0	0
$1	1668	4705	1	0	3125	1.00	850	22.03.12	11:58	2	30	850	850	00	0000020031251	0	0	0	0	0	0	0	0
$1	1668	4706	1	0	3024	1.00	490	22.03.12	12:04	2	30	490	490	00	0000020030247	0	0	0	0	0	0	0	0
$1	1668	4707	1	0	0581	1.00	2690	22.03.12	12:19	1	30	2690	2690	00	5902249010572	0	0	0	0	0	0	0	0
$10	1668	4707	1	0	0581	1.00	2690	22.03.12	12:19	1	30	2690	2690	00	5902249010572	0	0	0	0	0	0	0	0
$1	1668	4707	2	0	0026	1.000	1490	22.03.12	12:19	1	30	1490	1490	00	0000000000000	0	0	0	0	0	0	0	0
$1	1668	4708	1	0	0066	1.000	1190	22.03.12	12:26	1	30	1190	1190	00	0000000000000	0	0	0	0	0	0	0	0
$1	1668	4708	2	0	2934	1.00	6850	22.03.12	12:26	1	30	6850	6850	00	0000034029343	0	0	0	0	0	0	0	0
$1	1668	4709	1	0	2053	1.00	1740	22.03.12	12:58	1	30	2550	2550	00	0000011020530	0	1	0	0	0	0	0	0
$1	1668	4709	2	0	0662	1.00	2287	22.03.12	12:58	1	30	3350	3350	00	0000002006628	0	1	0	0	0	0	0	0
$1	1668	4709	3	0	3346	1.00	1973	22.03.12	12:58	1	30	2890	2890	00	5902249015850	0	1	0	0	0	0	0	0
$1	1668	4710	1	0	0953	1.00	245	22.03.12	13:03	2	30	245	490	00	0000005009534	0	0	0	0	0	0	0	1
$1	1669	4712	1	0	0373	1.00	1450	22.03.15	11:33	1	30	1450	1450	00	5906874565285	0	0	0	0	0	0	0	0
$1	1669	4713	1	0	0880	1.00	6850	22.03.15	11:41	1	30	6850	6850	00	0000004008804	0	0	0	0	0	0	0	0
$1	1669	4714	1	0	2052	1.00	9800	22.03.15	12:11	1	30	9800	9800	00	0000011020523	0	0	0	0	0	0	0	0
$1	1669	4714	2	0	2053	1.00	2550	22.03.15	12:11	1	30	2550	2550	00	0000011020530	0	0	0	0	0	0	0	0
$1	1669	4714	3	0	2053	4.00	10200	22.03.15	12:11	1	30	10200	10200	00	0000011020530	0	0	0	0	0	0	0	0
$1	1669	4714	4	0	0026	1.000	590	22.03.15	12:11	1	30	590	590	00	0000000000000	0	0	0	0	0	0	0	0
$1	1669	4715	1	0	1562	1.00	2550	22.03.15	13:04	4	30	2550	2550	00	5907804205486	0	0	0	0	0	0	0	0
$1	1669	4716	1	0	2053	2.00	5100	22.03.15	13:37	1	30	5100	5100	00	0000011020530	0	0	0	0	0	0	0	0
$1	1669	4717	1	0	2433	1.00	2850	22.03.15	14:09	1	30	2850	2850	00	0000016024335	0	0	0	0	0	0	0	0
$1	1669	4717	2	0	2040	1.00	2890	22.03.15	14:09	1	30	2890	2890	00	0000016020405	0	0	0	0	0	0	0	0
$1	1669	4717	3	0	1586	1.00	1350	22.03.15	14:09	1	30	1350	1350	00	0000007015861	0	0	0	0	0	0	0	0
$1	1669	4718	1	0	2759	1.00	2490	22.03.15	14:54	1	30	2490	2490	00	0000036027590	0	0	0	0	0	0	0	0
$1	1669	4719	1	0	1503	1.00	2490	22.03.15	14:55	4	30	2490	2490	00	5907804205196	0	0	0	0	0	0	0	0
$1	1669	4720	1	0	1573	1.00	490	22.03.15	14:56	4	30	490	490	00	5906660817208	0	0	0	0	0	0	0	0
$1	1669	4721	1	0	3790	1.00	2850	22.03.15	15:01	1	30	2850	2850	00	0000025037906	0	0	0	0	0	0	0	0
$1	1669	4722	1	0	2009	1.00	3290	22.03.15	15:32	1	30	3290	3290	00	0000009020092	0	0	0	0	0	0	0	0
$1	1669	4723	1	0	1142	1.00	1590	22.03.15	15:37	1	30	1590	1590	00	0000005011421	0	0	0	0	0	0	0	0
$1	1669	4724	1	0	1168	1.00	450	22.03.15	16:14	2	30	450	450	00	5909994310261	0	0	0	0	0	0	0	0
$1	1669	4725	1	0	1693	1.00	2800	22.03.15	16:42	1	30	2800	2800	00	0000007016936	0	0	0	0	0	0	0	0
$1	1669	4725	2	0	1645	1.00	2190	22.03.15	16:42	1	30	2190	2190	00	0000007016455	0	0	0	0	0	0	0	0
$1	1670	4727	1	0	3221	1.00	4550	22.03.16	09:57	1	30	4550	4550	00	5902729034302	0	0	0	0	0	0	0	0
$1	1670	4728	1	0	2969	2.00	4180	22.03.16	10:05	2	30	4180	4180	00	0000019029696	0	0	0	0	0	0	0	0
$1	1670	4728	2	0	1887	1.00	490	22.03.16	10:05	4	30	490	490	00	5905279799721	0	0	0	0	0	0	0	0
$1	1670	4728	3	0	1202	1.00	650	22.03.16	10:05	2	30	650	650	00	5909994309326	0	0	0	0	0	0	0	0
$1	1670	4728	4	0	1234	1.00	750	22.03.16	10:05	2	30	750	750	00	5909990311910	0	0	0	0	0	0	0	0
$1	1670	4728	5	0	1181	1.00	450	22.03.16	10:05	2	30	450	450	00	5909994310964	0	0	0	0	0	0	0	0
$1	1670	4728	6	0	1231	1.00	490	22.03.16	10:05	2	30	490	490	00	5909994310469	0	0	0	0	0	0	0	0
$1	1670	4728	7	0	1232	1.00	450	22.03.16	10:05	2	30	450	450	00	5909990219520	0	0	0	0	0	0	0	0
$1	1670	4728	8	0	1191	1.00	450	22.03.16	10:05	2	30	450	450	00	5909990628490	0	0	0	0	0	0	0	0
$1	1670	4728	9	0	1165	1.00	490	22.03.16	10:05	2	30	490	490	00	5909994311169	0	0	0	0	0	0	0	0
$1	1670	4728	10	0	1210	1.00	400	22.03.16	10:05	2	30	400	400	00	5909994310360	0	0	0	0	0	0	0	0
$1	1670	4728	11	0	0972	2.00	780	22.03.16	10:05	4	30	780	780	00	5906365702359	0	0	0	0	0	0	0	0
$1	1670	4729	1	0	2692	1.00	1050	22.03.16	10:31	4	30	1050	1050	00	0000017026925	0	0	0	0	0	0	0	0
$1	1670	4729	2	0	1458	1.00	2290	22.03.16	10:31	1	30	2290	2290	00	0000034014585	0	0	0	0	0	0	0	0
$1	1670	4729	3	0	1179	1.00	700	22.03.16	10:31	2	30	700	700	00	5909994309524	0	0	0	0	0	0	0	0
$1	1670	4729	4	0	1234	1.00	750	22.03.16	10:31	2	30	750	750	00	5909990311910	0	0	0	0	0	0	0	0
$1	1670	4729	5	0	0972	1.00	390	22.03.16	10:31	4	30	390	390	00	5906365702359	0	0	0	0	0	0	0	0
$1	1670	4730	1	0	4007	1.00	1150	22.03.16	10:41	1	30	1150	1150	00	0000031040075	0	0	0	0	0	0	0	0
$1	1670	4731	1	0	1189	3.00	1770	22.03.16	10:53	2	30	1770	1770	00	5909994310711	0	0	0	0	0	0	0	0
$1	1670	4731	2	0	1218	2.00	1180	22.03.16	10:53	2	30	1180	1180	00	5909994310513	0	0	0	0	0	0	0	0
$1	1670	4732	1	0	0182	1.000	780	22.03.16	10:55	2	30	780	780	00	0000000000000	0	0	0	0	0	0	0	0
$1	1670	4733	1	0	2432	1.00	2850	22.03.16	11:02	1	30	2850	2850	00	0000016024328	0	0	0	0	0	0	0	0
$1	1670	4733	2	0	2368	1.00	2190	22.03.16	11:02	1	30	2190	2190	00	0000016023680	0	0	0	0	0	0	0	0
$1	1670	4733	3	0	3054	1.00	890	22.03.16	11:02	2	30	890	890	00	0000020030544	0	0	0	0	0	0	0	0
$1	1670	4734	1	0	1820	1.00	1990	22.03.16	11:14	1	30	1990	1990	00	5701278288101	0	0	0	0	0	0	0	0
$1	1670	4734	2	0	1818	1.00	3190	22.03.16	11:14	1	30	3190	3190	00	0000008018182	0	0	0	0	0	0	0	0
$1	1670	4734	3	0	1840	1.00	2990	22.03.16	11:14	1	30	2990	2990	00	0000008018403	0	0	0	0	0	0	0	0
$1	1670	4734	4	0	1842	1.00	3190	22.03.16	11:14	1	30	3190	3190	00	0000008018427	0	0	0	0	0	0	0	0
$1	1670	4735	1	0	2527	1.00	250	22.03.16	11:18	2	30	250	490	00	0000017025270	0	0	0	0	0	0	0	1
$1	1670	4736	1	0	1820	1.00	20	22.03.16	11:33	1	30	20	1990	00	5701278288101	0	0	0	0	0	0	0	1
$1	1670	4737	1	0	2714	1.00	1990	22.03.16	12:30	3	30	1990	1990	00	0000017027144	0	0	0	0	0	0	0	0
$1	1670	4737	2	0	3044	1.00	1290	22.03.16	12:30	4	30	1290	1290	00	0000020030445	0	0	0	0	0	0	0	0
$1	1670	4738	1	0	0464	1.00	3950	22.03.16	13:01	1	30	3950	3950	00	5907502687225	0	0	0	0	0	0	0	0
$1	1670	4739	1	0	2273	1.00	2850	22.03.16	13:03	1	30	2850	2850	00	0000014022739	0	0	0	0	0	0	0	0
$1	1670	4740	1	0	2350	3.00	2100	22.03.16	13:20	1	30	2100	2100	00	0000015023506	0	0	0	0	0	0	0	0
$1	1670	4741	1	0	2350	1.00	700	22.03.16	15:15	1	30	700	700	00	0000015023506	0	0	0	0	0	0	0	0
$1	1670	4742	1	0	0522	1.00	2590	22.03.16	15:21	1	30	2590	2590	00	5907502687706	0	0	0	0	0	0	0	0
$1	1670	4742	2	0	1574	1.00	490	22.03.16	15:21	4	30	490	490	00	5906660817215	0	0	0	0	0	0	0	0
$1	1670	4742	3	0	0668	1.00	6490	22.03.16	15:21	1	30	6490	6490	00	5902249014853	0	0	0	0	0	0	0	0
$1	1670	4743	1	0	1562	1.00	2550	22.03.16	15:26	4	30	2550	2550	00	5907804205486	0	0	0	0	0	0	0	0
$1	1670	4743	2	0	0492	1.00	3050	22.03.16	15:26	1	30	3050	3050	00	0000002004921	0	0	0	0	0	0	0	0
$1	1670	4744	1	0	0341	1.00	1790	22.03.16	15:36	1	30	1790	1790	00	5900168900011	0	0	0	0	0	0	0	0
$1	1670	4744	2	0	0333	1.00	1850	22.03.16	15:36	1	30	1850	1850	00	5900168907263	0	0	0	0	0	0	0	0
$1	1670	4744	3	0	3251	1.00	1190	22.03.16	15:36	2	30	1190	1190	00	0000022032515	0	0	0	0	0	0	0	0
$1	1670	4744	4	0	0026	1.000	590	22.03.16	15:36	1	30	590	590	00	0000000000000	0	0	0	0	0	0	0	0
$1	1670	4745	1	0	2053	1.00	2550	22.03.16	16:21	1	30	2550	2550	00	0000011020530	0	0	0	0	0	0	0	0
$1	1670	4746	1	0	1736	1.00	3490	22.03.16	17:06	1	30	3490	3490	00	0000008017369	0	0	0	0	0	0	0	0
$1	1671	4748	1	0	1008	1.00	450	22.03.17	09:35	2	30	450	450	00	5909994311367	0	0	0	0	0	0	0	0
$1	1671	4749	1	0	3063	1.00	700	22.03.17	10:15	2	30	700	700	00	0000020030636	0	0	0	0	0	0	0	0
$1	1671	4749	2	0	0525	1.00	3650	22.03.17	10:15	1	30	3650	3650	00	0000002005256	0	0	0	0	0	0	0	0
$1	1671	4749	3	0	2612	1.00	1790	22.03.17	10:15	1	30	1790	1790	00	0000017026123	0	0	0	0	0	0	0	0
$1	1671	4750	1	0	0062	1.000	590	22.03.17	10:19	1	30	590	590	00	0000000000000	0	0	0	0	0	0	0	0
$1	1671	4751	1	0	3904	1.00	3450	22.03.17	11:35	1	30	3450	3450	00	0000028039044	0	0	0	0	0	0	0	0
$1	1671	4752	1	0	3901	1.00	808	22.03.17	11:36	1	30	808	950	00	0000028039013	0	0	0	0	0	0	0	1
$10	1671	4753	1	0	0464	1.00	3950	22.03.17	12:01	1	30	3950	3950	00	5907502687225	0	0	0	0	0	0	0	0
$1	1671	4753	1	0	0513	1.00	2790	22.03.17	12:01	1	30	2790	2790	00	5907502687768	0	0	0	0	0	0	0	0
$1	1671	4754	1	0	2969	1.00	2090	22.03.17	12:34	2	30	2090	2090	00	0000019029696	0	0	0	0	0	0	0	0
$1	1671	4755	1	0	3079	1.00	790	22.03.17	12:36	2	30	790	790	00	0000020030797	0	0	0	0	0	0	0	0
$1	1671	4755	2	0	2944	1.00	990	22.03.17	12:36	1	30	990	990	00	0000031029445	0	0	0	0	0	0	0	0
$1	1671	4756	1	0	0587	1.00	1290	22.03.17	12:38	1	30	1290	1290	00	5902249011166	0	0	0	0	0	0	0	0
$1	1671	4757	1	0	1232	1.00	450	22.03.17	13:20	2	30	450	450	00	5909990219520	0	0	0	0	0	0	0	0
$1	1671	4757	2	0	1191	1.00	450	22.03.17	13:20	2	30	450	450	00	5909990628490	0	0	0	0	0	0	0	0
$10	1671	4758	1	0	0603	1.00	4150	22.03.17	13:52	1	30	4150	4150	00	5902249011074	0	0	0	0	0	0	0	0
$1	1671	4758	1	0	0606	1.00	4290	22.03.17	13:52	1	30	4290	4290	00	5902249011104	0	0	0	0	0	0	0	0
$1	1671	4759	1	0	3921	1.00	8690	22.03.17	14:37	1	30	8690	8690	00	0000014039218	0	0	0	0	0	0	0	0
$1	1671	4759	2	0	0066	2.000	2380	22.03.17	14:37	1	30	2380	2380	00	0000000000000	0	0	0	0	0	0	0	0
$1	1671	4760	1	0	1560	2.00	8780	22.03.17	15:13	4	30	8780	8780	00	5907804205363	0	0	0	0	0	0	0	0
$1	1671	4761	1	0	3901	1.00	950	22.03.17	15:18	1	30	950	950	00	0000028039013	0	0	0	0	0	0	0	0
$1	1671	4761	2	0	2350	2.00	1400	22.03.17	15:18	1	30	1400	1400	00	0000015023506	0	0	0	0	0	0	0	0
$1	1671	4762	1	0	2106	1.00	8290	22.03.17	15:20	1	30	8290	8290	00	0000012021062	0	0	0	0	0	0	0	0
$1	1671	4763	1	0	1716	1.00	3550	22.03.17	15:27	1	30	3550	3550	00	0000034017166	0	0	0	0	0	0	0	0
$1	1671	4763	2	0	2936	1.00	3990	22.03.17	15:27	1	30	3990	3990	00	0000034029367	0	0	0	0	0	0	0	0
$1	1671	4763	3	0	0225	1.000	200	22.03.17	15:27	1	30	200	200	00	0000000000000	0	0	0	0	0	0	0	0
$1	1671	4764	1	0	2053	2.00	5100	22.03.17	15:33	1	30	5100	5100	00	0000011020530	0	0	0	0	0	0	0	0
$1	1671	4765	1	0	1040	3.00	1350	22.03.17	15:34	2	30	1350	1350	00	5906365702847	0	0	0	0	0	0	0	0
$1	1671	4766	1	0	1460	1.00	1950	22.03.17	15:37	1	30	1950	1950	00	0000034014608	0	0	0	0	0	0	0	0
$1	1671	4767	1	0	1176	1.00	450	22.03.17	15:45	2	30	450	450	00	5909994401723	0	0	0	0	0	0	0	0
$1	1671	4768	1	0	1573	1.00	490	22.03.17	15:46	4	30	490	490	00	5906660817208	0	0	0	0	0	0	0	0
$1	1671	4769	1	0	0510	1.00	2590	22.03.17	15:56	1	30	2590	2590	00	5902249010466	0	0	0	0	0	0	0	0
$1	1671	4769	2	0	0557	1.00	100	22.03.17	15:56	1	30	100	2590	00	5902249010411	0	0	0	0	0	0	0	1
$1	1671	4770	1	0	1632	1.00	2390	22.03.17	16:22	1	30	2390	2390	00	0000007016325	0	0	0	0	0	0	0	0
$1	1671	4771	1	0	3793	2.00	700	22.03.17	16:52	1	30	700	700	00	0000025037937	0	0	0	0	0	0	0	0
$1	1672	4773	1	0	2022	1.00	2350	22.03.18	09:40	1	30	2350	2350	00	4752208006730	0	0	0	0	0	0	0	0
$1	1672	4773	2	0	0565	1.00	2690	22.03.18	09:40	1	30	2690	2690	00	0000002005652	0	0	0	0	0	0	0	0
$1	1672	4773	3	0	1231	1.00	490	22.03.18	09:40	2	30	490	490	00	5909994310469	0	0	0	0	0	0	0	0
$1	1672	4774	1	0	2665	1.00	1090	22.03.18	09:47	3	30	1090	1090	00	0000017026659	0	0	0	0	0	0	0	0
$1	1672	4774	2	0	0963	1.00	2190	22.03.18	09:47	2	30	2190	2190	00	0000005009633	0	0	0	0	0	0	0	0
$1	1672	4774	3	0	0607	1.00	2890	22.03.18	09:47	1	30	2890	2890	00	5902249011043	0	0	0	0	0	0	0	0
$1	1672	4774	4	0	3933	1.00	2950	22.03.18	09:47	1	30	2950	2950	00	0000031039338	0	0	0	0	0	0	0	0
$1	1672	4775	1	0	0006	1.000	6650	22.03.18	09:54	1	30	6650	6650	00	0000000000000	0	0	0	0	0	0	0	0
$1	1672	4775	2	0	3500	2.00	6580	22.03.18	09:54	1	30	6580	6580	00	0000024035002	0	0	0	0	0	0	0	0
$1	1672	4775	3	0	3497	2.00	5700	22.03.18	09:54	1	30	5700	5700	00	0000024034975	0	0	0	0	0	0	0	0
$1	1672	4776	1	0	1107	1.00	450	22.03.18	10:51	2	30	450	450	00	5909994311466	0	0	0	0	0	0	0	0
$1	1672	4776	2	0	1196	1.00	590	22.03.18	10:51	2	30	590	590	00	5909990468324	0	0	0	0	0	0	0	0
$1	1672	4776	3	0	1231	1.00	490	22.03.18	10:51	2	30	490	490	00	5909994310469	0	0	0	0	0	0	0	0
$1	1672	4776	4	0	1249	1.00	790	22.03.18	10:51	2	30	790	790	00	5909994310667	0	0	0	0	0	0	0	0
$1	1672	4777	1	0	0002	1.000	1090	22.03.18	10:57	1	30	1090	1090	00	0000000000000	0	0	0	0	0	0	0	0
$1	1672	4777	2	0	2350	1.00	700	22.03.18	10:57	1	30	700	700	00	0000015023506	0	0	0	0	0	0	0	0
$1	1672	4778	1	0	4061	1.00	3890	22.03.18	11:28	1	30	3890	3890	00	4250382202998	0	0	0	0	0	0	0	0
$1	1672	4778	2	0	4060	1.00	6950	22.03.18	11:28	2	30	6950	6950	00	4250382200123	0	0	0	0	0	0	0	0
$1	1672	4778	3	0	3076	5.00	2450	22.03.18	11:28	2	30	2450	2450	00	0000020030766	0	0	0	0	0	0	0	0
$1	1672	4779	1	0	2350	2.00	1400	22.03.18	11:29	1	30	1400	1400	00	0000015023506	0	0	0	0	0	0	0	0
$1	1672	4780	1	0	1574	1.00	490	22.03.18	11:30	4	30	490	490	00	5906660817215	0	0	0	0	0	0	0	0
$1	1672	4781	1	0	2053	1.00	2550	22.03.18	11:31	1	30	2550	2550	00	0000011020530	0	0	0	0	0	0	0	0
$1	1672	4782	1	0	0862	1.00	4590	22.03.18	11:36	1	30	4590	4590	00	0000004008620	0	0	0	0	0	0	0	0
$1	1672	4782	2	0	0583	1.00	4050	22.03.18	11:36	1	30	4050	4050	00	5902249010589	0	0	0	0	0	0	0	0
$1	1672	4783	1	0	4023	1.00	2650	22.03.18	11:37	1	30	2650	2650	00	0000031040235	0	0	0	0	0	0	0	0
$1	1672	4784	1	0	2350	3.00	2100	22.03.18	11:40	1	30	2100	2100	00	0000015023506	0	0	0	0	0	0	0	0
$1	1672	4785	1	0	1233	2.00	1400	22.03.18	11:42	2	30	1400	1400	00	5909990628223	0	0	0	0	0	0	0	0
$1	1672	4785	2	0	1097	1.00	400	22.03.18	11:42	4	30	400	400	00	5909994310568	0	0	0	0	0	0	0	0
$1	1672	4786	1	0	1738	1.00	3950	22.03.18	11:54	1	30	3950	3950	00	0000008017383	0	0	0	0	0	0	0	0
$1	1672	4786	2	0	3212	1.00	590	22.03.18	11:54	1	30	590	590	00	0000008032126	0	0	0	0	0	0	0	0
$1	1672	4787	1	0	0037	1.000	10000	22.03.18	11:59	1	30	10000	10000	00	0000000000000	0	0	0	0	0	0	0	0
$1	1672	4788	1	0	3939	1.00	1490	22.03.18	12:10	1	30	1490	1490	00	0000031039390	0	0	0	0	0	0	0	0
$1	1672	4788	2	0	3981	1.00	1990	22.03.18	12:10	1	30	1990	1990	00	0000031039819	0	0	0	0	0	0	0	0
$1	1672	4789	1	0	2053	2.00	5100	22.03.18	12:25	1	30	5100	5100	00	0000011020530	0	0	0	0	0	0	0	0
$1	1672	4789	2	0	2050	1.00	2550	22.03.18	12:25	1	30	2550	2550	00	0000011020509	0	0	0	0	0	0	0	0
$1	1672	4789	3	0	0031	1.000	2000	22.03.18	12:25	1	30	2000	2000	00	0000000000000	0	0	0	0	0	0	0	0
$1	1672	4790	1	0	1543	1.00	4890	22.03.18	12:35	4	30	4890	4890	00	5907804205073	0	0	0	0	0	0	0	0
$1	1672	4791	1	0	3482	1.00	1890	22.03.18	12:41	1	30	1890	1890	00	0000001034820	0	0	0	0	0	0	0	0
$1	1672	4792	1	0	3445	1.00	4450	22.03.18	13:15	1	30	4450	4450	00	0000016034457	0	0	0	0	0	0	0	0
$1	1672	4793	1	0	1203	1.00	6	22.03.18	14:04	2	30	590	590	00	5909990219612	0	1	0	0	0	0	0	0
$1	1672	4793	2	0	2729	1.00	34	22.03.18	14:04	2	30	3390	3390	00	0000017027298	0	1	0	0	0	0	0	0
$1	1672	4794	1	0	0041	1.000	2550	22.03.18	15:05	1	30	2550	2550	00	0000000000000	0	0	0	0	0	0	0	0
$1	1672	4795	1	0	2277	1.00	3750	22.03.18	15:26	1	30	3750	3750	00	0000014022777	0	0	0	0	0	0	0	0
$1	1672	4796	1	0	0975	1.00	700	22.03.18	16:30	2	30	700	700	00	0000005009756	0	0	0	0	0	0	0	0
$1	1672	4796	2	0	2665	1.00	1090	22.03.18	16:30	3	30	1090	1090	00	0000017026659	0	0	0	0	0	0	0	0
$1	1672	4796	3	0	0982	1.00	490	22.03.18	16:30	2	30	490	490	00	5907752643385	0	0	0	0	0	0	0	0
$1	1672	4796	4	0	1170	1.00	490	22.03.18	16:30	2	30	490	490	00	5909994311565	0	0	0	0	0	0	0	0
$1	1673	4798	1	0	0895	1.00	4400	22.03.19	09:53	1	30	4400	4400	00	0000004008958	0	0	0	0	0	0	0	0
$1	1673	4799	1	0	1751	1.00	4550	22.03.19	10:06	1	30	4550	4550	00	0000008017512	0	0	0	0	0	0	0	0
$1	1673	4800	1	0	3669	1.00	2990	22.03.19	10:10	1	30	2990	2990	00	0000023036697	0	0	0	0	0	0	0	0
$1	1673	4801	1	0	0304	1.00	2250	22.03.19	10:35	1	30	2250	2250	00	5900168908451	0	0	0	0	0	0	0	0
$1	1673	4802	1	0	1818	1.00	3190	22.03.19	10:43	1	30	3190	3190	00	0000008018182	0	0	0	0	0	0	0	0
$1	1673	4802	2	0	2947	1.00	1690	22.03.19	10:43	1	30	1690	1690	00	0000031029476	0	0	0	0	0	0	0	0
$1	1673	4802	3	0	0026	1.000	1590	22.03.19	10:43	1	30	1590	1590	00	0000000000000	0	0	0	0	0	0	0	0
$1	1673	4803	1	0	1232	1.00	450	22.03.19	11:05	2	30	450	450	00	5909990219520	0	0	0	0	0	0	0	0
$1	1673	4804	1	0	0026	1.000	590	22.03.19	11:12	1	30	590	590	00	0000000000000	0	0	0	0	0	0	0	0
$1	1673	4804	2	0	2053	1.00	2550	22.03.19	11:12	1	30	2550	2550	00	0000011020530	0	0	0	0	0	0	0	0
$1	1673	4805	1	0	1190	1.00	590	22.03.19	11:13	2	30	590	590	00	0000005011902	0	0	0	0	0	0	0	0
$10	1673	4806	1	0	1537	1.00	1750	22.03.19	11:25	4	30	1750	1750	00	5907804205035	0	0	0	0	0	0	0	0
$1	1673	4806	1	0	0093	1.000	1850	22.03.19	11:25	3	30	1850	1850	00	0000000000000	0	0	0	0	0	0	0	0
$1	1673	4807	1	0	3233	1.00	5950	22.03.19	11:30	1	30	5950	5950	00	0000018032338	0	0	0	0	0	0	0	0
$1	1673	4808	1	0	3465	1.00	4690	22.03.19	12:02	1	30	4690	4690	00	0000024034654	0	0	0	0	0	0	0	0
$1	1673	4808	2	0	2014	1.00	4990	22.03.19	12:02	2	30	4990	4990	00	0000009020146	0	0	0	0	0	0	0	0
$1	1673	4808	3	0	0225	1.000	460	22.03.19	12:02	1	30	460	460	00	0000000000000	0	0	0	0	0	0	0	0
$1	1673	4809	1	0	1495	1.00	6650	22.03.19	12:07	4	30	6650	6650	00	5907804205288	0	0	0	0	0	0	0	0
$1	1673	4809	2	0	1507	1.00	5950	22.03.19	12:07	4	30	5950	5950	00	5907804205233	0	0	0	0	0	0	0	0
$1	1673	4810	1	0	0066	1.000	1190	22.03.19	12:35	1	30	1190	1190	00	0000000000000	0	0	0	0	0	0	0	0
$1	1673	4811	1	0	2828	1.00	12890	22.03.19	12:42	1	30	12890	12890	00	0000018028287	0	0	0	0	0	0	0	0
$1	1673	4811	2	0	3163	1.00	11050	22.03.19	12:42	1	30	11050	11050	00	0000018031638	0	0	0	0	0	0	0	0
$1	1675	4814	1	0	0895	1.00	4400	22.03.22	09:38	1	30	4400	4400	00	0000004008958	0	0	0	0	0	0	0	0
$1	1675	4814	2	0	4030	1.00	1350	22.03.22	09:38	1	30	1350	1350	00	0000031040303	0	0	0	0	0	0	0	0
$1	1675	4815	1	0	2945	1.00	2190	22.03.22	10:27	1	30	2190	2190	00	0000031029452	0	0	0	0	0	0	0	0
$1	1675	4815	2	0	2946	1.00	2250	22.03.22	10:27	1	30	2250	2250	00	0000031029469	0	0	0	0	0	0	0	0
$1	1675	4816	1	0	2419	2.00	2300	22.03.22	11:00	1	30	2300	2300	00	0000016024199	0	0	0	0	0	0	0	0
$1	1675	4817	1	0	1997	1.00	3890	22.03.22	11:40	1	30	3890	3890	00	0000009019973	0	0	0	0	0	0	0	0
$1	1675	4817	2	0	0988	1.00	790	22.03.22	11:40	1	30	790	790	00	0000005009886	0	0	0	0	0	0	0	0
$1	1675	4817	3	0	3067	1.00	1450	22.03.22	11:40	4	30	1450	1450	00	0000020030674	0	0	0	0	0	0	0	0
$1	1675	4818	1	0	0227	1.000	690	22.03.22	11:48	1	30	690	690	00	0000000000000	0	0	0	0	0	0	0	0
$1	1675	4818	2	0	0026	1.000	1090	22.03.22	11:48	1	30	1090	1090	00	0000000000000	0	0	0	0	0	0	0	0
$1	1675	4818	3	0	0025	1.000	480	22.03.22	11:48	1	30	480	480	00	0000000000000	0	0	0	0	0	0	0	0
$1	1675	4818	4	0	0038	1.000	190	22.03.22	11:48	1	30	190	190	00	0000000000000	0	0	0	0	0	0	0	0
$1	1675	4818	5	0	0570	1.00	690	22.03.22	11:48	1	30	690	690	00	5902249010503	0	0	0	0	0	0	0	0
$1	1675	4819	1	0	3488	1.00	2790	22.03.22	12:06	1	30	2790	2790	00	0000016034884	0	0	0	0	0	0	0	0
$1	1675	4820	1	0	2359	1.00	5950	22.03.22	12:10	1	30	5950	5950	00	0000001023596	0	0	0	0	0	0	0	0
$1	1675	4820	2	0	0508	1.00	2190	22.03.22	12:10	1	30	2190	2190	00	5902249010459	0	0	0	0	0	0	0	0
$1	1675	4821	1	0	3575	1.00	2590	22.03.22	12:40	1	30	2590	2590	00	0000020035754	0	0	0	0	0	0	0	0
$1	1675	4822	1	0	3901	1.00	950	22.03.22	12:54	1	30	950	950	00	0000028039013	0	0	0	0	0	0	0	0
$1	1675	4822	2	0	0304	1.00	23	22.03.22	12:54	1	30	23	2250	00	5900168908451	0	0	0	0	0	0	0	1
$1	1675	4823	1	0	0001	1.000	890	22.03.22	14:31	1	30	890	890	00	0000000000000	0	0	0	0	0	0	0	0
$1	1675	4824	1	0	2543	1.00	1290	22.03.22	15:25	2	30	1290	1290	00	0000017025430	0	0	0	0	0	0	0	0
$1	1675	4825	1	0	0609	1.00	4490	22.03.22	15:36	1	30	4490	4490	00	5902249011111	0	0	0	0	0	0	0	0
$1	1675	4826	1	0	3026	1.00	1390	22.03.22	15:44	2	30	1390	1390	00	0000020030261	0	0	0	0	0	0	0	0
$1	1675	4827	1	0	1016	2.00	900	22.03.22	15:54	4	30	900	900	00	5906365702380	0	0	0	0	0	0	0	0
$1	1675	4827	2	0	1149	1.00	490	22.03.22	15:54	2	30	490	490	00	5909994311961	0	0	0	0	0	0	0	0
$1	1675	4827	3	0	1013	1.00	490	22.03.22	15:54	4	30	490	490	00	5909990628438	0	0	0	0	0	0	0	0
$1	1675	4827	4	0	1197	1.00	450	22.03.22	15:54	2	30	450	450	00	5909994309128	0	0	0	0	0	0	0	0
$1	1675	4827	5	0	1249	1.00	790	22.03.22	15:54	2	30	790	790	00	5909994310667	0	0	0	0	0	0	0	0
$1	1675	4827	6	0	1207	1.00	490	22.03.22	15:54	2	30	490	490	00	5909994309821	0	0	0	0	0	0	0	0
$1	1675	4827	7	0	1230	1.00	450	22.03.22	15:54	2	30	450	450	00	5909994310766	0	0	0	0	0	0	0	0
$1	1675	4827	8	0	1008	3.00	1350	22.03.22	15:54	2	30	1350	1350	00	5909994311367	0	0	0	0	0	0	0	0
$1	1675	4828	1	0	4061	1.00	3890	22.03.22	16:03	1	30	3890	3890	00	4250382202998	0	0	0	0	0	0	0	0
$1	1676	4831	1	0	0662	1.00	3350	22.03.23	09:34	1	30	3350	3350	00	5902249014952	0	0	0	0	0	0	0	0
$1	1676	4832	1	0	1510	1.00	1050	22.03.23	10:27	4	30	1050	1050	00	5906660810575	0	0	0	0	0	0	0	0
$1	1676	4832	2	0	3319	1.00	1890	22.03.23	10:27	2	30	1890	1890	00	0000022033192	0	0	0	0	0	0	0	0
$1	1676	4833	1	0	1495	1.00	67	22.03.23	10:57	4	30	6650	6650	00	0000007014956	0	1	0	0	0	0	0	0
$1	1676	4833	2	0	2729	1.00	34	22.03.23	10:57	2	30	3390	3390	00	0000017027298	0	1	0	0	0	0	0	0
$1	1676	4834	1	0	1000	1.00	59	22.03.23	11:47	2	30	59	590	00	5906365702922	0	0	0	0	0	0	0	1
$1	1676	4835	1	0	2431	1.00	2790	22.03.23	11:54	1	30	2790	2790	00	0000016024311	0	0	0	0	0	0	0	0
$1	1676	4835	2	0	2091	1.00	7900	22.03.23	11:54	1	30	7900	7900	00	0000012020911	0	0	0	0	0	0	0	0
$1	1676	4835	3	0	1901	1.00	1790	22.03.23	11:54	1	30	1790	1790	00	0000009019010	0	0	0	0	0	0	0	0
$1	1676	4836	1	0	1249	2.00	1580	22.03.23	12:39	2	30	1580	1580	00	5909994310667	0	0	0	0	0	0	0	0
$1	1676	4837	1	0	0585	1.00	2025	22.03.23	12:59	1	30	2025	4050	00	0000002005850	0	0	0	0	0	0	0	1
$1	1676	4837	2	0	0026	1.000	2390	22.03.23	12:59	1	30	2390	2390	00	0000000000000	0	0	0	0	0	0	0	0
$1	1676	4837	3	0	3042	1.00	850	22.03.23	12:59	2	30	850	850	00	0000020030421	0	0	0	0	0	0	0	0
$1	1676	4837	4	0	0557	1.00	100	22.03.23	12:59	1	30	100	2590	00	0000002005577	0	0	0	0	0	0	0	1
$1	1676	4838	1	0	0323	1.00	2790	22.03.23	15:09	1	30	2790	2790	00	5900168902688	0	0	0	0	0	0	0	0
$1	1676	4839	1	0	2344	1.00	1990	22.03.23	15:09	1	30	1990	1990	00	5900168907690	0	0	0	0	0	0	0	0
$1	1676	4840	1	0	0727	1.00	8250	22.03.23	15:10	1	30	8250	8250	00	0000003007273	0	0	0	0	0	0	0	0
$1	1676	4841	1	0	3459	1.00	5450	22.03.23	15:24	1	30	5450	5450	00	0000014034596	0	0	0	0	0	0	0	0
$1	1676	4841	2	0	2275	1.00	3750	22.03.23	15:24	1	30	3750	3750	00	0000014022753	0	0	0	0	0	0	0	0
$1	1676	4842	1	0	2871	1.00	8150	22.03.23	16:04	1	30	8150	8150	00	0000018028713	0	0	0	0	0	0	0	0
$1	1676	4842	2	0	2876	1.00	8290	22.03.23	16:04	1	30	8290	8290	00	0000018028768	0	0	0	0	0	0	0	0
$1	1676	4842	3	0	2877	1.00	6590	22.03.23	16:04	1	30	6590	6590	00	0000018028775	0	0	0	0	0	0	0	0
$1	1676	4843	1	0	1958	1.00	199	22.03.23	16:38	1	30	1990	1990	00	0680275060161	0	1	0	0	0	0	0	0
$1	1676	4843	2	0	0846	1.00	369	22.03.23	16:38	1	30	3690	3690	00	0000024008464	0	1	0	0	0	0	0	0
$1	1677	4846	1	0	1226	1.00	490	22.03.24	10:28	2	30	490	490	00	5909990219025	0	0	0	0	0	0	0	0
$1	1677	4847	1	0	2729	1.00	3390	22.03.24	11:01	2	30	3390	3390	00	0000017027298	0	0	0	0	0	0	0	0
$1	1677	4847	2	0	2577	1.00	4850	22.03.24	11:01	2	30	4850	4850	00	0000017025775	0	0	0	0	0	0	0	0
$1	1677	4847	3	0	1115	2.00	1100	22.03.24	11:01	2	30	1100	1100	00	5905279799615	0	0	0	0	0	0	0	0
$1	1677	4847	4	0	1887	2.00	980	22.03.24	11:01	4	30	980	980	00	5905279799721	0	0	0	0	0	0	0	0
$1	1677	4848	1	0	1887	1.00	490	22.03.24	11:03	4	30	490	490	00	5905279799721	0	0	0	0	0	0	0	0
$1	1677	4848	2	0	1115	1.00	550	22.03.24	11:03	2	30	550	550	00	5905279799615	0	0	0	0	0	0	0	0
$1	1677	4849	1	0	3251	1.00	1190	22.03.24	11:10	2	30	1190	1190	00	0000022032515	0	0	0	0	0	0	0	0
$1	1677	4849	2	0	3651	1.00	2712	22.03.24	11:10	1	30	2712	3190	00	0000009036512	0	0	0	0	0	0	0	1
$1	1677	4850	1	0	1605	1.00	790	22.03.24	11:13	1	30	790	790	00	0000007016059	0	0	0	0	0	0	0	0
$1	1677	4850	2	0	0243	1.000	1190	22.03.24	11:13	1	30	1190	1190	00	0000000000000	0	0	0	0	0	0	0	0
$1	1677	4851	1	0	1068	1.00	650	22.03.24	11:14	2	30	650	650	00	5905279799400	0	0	0	0	0	0	0	0
$1	1677	4852	1	0	2282	1.00	2390	22.03.24	11:30	1	30	2390	2390	00	0000014022821	0	0	0	0	0	0	0	0
$1	1677	4853	1	0	1049	1.00	1390	22.03.24	11:51	4	30	1390	1390	00	0000005010493	0	0	0	0	0	0	0	0
$1	1677	4854	1	0	2119	1.00	2350	22.03.24	12:11	1	30	2350	2350	00	0000031021197	0	0	0	0	0	0	0	0
$1	1677	4855	1	0	3168	1.00	2890	22.03.24	12:47	1	30	2890	2890	00	0000018031683	0	0	0	0	0	0	0	0
$1	1677	4856	1	0	0862	1.00	4590	22.03.24	12:51	1	30	4590	4590	00	0000004008620	0	0	0	0	0	0	0	0
$1	1677	4856	2	0	3901	1.00	950	22.03.24	12:51	1	30	950	950	00	0000028039013	0	0	0	0	0	0	0	0
$1	1677	4857	1	0	2348	1.00	4290	22.03.24	13:14	1	30	4290	4290	00	0000004023487	0	0	0	0	0	0	0	0
$1	1677	4858	1	0	0031	1.000	2200	22.03.24	13:35	1	30	2200	2200	00	0000000000000	0	0	0	0	0	0	0	0
$1	1677	4859	1	0	0972	1.00	390	22.03.24	14:10	4	30	390	390	00	5906365702359	0	0	0	0	0	0	0	0
$1	1677	4859	2	0	0972	1.00	390	22.03.24	14:10	4	30	390	390	00	5906365702359	0	0	0	0	0	0	0	0
$1	1677	4860	1	0	3265	1.00	1750	22.03.24	14:51	4	30	1750	1750	00	5905279799783	0	0	0	0	0	0	0	0
$1	1677	4861	1	0	3169	2.00	6380	22.03.24	15:12	1	30	6380	6380	00	0000008031693	0	0	0	0	0	0	0	0
$1	1677	4861	2	0	2648	1.00	1650	22.03.24	15:12	2	30	1650	1650	00	0000017026482	0	0	0	0	0	0	0	0
$1	1677	4861	3	0	2532	1.00	2550	22.03.24	15:12	2	30	2550	2550	00	0000017025324	0	0	0	0	0	0	0	0
$1	1677	4862	1	0	0972	1.00	390	22.03.24	15:25	4	30	390	390	00	5906365702359	0	0	0	0	0	0	0	0
$1	1677	4863	1	0	1132	1.00	590	22.03.24	15:30	2	30	590	590	00	0000005011322	0	0	0	0	0	0	0	0
$1	1677	4863	2	0	3208	1.00	1590	22.03.24	15:30	1	30	1590	1590	00	0000021032080	0	0	0	0	0	0	0	0
$1	1677	4864	1	0	0231	1.000	320	22.03.24	15:33	1	30	320	320	00	0000000000000	0	0	0	0	0	0	0	0
$1	1677	4865	1	0	0521	1.00	2590	22.03.24	16:43	1	30	2590	2590	00	0000002005218	0	0	0	0	0	0	0	0
$1	1678	4868	1	0	0487	1.00	2490	22.03.25	09:44	1	30	2490	2490	00	5902249010695	0	0	0	0	0	0	0	0
$1	1678	4868	2	0	3736	1.00	3390	22.03.25	09:44	1	30	3390	3390	00	0000025037364	0	0	0	0	0	0	0	0
$1	1678	4868	3	0	2724	1.00	2050	22.03.25	09:44	2	30	2050	2050	00	0000017027243	0	0	0	0	0	0	0	0
$1	1678	4868	4	0	1207	1.00	490	22.03.25	09:44	2	30	490	490	00	5909994309821	0	0	0	0	0	0	0	0
$1	1678	4868	5	0	1107	1.00	450	22.03.25	09:44	2	30	450	450	00	5909994311466	0	0	0	0	0	0	0	0
$1	1678	4868	6	0	1887	1.00	490	22.03.25	09:44	4	30	490	490	00	5905279799721	0	0	0	0	0	0	0	0
$1	1678	4868	7	0	1178	2.00	900	22.03.25	09:44	2	30	900	900	00	5909990628360	0	0	0	0	0	0	0	0
$1	1678	4869	1	0	3090	1.00	750	22.03.25	10:22	2	30	750	750	00	0000020030902	0	0	0	0	0	0	0	0
$1	1678	4870	1	0	2350	2.00	1400	22.03.25	10:44	1	30	1400	1400	00	0000015023506	0	0	0	0	0	0	0	0
$1	1678	4871	1	0	4060	1.00	6950	22.03.25	11:26	2	30	6950	6950	00	0000027040607	0	0	0	0	0	0	0	0
$1	1678	4871	2	0	1273	1.00	2490	22.03.25	11:26	1	30	2490	2490	00	0000006012731	0	0	0	0	0	0	0	0
$1	1678	4871	3	0	1307	1.00	2750	22.03.25	11:26	3	30	2750	2750	00	0000006013073	0	0	0	0	0	0	0	0
$1	1678	4871	4	0	1574	2.00	980	22.03.25	11:26	4	30	980	980	00	5906660817215	0	0	0	0	0	0	0	0
$1	1678	4872	1	0	1133	1.00	1150	22.03.25	11:34	4	30	1150	1150	00	5905279799592	0	0	0	0	0	0	0	0
$1	1678	4873	1	0	1249	1.00	790	22.03.25	12:03	2	30	790	790	00	5909994310667	0	0	0	0	0	0	0	0
$1	1678	4874	1	0	0026	2.000	1180	22.03.25	12:40	1	30	1180	1180	00	0000000000000	0	0	0	0	0	0	0	0
$1	1678	4874	2	0	0026	1.000	590	22.03.25	12:40	1	30	590	590	00	0000000000000	0	0	0	0	0	0	0	0
$12	1678	1	1	0	1821	1.00	1990	22.03.25	12:54	1	30	1990	1990	00	5701278288149	0	0	0	0	0	0	0	0
$1	1678	4876	1	0	0324	1.00	20	22.03.25	12:55	1	30	1950	1950	00	5905279370333	0	1	0	0	0	0	0	0
$1	1678	4876	2	0	3532	1.00	123	22.03.25	12:55	1	30	12250	12250	00	0000024035323	0	1	0	0	0	0	0	0
$1	1678	4876	3	0	0540	1.00	25	22.03.25	12:55	1	30	2490	2490	00	5902249010091	0	1	0	0	0	0	0	0
$1	1678	4876	4	0	3485	1.00	29	22.03.25	12:55	1	30	2850	2850	00	0000001034851	0	1	0	0	0	0	0	0
$1	1678	4876	5	0	0371	1.00	15	22.03.25	12:55	1	30	1450	1450	00	5906874565292	0	1	0	0	0	0	0	0
$1	1678	4876	6	0	1721	1.00	64	22.03.25	12:55	1	30	6350	6350	00	0000008017215	0	1	0	0	0	0	0	0
$1	1678	4876	7	0	2523	1.00	28	22.03.25	12:55	2	30	2790	2790	00	5904960010718	0	1	0	0	0	0	0	0
$1	1678	4876	8	0	3260	1.00	30	22.03.25	12:55	1	30	2950	2950	00	5900168906860	0	1	0	0	0	0	0	0
$1	1678	4877	1	0	1728	1.00	6350	22.03.25	13:10	1	30	6350	6350	00	0000008017284	0	0	0	0	0	0	0	0
$10	1678	4878	1	0	1055	1.00	890	22.03.25	14:38	4	30	890	890	00	5905279799141	0	0	0	0	0	0	0	0
$1	1678	4878	1	0	1203	1.00	590	22.03.25	14:38	2	30	590	590	00	5909990219612	0	0	0	0	0	0	0	0
$1	1678	4879	1	0	0881	1.00	5490	22.03.25	15:01	1	30	5490	5490	00	0000004008811	0	0	0	0	0	0	0	0
$1	1678	4880	1	0	3131	1.00	85	22.03.25	15:42	2	30	85	850	00	0000020031312	0	0	0	0	0	0	0	1
$1	1678	4881	1	0	2720	1.00	2750	22.03.25	16:01	2	30	2750	2750	00	0000017027205	0	0	0	0	0	0	0	0
$1	1678	4882	1	0	1716	1.00	3550	22.03.25	16:14	1	30	3550	3550	00	0000034017166	0	0	0	0	0	0	0	0
$1	1678	4882	2	0	1436	1.00	2850	22.03.25	16:14	1	30	2850	2850	00	0000034014363	0	0	0	0	0	0	0	0
$1	1678	4882	3	0	1689	1.00	2890	22.03.25	16:14	1	30	2890	2890	00	0000007016899	0	0	0	0	0	0	0	0
$1	1678	4883	1	0	2357	1.00	11850	22.03.25	16:16	1	30	11850	11850	00	0000001023572	0	0	0	0	0	0	0	0
$1	1678	4883	2	0	1725	1.00	7950	22.03.25	16:16	1	30	7950	7950	00	0000008017253	0	0	0	0	0	0	0	0
$1	1678	4884	1	0	1843	1.00	2650	22.03.25	16:32	1	30	2650	2650	00	0000008018434	0	0	0	0	0	0	0	0
$1	1678	4885	1	0	2498	1.00	1450	22.03.25	16:55	4	30	1450	1450	00	0000020024987	0	0	0	0	0	0	0	0
$1	1678	4885	2	0	3044	1.00	1290	22.03.25	16:55	4	30	1290	1290	00	0000020030445	0	0	0	0	0	0	0	0
$1	1678	4885	3	0	1605	1.00	790	22.03.25	16:55	1	30	790	790	00	0000007016059	0	0	0	0	0	0	0	0
$1	1678	4885	4	0	1589	1.00	1350	22.03.25	16:55	1	30	1350	1350	00	0000007015892	0	0	0	0	0	0	0	0
$1	1678	4885	5	0	3060	1.00	750	22.03.25	16:55	2	30	750	750	00	0000020030605	0	0	0	0	0	0	0	0
$1	1678	4885	6	0	3043	1.00	700	22.03.25	16:55	2	30	700	700	00	0000020030438	0	0	0	0	0	0	0	0
$1	1678	4885	7	0	2705	1.00	1690	22.03.25	16:55	2	30	1690	1690	00	0000017027052	0	0	0	0	0	0	0	0
$1	1678	4885	8	0	2259	1.00	1690	22.03.25	16:55	2	30	1690	1690	00	0000020022594	0	0	0	0	0	0	0	0
$1	1678	4885	9	0	1503	1.00	2490	22.03.25	16:55	4	30	2490	2490	00	5907804205196	0	0	0	0	0	0	0	0
$1	1678	4885	10	0	1562	1.00	2550	22.03.25	16:55	4	30	2550	2550	00	5907804205486	0	0	0	0	0	0	0	0
$1	1678	4885	11	0	0617	1.00	2190	22.03.25	16:55	1	30	2190	2190	00	5902249011265	0	0	0	0	0	0	0	0
$1	1678	4885	12	0	0225	1.000	250	22.03.25	16:55	1	30	250	250	00	0000000000000	0	0	0	0	0	0	0	0
$1	1679	4888	1	0	0727	1.00	8250	22.03.26	09:28	1	30	8250	8250	00	0000003007273	0	0	0	0	0	0	0	0
$1	1679	4889	1	0	2935	1.00	8390	22.03.26	10:04	1	30	8390	8390	00	0000034029350	0	0	0	0	0	0	0	0
$1	1679	4890	1	0	2743	1.00	2900	22.03.26	10:46	1	30	2900	2900	00	0000035027430	0	0	0	0	0	0	0	0
$1	1679	4890	2	0	2270	1.00	4190	22.03.26	10:46	1	30	4190	4190	00	0000014022708	0	0	0	0	0	0	0	0
$1	1679	4891	1	0	0639	1.00	3090	22.03.26	10:47	1	30	3090	3090	00	0000002006390	0	0	0	0	0	0	0	0
$1	1679	4892	1	0	2092	1.00	7050	22.03.26	11:13	1	30	7050	7050	00	0000012020928	0	0	0	0	0	0	0	0
$1	1679	4893	1	0	0066	1.000	1190	22.03.26	11:31	1	30	1190	1190	00	0000000000000	0	0	0	0	0	0	0	0
$1	1679	4893	2	0	3465	1.00	4690	22.03.26	11:31	1	30	4690	4690	00	0000024034654	0	0	0	0	0	0	0	0
$1	1679	4893	3	0	0002	1.000	2990	22.03.26	11:31	1	30	2990	2990	00	0000000000000	0	0	0	0	0	0	0	0
$1	1679	4894	1	0	3599	1.00	5290	22.03.26	11:35	1	30	5290	5290	00	0000012035991	0	0	0	0	0	0	0	0
$1	1679	4895	1	0	3779	1.00	1390	22.03.26	11:45	1	30	1390	1390	00	0000025037791	0	0	0	0	0	0	0	0
$1	1679	4895	2	0	0603	1.00	4150	22.03.26	11:45	1	30	4150	4150	00	5902249011074	0	0	0	0	0	0	0	0
$1	1679	4895	3	0	0589	1.00	3550	22.03.26	11:45	1	30	3550	3550	00	5907502687942	0	0	0	0	0	0	0	0
$1	1679	4896	1	0	0026	1.000	2290	22.03.26	11:47	1	30	2290	2290	00	0000000000000	0	0	0	0	0	0	0	0
$1	1679	4897	1	0	2009	1.00	3290	22.03.26	12:24	1	30	3290	3290	00	0000009020092	0	0	0	0	0	0	0	0
$1	1679	4897	2	0	0002	1.000	2990	22.03.26	12:24	1	30	2990	2990	00	0000000000000	0	0	0	0	0	0	0	0
$1	1679	4897	3	0	3505	1.00	4650	22.03.26	12:24	1	30	4650	4650	00	0000024035057	0	0	0	0	0	0	0	0
$1	1679	4897	4	0	3526	1.00	4250	22.03.26	12:24	1	30	4250	4250	00	0000024035262	0	0	0	0	0	0	0	0
$1	1679	4897	5	0	0016	1.000	3190	22.03.26	12:24	1	30	3190	3190	00	0000000000000	0	0	0	0	0	0	0	0
$1	1679	4897	6	0	1719	1.00	3550	22.03.26	12:24	1	30	3550	3550	00	0000034017197	0	0	0	0	0	0	0	0
$1	1679	4897	7	0	1716	1.00	3550	22.03.26	12:24	1	30	3550	3550	00	0000034017166	0	0	0	0	0	0	0	0
$1	1679	4897	8	0	1436	1.00	2850	22.03.26	12:24	1	30	2850	2850	00	0000034014363	0	0	0	0	0	0	0	0
$1	1679	4898	1	0	1513	1.00	2050	22.03.26	12:27	4	30	2050	2050	00	5907804205271	0	0	0	0	0	0	0	0
$1	1679	4898	2	0	1503	1.00	2490	22.03.26	12:27	4	30	2490	2490	00	5907804205196	0	0	0	0	0	0	0	0
$1	1679	4899	1	0	2799	1.00	7850	22.03.26	12:29	1	30	7850	7850	00	0000018027990	0	0	0	0	0	0	0	0
$1	1679	4900	1	0	0224	1.000	920	22.03.26	12:33	1	30	920	920	00	0000000000000	0	0	0	0	0	0	0	0
$1	1679	4900	2	0	3598	1.00	950	22.03.26	12:33	1	30	950	950	00	0000012035984	0	0	0	0	0	0	0	0
$1	1679	4901	1	0	2106	1.00	8290	22.03.26	12:46	1	30	8290	8290	00	0000012021062	0	0	0	0	0	0	0	0
$1	1679	4902	1	0	3528	1.00	3690	22.03.26	12:55	1	30	3690	3690	00	0000024035286	0	0	0	0	0	0	0	0
$1	1679	4902	2	0	0006	1.000	4550	22.03.26	12:55	1	30	4550	4550	00	0000000000000	0	0	0	0	0	0	0	0
$1	1679	4903	1	0	3599	1.00	5290	22.03.26	12:58	1	30	5290	5290	00	0000012035991	0	0	0	0	0	0	0	0
$1	1679	4903	2	0	2274	1.00	4190	22.03.26	12:58	1	30	4190	4190	00	0000014022746	0	0	0	0	0	0	0	0
$1	1679	4904	1	0	0459	1.00	2490	22.03.26	13:00	1	30	2490	2490	00	5907502687201	0	0	0	0	0	0	0	0
$1	1680	4906	1	0	0527	1.00	3650	22.03.29	09:06	1	30	3650	3650	00	5907502687690	0	0	0	0	0	0	0	0
$1	1680	4906	2	0	0601	1.00	2790	22.03.29	09:06	1	30	2790	2790	00	5902249010992	0	0	0	0	0	0	0	0
$1	1680	4907	1	0	1035	1.00	490	22.03.29	10:14	4	30	490	490	00	5909994310124	0	0	0	0	0	0	0	0
$1	1680	4907	2	0	1210	1.00	400	22.03.29	10:14	2	30	400	400	00	5909994310360	0	0	0	0	0	0	0	0
$1	1680	4907	3	0	1197	1.00	450	22.03.29	10:14	2	30	450	450	00	5909994309128	0	0	0	0	0	0	0	0
$1	1680	4907	4	0	1232	1.00	450	22.03.29	10:14	2	30	450	450	00	5909990219520	0	0	0	0	0	0	0	0
$1	1680	4907	5	0	1192	1.00	800	22.03.29	10:14	2	30	800	800	00	5909990219322	0	0	0	0	0	0	0	0
$1	1680	4908	1	0	1107	2.00	900	22.03.29	11:23	2	30	900	900	00	5909994311466	0	0	0	0	0	0	0	0
$1	1680	4908	2	0	1222	1.00	1190	22.03.29	11:23	2	30	1190	1190	00	5909990195626	0	0	0	0	0	0	0	0
$1	1680	4909	1	0	0062	2.000	1180	22.03.29	11:28	1	30	1180	1180	00	0000000000000	0	0	0	0	0	0	0	0
$1	1680	4910	1	0	0893	1.00	4500	22.03.29	11:57	1	30	4500	4500	00	0000004008934	0	0	0	0	0	0	0	0
$10	1680	4911	1	0	0671	1.00	2168	22.03.29	12:43	1	30	2168	2890	00	0000002006710	0	0	0	0	0	0	0	1
$10	1680	4911	2	0	0670	1.00	1690	22.03.29	12:43	1	30	1690	1690	00	0000002006703	0	0	0	0	0	0	0	0
$1	1680	4911	1	0	1237	1.00	890	22.03.29	12:43	4	30	890	890	00	0000005012374	0	0	0	0	0	0	0	0
$1	1680	4912	1	0	3739	1.00	650	22.03.29	12:45	1	30	650	650	00	0000025037395	0	0	0	0	0	0	0	0
$1	1680	4913	1	0	3793	1.00	350	22.03.29	12:48	1	30	350	350	00	0000025037937	0	0	0	0	0	0	0	0
$1	1680	4914	1	0	0026	2.000	1180	22.03.29	12:52	1	30	1180	1180	00	0000000000000	0	0	0	0	0	0	0	0
$1	1680	4915	1	0	1230	1.00	450	22.03.29	12:53	2	30	450	450	00	5909994310766	0	0	0	0	0	0	0	0
$1	1680	4916	1	0	2350	2.00	1400	22.03.29	13:08	1	30	1400	1400	00	0000015023506	0	0	0	0	0	0	0	0
$1	1680	4917	1	0	1629	1.00	2690	22.03.29	13:21	1	30	2690	2690	00	0000007016295	0	0	0	0	0	0	0	0
$1	1680	4917	2	0	3741	1.00	2350	22.03.29	13:21	1	30	2350	2350	00	8691190069261	0	0	0	0	0	0	0	0
$1	1680	4917	3	0	1574	1.00	490	22.03.29	13:21	4	30	490	490	00	5906660817215	0	0	0	0	0	0	0	0
$1	1680	4918	1	0	2735	1.00	490	22.03.29	13:57	4	30	490	490	00	0000020027353	0	0	0	0	0	0	0	0
$1	1680	4918	2	0	1112	1.00	690	22.03.29	13:57	2	30	690	690	00	5906365702267	0	0	0	0	0	0	0	0
$1	1680	4918	3	0	1112	1.00	690	22.03.29	13:57	2	30	690	690	00	5906365702267	0	0	0	0	0	0	0	0
$1	1680	4918	4	0	1103	1.00	590	22.03.29	13:57	2	30	590	590	00	5905279799004	0	0	0	0	0	0	0	0
$1	1680	4918	5	0	2265	1.00	850	22.03.29	13:57	2	30	850	850	00	0000020022655	0	0	0	0	0	0	0	0
$1	1680	4918	6	0	2327	1.00	750	22.03.29	13:57	2	30	750	750	00	0000020023270	0	0	0	0	0	0	0	0
$1	1680	4919	1	0	0038	1.000	2140	22.03.29	14:16	1	30	2140	2140	00	0000000000000	0	0	0	0	0	0	0	0
$1	1680	4920	1	0	3348	1.00	490	22.03.29	14:52	4	30	490	490	00	0000005033485	0	0	0	0	0	0	0	0
$1	1680	4920	2	0	2663	1.00	690	22.03.29	14:52	4	30	690	690	00	0000017026635	0	0	0	0	0	0	0	0
$1	1680	4920	3	0	0952	2.00	900	22.03.29	14:52	4	30	900	900	00	5906365702472	0	0	0	0	0	0	0	0
$1	1680	4921	1	0	1785	1.00	5450	22.03.29	15:11	1	30	5450	5450	00	0000008017857	0	0	0	0	0	0	0	0
$1	1680	4922	1	0	1010	1.00	390	22.03.29	15:14	2	30	390	390	00	5906365702908	0	0	0	0	0	0	0	0
$1	1680	4922	2	0	0955	1.00	390	22.03.29	15:14	4	30	390	390	00	5907752643316	0	0	0	0	0	0	0	0
$1	1680	4923	1	0	3599	1.00	5290	22.03.29	15:33	1	30	5290	5290	00	0000012035991	0	0	0	0	0	0	0	0
$1	1680	4923	2	0	2064	1.00	3250	22.03.29	15:33	1	30	3250	3250	00	0000012020645	0	0	0	0	0	0	0	0
$1	1680	4923	3	0	2064	1.00	3250	22.03.29	15:33	1	30	3250	3250	00	0000012020645	0	0	0	0	0	0	0	0
$1	1680	4923	4	0	1925	1.00	1590	22.03.29	15:33	2	30	1590	1590	00	0000009019256	0	0	0	0	0	0	0	0
$1	1680	4923	5	0	1832	1.00	2150	22.03.29	15:33	1	30	2150	2150	00	0000008018328	0	0	0	0	0	0	0	0
$1	1680	4923	6	0	3157	1.00	2990	22.03.29	15:33	1	30	2990	2990	00	5902249015782	0	0	0	0	0	0	0	0
$1	1680	4923	7	0	0373	1.00	1450	22.03.29	15:33	1	30	1450	1450	00	5906874565285	0	0	0	0	0	0	0	0
$1	1680	4923	8	0	3371	1.00	600	22.03.29	15:33	2	30	600	600	00	0000005033713	0	0	0	0	0	0	0	0
$1	1680	4923	9	0	0788	1.00	4750	22.03.29	15:33	1	30	4750	4750	00	0000003007884	0	0	0	0	0	0	0	0
$1	1680	4924	1	0	1823	1.00	2650	22.03.29	15:34	1	30	2650	2650	00	0000008018236	0	0	0	0	0	0	0	0
$1	1681	4926	1	0	0843	1.00	4490	22.03.30	09:07	1	30	4490	4490	00	0000024008433	0	0	0	0	0	0	0	0
$1	1681	4926	2	0	0843	1.00	4490	22.03.30	09:07	1	30	4490	4490	00	0000024008433	0	0	0	0	0	0	0	0
$1	1681	4926	3	0	3471	1.00	6750	22.03.30	09:07	1	30	6750	6750	00	0000024034715	0	0	0	0	0	0	0	0
$1	1681	4926	4	0	2024	1.00	2490	22.03.30	09:07	1	30	2490	2490	00	0000010020241	0	0	0	0	0	0	0	0
$10	1681	4927	1	0	0475	1.00	1734	22.03.30	10:30	1	30	1734	2890	00	5907502687331	0	0	0	0	0	0	0	1
$1	1681	4927	1	0	1718	2.00	7300	22.03.30	10:30	1	30	7300	7300	00	0000034017180	0	0	0	0	0	0	0	0
$1	1681	4927	2	0	0772	1.00	6690	22.03.30	10:30	1	30	6690	6690	00	0000003007723	0	0	0	0	0	0	0	0
$1	1681	4928	1	0	2053	1.00	2550	22.03.30	10:46	1	30	2550	2550	00	0000011020530	0	0	0	0	0	0	0	0
$1	1681	4928	2	0	3585	1.00	2090	22.03.30	10:46	2	30	2090	2090	00	0000020035853	0	0	0	0	0	0	0	0
$1	1681	4929	1	0	0491	1.00	3050	22.03.30	11:30	1	30	3050	3050	00	5902249011456	0	0	0	0	0	0	0	0
$1	1681	4930	1	0	0976	1.00	1590	22.03.30	11:33	2	30	1590	1590	00	0000005009763	0	0	0	0	0	0	0	0
$1	1681	4930	2	0	1049	1.00	1390	22.03.30	11:33	4	30	1390	1390	00	5905279799110	0	0	0	0	0	0	0	0
$1	1681	4931	1	0	2024	1.00	2490	22.03.30	11:43	1	30	2490	2490	00	0000010020241	0	0	0	0	0	0	0	0
$1	1681	4931	2	0	2947	1.00	1690	22.03.30	11:43	1	30	1690	1690	00	0000031029476	0	0	0	0	0	0	0	0
$1	1681	4932	1	0	2440	1.00	2890	22.03.30	12:00	1	30	2890	2890	00	0000016024403	0	0	0	0	0	0	0	0
$1	1681	4933	1	0	1820	1.00	1990	22.03.30	12:01	1	30	1990	1990	00	5701278288101	0	0	0	0	0	0	0	0
$1	1681	4934	1	0	2053	1.00	2550	22.03.30	12:25	1	30	2550	2550	00	0000011020530	0	0	0	0	0	0	0	0
$1	1681	4934	2	0	2024	1.00	1990	22.03.30	12:25	1	30	1990	2490	00	0000010020241	0	0	0	0	0	0	0	1
$10	1681	4934	1	0	2050	1.00	2550	22.03.30	12:25	1	30	2550	2550	00	0000011020509	0	0	0	0	0	0	0	0
$1	1681	4934	3	0	2024	1.00	1990	22.03.30	12:25	1	30	1990	2490	00	0000010020241	0	0	0	0	0	0	0	1
$1	1681	4934	4	0	3793	1.00	350	22.03.30	12:25	1	30	350	350	00	0000025037937	0	0	0	0	0	0	0	0
$1	1681	4934	5	0	3793	1.00	350	22.03.30	12:25	1	30	350	350	00	0000025037937	0	0	0	0	0	0	0	0
$1	1681	4934	6	0	2351	1.00	2290	22.03.30	12:25	1	30	2290	2290	00	0000015023513	0	0	0	0	0	0	0	0
$1	1681	4934	7	0	2350	3.00	2100	22.03.30	12:25	1	30	2100	2100	00	0000015023506	0	0	0	0	0	0	0	0
$1	1681	4935	1	0	3076	1.00	490	22.03.30	12:33	2	30	490	490	00	0000020030766	0	0	0	0	0	0	0	0
$1	1681	4936	1	0	0026	1.000	590	22.03.30	12:36	1	30	590	590	00	0000000000000	0	0	0	0	0	0	0	0
$1	1681	4937	1	0	0663	1.00	3350	22.03.30	13:06	1	30	3350	3350	00	5902249014945	0	0	0	0	0	0	0	0
$1	1681	4937	2	0	0557	1.00	100	22.03.30	13:06	1	30	100	2590	00	5902249010411	0	0	0	0	0	0	0	1
$1	1681	4938	1	0	0598	1.00	3090	22.03.30	13:08	1	30	3090	3090	00	5902249011036	0	0	0	0	0	0	0	0
$1	1681	4938	2	0	0557	1.00	100	22.03.30	13:08	1	30	100	2590	00	5902249010411	0	0	0	0	0	0	0	1
$1	1681	4939	1	0	3968	1.00	2050	22.03.30	13:30	1	30	2050	2050	00	0000031039680	0	0	0	0	0	0	0	0
$1	1681	4939	2	0	3796	1.00	1190	22.03.30	13:30	1	30	1190	1190	00	0000025037968	0	0	0	0	0	0	0	0
$1	1681	4939	3	0	0478	1.00	3650	22.03.30	13:30	1	30	3650	3650	00	5907502687355	0	0	0	0	0	0	0	0
$1	1681	4939	4	0	3346	1.00	100	22.03.30	13:30	1	30	100	2890	00	5902249015850	0	0	0	0	0	0	0	1
$1	1681	4940	1	0	2053	1.00	2550	22.03.30	13:49	1	30	2550	2550	00	0000011020530	0	0	0	0	0	0	0	0
$1	1681	4940	2	0	1122	1.00	1050	22.03.30	13:49	4	30	1050	1050	00	0000005011223	0	0	0	0	0	0	0	0
$1	1681	4940	3	0	1958	1.00	1990	22.03.30	13:49	1	30	1990	1990	00	0000009019584	0	0	0	0	0	0	0	0
$1	1681	4940	4	0	0727	1.00	8250	22.03.30	13:49	1	30	8250	8250	00	0000003007273	0	0	0	0	0	0	0	0
$1	1681	4941	1	0	0666	1.00	2590	22.03.30	14:13	1	30	2590	2590	00	0000002006666	0	0	0	0	0	0	0	0
$1	1681	4942	1	0	0727	1.00	8250	22.03.30	14:17	1	30	8250	8250	00	0000003007273	0	0	0	0	0	0	0	0
$1	1681	4943	1	0	0519	1.00	2790	22.03.30	14:20	1	30	2790	2790	00	0000002005195	0	0	0	0	0	0	0	0
$1	1681	4943	2	0	0557	1.00	100	22.03.30	14:20	1	30	100	2590	00	5902249010411	0	0	0	0	0	0	0	1
$1	1681	4944	1	0	0595	1.00	2950	22.03.30	14:24	1	30	2950	2950	00	5902249011005	0	0	0	0	0	0	0	0
$1	1681	4944	2	0	0557	1.00	100	22.03.30	14:24	1	30	100	2590	00	5902249010411	0	0	0	0	0	0	0	1
$1	1681	4945	1	0	2050	1.00	2550	22.03.30	14:35	1	30	2550	2550	00	0000011020509	0	0	0	0	0	0	0	0
$1	1681	4945	2	0	2053	1.00	2550	22.03.30	14:35	1	30	2550	2550	00	0000011020530	0	0	0	0	0	0	0	0
$1	1681	4945	3	0	2053	1.00	2550	22.03.30	14:35	1	30	2550	2550	00	0000011020530	0	0	0	0	0	0	0	0
$1	1681	4946	1	0	3155	1.00	2090	22.03.30	14:55	1	30	2090	2090	00	0000002031552	0	0	0	0	0	0	0	0
$1	1681	4947	1	0	3370	1.00	790	22.03.30	15:51	2	30	790	790	00	0000005033706	0	0	0	0	0	0	0	0
$1	1681	4948	1	0	0372	1.00	1450	22.03.30	15:55	1	30	1450	1450	00	5906874565278	0	0	0	0	0	0	0	0
$1	1681	4948	2	0	3901	1.00	950	22.03.30	15:55	1	30	950	950	00	0000028039013	0	0	0	0	0	0	0	0
$1	1681	4948	3	0	2350	1.00	700	22.03.30	15:55	1	30	700	700	00	0000015023506	0	0	0	0	0	0	0	0
$1	1681	4948	4	0	2350	1.00	700	22.03.30	15:55	1	30	700	700	00	0000015023506	0	0	0	0	0	0	0	0
$1	1682	4950	1	0	3054	1.00	890	22.03.31	09:15	2	30	890	890	00	0000020030544	0	0	0	0	0	0	0	0
$1	1682	4950	2	0	1230	1.00	450	22.03.31	09:15	2	30	450	450	00	5909994310766	0	0	0	0	0	0	0	0
$1	1682	4951	1	0	0555	1.00	2690	22.03.31	10:10	1	30	2690	2690	00	5902249010398	0	0	0	0	0	0	0	0
$1	1682	4951	2	0	3346	1.00	100	22.03.31	10:10	1	30	100	2890	00	5902249015850	0	0	0	0	0	0	0	1
$1	1682	4952	1	0	0772	1.00	6690	22.03.31	10:29	1	30	6690	6690	00	0000003007723	0	0	0	0	0	0	0	0
$1	1682	4953	1	0	0551	1.00	3450	22.03.31	10:33	1	30	3450	3450	00	5902249010374	0	0	0	0	0	0	0	0
$1	1682	4953	2	0	0041	1.000	1970	22.03.31	10:33	1	30	1970	1970	00	0000000000000	0	0	0	0	0	0	0	0
$1	1682	4954	1	0	0012	2.000	2480	22.03.31	10:45	1	30	2480	2480	00	0000000000000	0	0	0	0	0	0	0	0
$1	1682	4955	1	0	2053	1.00	2550	22.03.31	12:08	1	30	2550	2550	00	0000011020530	0	0	0	0	0	0	0	0
$1	1682	4956	1	0	2433	1.00	2850	22.03.31	13:00	1	30	2850	2850	00	0000016024335	0	0	0	0	0	0	0	0
$1	1682	4957	1	0	0026	2.000	580	22.03.31	13:03	1	30	580	580	00	0000000000000	0	0	0	0	0	0	0	0
$1	1682	4958	1	0	2596	1.00	1090	22.03.31	13:46	1	30	1090	1090	00	0000017025966	0	0	0	0	0	0	0	0
$1	1682	4958	2	0	1543	1.00	4890	22.03.31	13:46	4	30	4890	4890	00	5907804205073	0	0	0	0	0	0	0	0
$1	1682	4959	1	0	1719	1.00	3550	22.03.31	14:33	1	30	3550	3550	00	0000034017197	0	0	0	0	0	0	0	0
$1	1682	4959	2	0	1437	1.00	2850	22.03.31	14:33	1	30	2850	2850	00	0000034014370	0	0	0	0	0	0	0	0
$1	1682	4960	1	0	1033	1.00	1700	22.03.31	14:58	4	30	1700	1700	00	0000005010332	0	0	0	0	0	0	0	0
$1	1682	4960	2	0	2691	1.00	1950	22.03.31	14:58	4	30	1950	1950	00	0000017026918	0	0	0	0	0	0	0	0
$1	1682	4961	1	0	3265	1.00	1750	22.03.31	15:20	4	30	1750	1750	00	5905279799783	0	0	0	0	0	0	0	0
$1	1682	4962	1	0	0351	1.00	2750	22.03.31	16:08	1	30	2750	2750	00	5900168900219	0	0	0	0	0	0	0	0
