#1	COM255:1:STX6:1	5	2022.10.11	21:58	OPSpRoz4	WIN 13.32.2020	OPSPROZ4IN.txt	OPSPROZ4OUT.txt
#
#ELZAB Jota online 20000 PLU II gen. ver. 01 (identyfikator odczytany z urzadzenia i pliku ECRTBUF.TXT)
$14	01	22.10.04	09:29	4
$13	00	1	22.10.04	09:29	01	0	0	0	0	0	0	0	0	0	             
$1	57	1	1	0	1519	1.00	4990	22.10.04	09:57	4	01	4990	4990	00	5907804205318	0	0	0	0	0	0	0	0
$4	57	1	1	0	0	5000	5000
$4	57	1	1	0	1	010	010
$1	57	2	1	0	0457	1.00	1300	22.10.04	10:05	1	01	1300	1300	00	5907502687065	0	0	0	0	0	0	0	0
$4	57	2	1	0	0	2000	2000
$4	57	2	1	0	1	700	700
$1	57	3	1	0	1175	1.00	700	22.10.04	10:24	2	01	700	700	00	5909994308626	0	0	0	0	0	0	0	0
$4	57	3	1	0	0	700	700
$1	57	4	1	0	2350	1.00	750	22.10.04	10:51	1	01	750	750	00	15023506	0	0	0	0	0	0	0	0
$4	57	4	1	0	0	1000	1000
$4	57	4	1	0	1	250	250
$1	57	5	1	0	1097	2.00	800	22.10.04	11:26	4	01	800	800	00	5909994310568	0	0	0	0	0	0	0	0
$1	57	5	2	0	1217	2.00	900	22.10.04	11:26	2	01	900	900	00	5909990195824	0	0	0	0	0	0	0	0
$1	57	5	3	0	1165	2.00	980	22.10.04	11:26	2	01	980	980	00	5909994311169	0	0	0	0	0	0	0	0
$1	57	5	4	0	1179	1.00	700	22.10.04	11:27	2	01	700	700	00	5909994309524	0	0	0	0	0	0	0	0
$1	57	5	5	0	1179	1.00	700	22.10.04	11:28	2	01	700	700	00	5909994309524	0	0	0	0	0	0	0	0
$1	57	5	6	0	2577	1.00	5150	22.10.04	11:28	2	01	5150	5150	00	17025775	0	0	0	0	0	0	0	0
$1	57	5	7	0	2530	1.00	2250	22.10.04	11:28	2	01	2250	2250	00	17025300	0	0	0	0	0	0	0	0
$4	57	5	1	0	0	20000	20000
$4	57	5	1	0	1	8520	8520
$10	57	6	1	0	0633	1.00	5450	22.10.04	11:36	1	01	5450	5450	00	5902249011388	0	0	0	0	0	0	0	0
$1	57	6	1	0	0557	1.00	2600	22.10.04	12:02	1	01	2600	2600	00	5902249010411	0	0	0	0	0	0	0	0
$4	57	6	1	0	0	4000	4000
$4	57	6	1	0	1	1400	1400
$1	57	7	1	0	4260	1.00	5890	22.10.04	12:43	1	01	5890	5890	00	10002148	0	0	0	0	0	0	0	0
$1	57	7	2	0	4260	1.00	5890	22.10.04	12:43	1	01	5890	5890	00	10002148	0	0	0	0	0	0	0	0
$1	57	7	3	0	4243	1.00	3250	22.10.04	12:43	2	01	3250	3250	00	680275064077	0	0	0	0	0	0	0	0
$4	57	7	1	0	0	15030	15030
$1	57	8	1	0	4279	1.00	6990	22.10.04	13:06	1	01	6990	6990	00	10002407	0	0	0	0	0	0	0	0
$1	57	8	2	0	4279	1.00	6990	22.10.04	13:06	1	01	6990	6990	00	10002407	0	0	0	0	0	0	0	0
$1	57	8	3	0	4279	1.00	6990	22.10.04	13:06	1	01	6990	6990	00	10002407	0	0	0	0	0	0	0	0
$1	57	8	4	0	4253	1.00	4590	22.10.04	13:06	1	01	4590	4590	00	10002070	0	0	0	0	0	0	0	0
$1	57	8	5	0	4253	1.00	4590	22.10.04	13:07	1	01	4590	4590	00	10002070	0	0	0	0	0	0	0	0
$1	57	8	6	0	3496	1.00	4190	22.10.04	13:07	1	01	4190	4190	00	10002445	0	0	0	0	0	0	0	0
$1	57	8	7	0	3496	1.00	4190	22.10.04	13:07	1	01	4190	4190	00	10002445	0	0	0	0	0	0	0	0
$1	57	8	8	0	3496	1.00	4190	22.10.04	13:07	1	01	4190	4190	00	10002445	0	0	0	0	0	0	0	0
$1	57	8	9	0	4280	1.00	9390	22.10.04	13:07	1	01	9390	9390	00	10002414	0	0	0	0	0	0	0	0
$1	57	8	10	0	4282	1.00	6190	22.10.04	13:07	1	01	6190	6190	00	10002438	0	0	0	0	0	0	0	0
$1	57	8	11	0	0825	1.00	5950	22.10.04	13:07	1	01	5950	5950	00	10002469	0	0	0	0	0	0	0	0
$1	57	8	12	0	0824	1.00	7150	22.10.04	13:07	1	01	7150	7150	00	10002384	0	0	0	0	0	0	0	0
$4	57	8	2	0	0	71400	71400
$1	57	9	1	0	1162	2.00	900	22.10.04	13:16	2	01	900	900	00	5909994311763	0	0	0	0	0	0	0	0
$4	57	9	2	0	0	900	900
$10	57	10	1	0	3922	1.00	6490	22.10.04	13:40	1	01	6490	6490	00	14039225	0	0	0	0	0	0	0	0
$1	57	10	1	0	0041	1.000	5355	22.10.04	13:41	1	01	5355	5355	00		0	0	0	0	0	0	0	0
$4	57	10	1	0	0	5400	5400
$4	57	10	1	0	1	045	045
$1	57	11	1	0	0880	1.00	6850	22.10.04	15:10	1	01	6850	6850	00	4008804	0	0	0	0	0	0	0	0
$1	57	11	2	0	0881	1.00	5490	22.10.04	15:10	1	01	5490	5490	00	4008811	0	0	0	0	0	0	0	0
$1	57	11	3	0	0635	1.00	5715	22.10.04	15:10	1	01	5715	6350	00	5902249011401	0	0	0	0	0	0	0	1
$4	57	11	2	0	0	18055	18055
$1	57	12	1	0	0041	1.000	5290	22.10.04	15:33	1	01	5290	5290	00		0	0	0	0	0	0	0	0
$4	57	12	2	0	0	5290	5290
$10	57	13	1	0	1814	1.00	2590	22.10.04	15:55	1	01	2590	2590	00	8018144	0	0	0	0	0	0	0	0
$10	57	13	2	0	0451	1.00	4300	22.10.04	16:01	1	01	4300	4300	00	5907502687102	0	0	0	0	0	0	0	0
$1	57	13	1	0	2474	1.00	490	22.10.04	16:02	2	01	490	490	00	20024741	0	0	0	0	0	0	0	0
$4	57	13	1	0	0	490	490
$1	57	14	1	0	1814	1.00	2590	22.10.04	16:03	1	01	2590	2590	00	8018144	0	0	0	0	0	0	0	0
$1	57	14	2	0	0895	1.00	4400	22.10.04	16:03	1	01	4400	4400	00	4008958	0	0	0	0	0	0	0	0
$4	57	14	2	0	0	6990	6990
$1	57	15	1	0	4030	1.00	6350	22.10.04	16:20	1	01	6350	6350	00	10000144	0	0	0	0	0	0	0	0
$4	57	15	2	0	0	6350	6350
$14	01	22.10.05	09:33	4
$13	00	1	22.10.05	09:33	01	0	0	0	0	0	0	0	0	0	             
$1	58	1	1	0	0984	2.00	800	22.10.05	09:45	4	01	800	800	00	5906365702373	0	0	0	0	0	0	0	0
$4	58	1	1	0	0	800	800
$1	58	2	1	0	1852	1.00	9990	22.10.05	10:07	1	01	9990	9990	00	8018526	0	0	0	0	0	0	0	0
$1	58	2	2	0	1133	1.00	1250	22.10.05	10:07	4	01	1250	1250	00	5011339	0	0	0	0	0	0	0	0
$4	58	2	1	0	0	12000	12000
$4	58	2	1	0	1	760	760
$1	58	3	1	0	0329	1.00	1850	22.10.05	10:20	1	01	1850	1850	00	5900168908116	0	0	0	0	0	0	0	0
$1	58	3	2	0	3106	1.00	1850	22.10.05	10:20	1	01	1850	1850	00	5900168908154	0	0	0	0	0	0	0	0
$1	58	3	3	0	1380	1.00	1990	22.10.05	10:20	1	01	1990	1990	00	6013806	0	0	0	0	0	0	0	0
$1	58	3	4	0	1222	1.00	1190	22.10.05	10:20	2	01	1190	1190	00	5909990195626	0	0	0	0	0	0	0	0
$1	58	3	5	0	1124	1.00	590	22.10.05	10:20	2	01	590	590	00	5907752643484	0	0	0	0	0	0	0	0
$1	58	3	6	0	1212	1.00	590	22.10.05	10:20	2	01	590	590	00	5909994310629	0	0	0	0	0	0	0	0
$4	58	3	1	0	0	10000	10000
$4	58	3	1	0	1	1940	1940
$1	58	4	1	0	2053	2.00	5100	22.10.05	10:37	1	01	5100	5100	00	11020530	0	0	0	0	0	0	0	0
$1	58	4	2	0	2349	1.00	1590	22.10.05	10:37	1	01	1590	1590	00	8691190440794	0	0	0	0	0	0	0	0
$4	58	4	1	0	0	6690	6690
$1	58	5	1	0	0542	1.00	2990	22.10.05	10:47	1	01	2990	2990	00	5902249010114	0	0	0	0	0	0	0	0
$1	58	5	2	0	0541	1.00	3000	22.10.05	10:47	1	01	3000	3000	00	5902249010107	0	0	0	0	0	0	0	0
$1	58	5	3	0	0540	1.00	2500	22.10.05	10:47	1	01	2500	2500	00	5902249010091	0	0	0	0	0	0	0	0
$1	58	5	4	0	0537	1.00	2800	22.10.05	10:49	1	01	2800	2800	00	5902249010121	0	0	0	0	0	0	0	0
$4	58	5	2	0	0	11290	11290
$1	58	6	1	0	2350	1.00	750	22.10.05	11:00	1	01	750	750	00	15023506	0	0	0	0	0	0	0	0
$4	58	6	1	0	0	750	750
$1	58	7	1	0	4260	1.00	5890	22.10.05	12:11	1	01	5890	5890	00	10002148	0	0	0	0	0	0	0	0
$4	58	7	2	0	0	5890	5890
$1	58	8	1	0	1191	1.00	450	22.10.05	12:13	2	01	450	450	00	5909990628490	0	0	0	0	0	0	0	0
$1	58	8	2	0	1191	1.00	450	22.10.05	12:13	2	01	450	450	00	5909990628490	0	0	0	0	0	0	0	0
$4	58	8	1	0	0	1000	1000
$4	58	8	1	0	1	100	100
$1	58	9	1	0	3942	1.00	3390	22.10.05	13:00	1	01	3390	3390	00	4510	0	0	0	0	0	0	0	0
$4	58	9	1	0	0	5000	5000
$4	58	9	1	0	1	1610	1610
$1	58	10	1	0	3901	1.00	950	22.10.05	13:27	1	01	950	950	00	28039013	0	0	0	0	0	0	0	0
$1	58	10	2	0	3901	1.00	950	22.10.05	13:30	1	01	950	950	00	28039013	0	0	0	0	0	0	0	0
$1	58	10	3	0	2572	1.00	2790	22.10.05	13:30	2	01	2790	2790	00	17025720	0	0	0	0	0	0	0	0
$4	58	10	2	0	0	4690	4690
$1	58	11	1	0	1053	1.00	3090	22.10.05	13:59	2	01	3090	3090	00	5010530	0	0	0	0	0	0	0	0
$4	58	11	1	0	0	3090	3090
$1	58	12	1	0	0225	1.000	1190	22.10.05	14:38	1	01	1190	1190	00		0	0	0	0	0	0	0	0
$1	58	12	2	0	1589	1.00	1590	22.10.05	14:39	1	01	1590	1590	00	7015892	0	0	0	0	0	0	0	0
$1	58	12	3	0	2510	1.00	850	22.10.05	14:39	2	01	850	850	00	17025102	0	0	0	0	0	0	0	0
$1	58	12	4	0	4158	2.00	1300	22.10.05	14:42	1	01	1300	1300	00	5905279070097	0	0	0	0	0	0	0	0
$1	58	12	5	0	4157	1.00	650	22.10.05	14:42	1	01	650	650	00	5905279070073	0	0	0	0	0	0	0	0
$4	58	12	2	0	0	5580	5580
$1	58	13	1	0	4260	1.00	5890	22.10.05	14:45	1	01	5890	5890	00	10002148	0	0	0	0	0	0	0	0
$1	58	13	2	0	0451	1.00	4300	22.10.05	14:45	1	01	4300	4300	00	5907502687102	0	0	0	0	0	0	0	0
$1	58	13	3	0	2572	1.00	2790	22.10.05	14:46	2	01	2790	2790	00	17025720	0	0	0	0	0	0	0	0
$4	58	13	1	0	0	13000	13000
$4	58	13	1	0	1	020	020
$1	58	14	1	0	3337	1.00	1850	22.10.05	16:32	1	01	1850	1850	00	5900168908192	0	0	0	0	0	0	0	0
$4	58	14	2	0	0	1850	1850
$1	58	15	1	0	2350	1.00	750	22.10.05	16:45	1	01	750	750	00	15023506	0	0	0	0	0	0	0	0
$4	58	15	1	0	0	1000	1000
$4	58	15	1	0	1	250	250
$1	58	16	1	0	0451	1.00	4300	22.10.05	16:54	1	01	4300	4300	00	5907502687102	0	0	0	0	0	0	0	0
$4	58	16	1	0	0	5000	5000
$4	58	16	1	0	1	700	700
$14	01	22.10.06	09:36	4
$13	00	1	22.10.06	09:36	01	0	0	0	0	0	0	0	0	0	             
$1	59	1	1	0	1215	1.00	650	22.10.06	10:08	2	01	650	650	00	5909994311213	0	0	0	0	0	0	0	0
$1	59	1	2	0	2263	1.00	690	22.10.06	10:08	2	01	690	690	00	20022631	0	0	0	0	0	0	0	0
$1	59	1	3	0	2543	1.00	1350	22.10.06	10:08	2	01	1350	1350	00	17025430	0	0	0	0	0	0	0	0
$1	59	1	4	0	2530	1.00	2250	22.10.06	10:09	2	01	2250	2250	00	17025300	0	0	0	0	0	0	0	0
$1	59	1	5	0	0038	1.000	310	22.10.06	10:11	1	01	310	310	00		0	0	0	0	0	0	0	0
$4	59	1	2	0	0	5250	5250
$1	59	2	1	0	3110	1.00	2750	22.10.06	10:12	3	01	2750	2750	00	6013073	0	0	0	0	0	0	0	0
$1	59	2	2	0	2706	1.00	1790	22.10.06	10:12	2	01	1790	1790	00	17027069	0	0	0	0	0	0	0	0
$1	59	2	3	0	2711	1.00	1790	22.10.06	10:12	2	01	1790	1790	00	17027113	0	0	0	0	0	0	0	0
$4	59	2	1	0	0	6330	6330
$1	59	3	1	0	1718	1.00	3650	22.10.06	10:16	1	01	3650	3650	00	34017180	0	0	0	0	0	0	0	0
$1	59	3	2	0	1716	1.00	3550	22.10.06	10:16	1	01	3550	3550	00	34017166	0	0	0	0	0	0	0	0
$4	59	3	2	0	0	7200	7200
$1	59	4	1	0	2053	1.00	2550	22.10.06	10:49	1	01	2550	2550	00	11020530	0	0	0	0	0	0	0	0
$4	59	4	1	0	0	2550	2550
$1	59	5	1	0	1039	1.00	590	22.10.06	10:52	2	01	590	590	00	5906365702823	0	0	0	0	0	0	0	0
$4	59	5	1	0	0	1000	1000
$4	59	5	1	0	1	410	410
$1	59	6	1	0	1222	2.00	2380	22.10.06	11:27	2	01	2380	2380	00	5909990195626	0	0	0	0	0	0	0	0
$4	59	6	1	0	0	4000	4000
$4	59	6	1	0	1	1620	1620
$1	59	7	1	0	0843	1.00	650	22.10.06	11:51	2	01	650	650	00	21258	0	0	0	0	0	0	0	0
$4	59	7	1	0	0	1000	1000
$4	59	7	1	0	1	350	350
$1	59	8	1	0	0656	1.00	1250	22.10.06	11:55	1	01	1250	1250	00	8691190842093	0	0	0	0	0	0	0	0
$1	59	8	2	0	2053	1.00	2550	22.10.06	12:02	1	01	2550	2550	00	11020530	0	0	0	0	0	0	0	0
$4	59	8	1	0	0	4000	4000
$4	59	8	1	0	1	200	200
$1	59	9	1	0	2943	1.00	675	22.10.06	13:07	2	01	675	900	00	20029432	0	0	0	0	0	0	0	1
$4	59	9	1	0	0	675	675
$1	59	10	1	0	1202	1.00	650	22.10.06	13:31	2	01	650	650	00	5909994309326	0	0	0	0	0	0	0	0
$1	59	10	2	0	1226	1.00	490	22.10.06	13:31	2	01	490	490	00	5909990219025	0	0	0	0	0	0	0	0
$1	59	10	3	0	0996	1.00	590	22.10.06	13:31	2	01	590	590	00	5906365702076	0	0	0	0	0	0	0	0
$1	59	10	4	0	1210	1.00	400	22.10.06	13:31	2	01	400	400	00	5909994310360	0	0	0	0	0	0	0	0
$1	59	10	5	0	1250	1.00	650	22.10.06	13:31	2	01	650	650	00	5909990628278	0	0	0	0	0	0	0	0
$1	59	10	6	0	1170	1.00	490	22.10.06	13:32	2	01	490	490	00	5909994311565	0	0	0	0	0	0	0	0
$1	59	10	7	0	1181	1.00	450	22.10.06	13:32	2	01	450	450	00	5909994310964	0	0	0	0	0	0	0	0
$1	59	10	8	0	1101	1.00	550	22.10.06	13:32	4	01	550	550	00	5905279799172	0	0	0	0	0	0	0	0
$4	59	10	2	0	0	4270	4270
$1	59	11	1	0	1573	1.00	550	22.10.06	14:13	4	01	550	550	00	5906660817208	0	0	0	0	0	0	0	0
$1	59	11	2	0	1574	1.00	550	22.10.06	14:13	4	01	550	550	00	5906660817215	0	0	0	0	0	0	0	0
$4	59	11	1	0	0	1100	1100
$1	59	12	1	0	0451	1.00	4300	22.10.06	14:33	1	01	4300	4300	00	5907502687102	0	0	0	0	0	0	0	0
$4	59	12	2	0	0	4300	4300
$1	59	13	1	0	3221	1.00	4690	22.10.06	14:43	1	01	4690	4690	00	3032213	0	0	0	0	0	0	0	0
$4	59	13	1	0	0	20000	20000
$4	59	13	1	0	1	15310	15310
$14	01	22.10.07	09:28	4
$13	00	1	22.10.07	09:28	01	0	0	0	0	0	0	0	0	0	             
$1	60	1	1	0	4256	1.00	4990	22.10.07	09:42	1	01	4990	4990	00	10002117	0	0	0	0	0	0	0	0
$1	60	1	2	0	4266	1.00	5190	22.10.07	09:42	1	01	5190	5190	00	10002216	0	0	0	0	0	0	0	0
$4	60	1	2	0	0	10180	10180
$1	60	2	1	0	0450	1.00	4300	22.10.07	09:58	1	01	4300	4300	00	5907502687157	0	0	0	0	0	0	0	0
$4	60	2	2	0	0	4300	4300
$1	60	3	1	0	4307	1.00	9950	22.10.07	10:15	1	01	9950	9950	00	10002711	0	0	0	0	0	0	0	0
$4	60	3	2	0	0	9950	9950
$1	60	4	1	0	2350	3.00	2250	22.10.07	10:32	1	01	2250	2250	00	15023506	0	0	0	0	0	0	0	0
$1	60	4	2	0	3072	1.00	690	22.10.07	10:33	2	01	690	690	00	20030728	0	0	0	0	0	0	0	0
$1	60	4	3	0	1012	1.00	890	22.10.07	10:33	4	01	890	890	00	5909994310865	0	0	0	0	0	0	0	0
$4	60	4	1	0	0	10000	10000
$4	60	4	1	0	1	6170	6170
$1	60	5	1	0	1121	1.00	4950	22.10.07	10:56	2	01	4950	4950	00	5907752643774	0	0	0	0	0	0	0	0
$4	60	5	1	0	0	5000	5000
$4	60	5	1	0	1	050	050
$1	60	6	1	0	1632	1.00	2450	22.10.07	11:08	1	01	2450	2450	00	7016325	0	0	0	0	0	0	0	0
$4	60	6	2	0	0	2450	2450
$1	60	7	1	0	0578	1.00	3090	22.10.07	11:48	1	01	3090	3090	00	5902249010916	0	0	0	0	0	0	0	0
$4	60	7	2	0	0	3090	3090
$1	60	8	1	0	4001	1.00	990	22.10.07	11:51	1	01	990	990	00	8691190068943	0	0	0	0	0	0	0	0
$1	60	8	2	0	0526	2.00	2180	22.10.07	11:51	1	01	2180	2180	00	8691190891176	0	0	0	0	0	0	0	0
$4	60	8	1	0	0	5000	5000
$4	60	8	1	0	1	1830	1830
$10	60	9	1	0	3575	1.00	4490	22.10.07	11:57	1	01	4490	4490	00	6013745	0	0	0	0	0	0	0	0
$10	60	9	2	0	3575	1.00	4490	22.10.07	11:57	1	01	4490	4490	00	6013745	0	0	0	0	0	0	0	0
$1	60	9	1	0	0041	1.000	1850	22.10.07	11:58	1	01	1850	1850	00		0	0	0	0	0	0	0	0
$4	60	9	1	0	0	2000	2000
$4	60	9	1	0	1	150	150
$1	60	10	1	0	4255	1.00	5990	22.10.07	12:01	1	01	5990	5990	00	10002094	0	0	0	0	0	0	0	0
$1	60	10	2	0	4255	1.00	5990	22.10.07	12:01	1	01	5990	5990	00	10002094	0	0	0	0	0	0	0	0
$1	60	10	3	0	4258	1.00	4390	22.10.07	12:01	1	01	4390	4390	00	10002100	0	0	0	0	0	0	0	0
$1	60	10	4	0	4256	1.00	4990	22.10.07	12:01	1	01	4990	4990	00	10002117	0	0	0	0	0	0	0	0
$4	60	10	2	0	0	21360	21360
$1	60	11	1	0	4245	1.00	3350	22.10.07	12:05	2	01	3350	3350	00	10001134	0	0	0	0	0	0	0	0
$4	60	11	1	0	0	5000	5000
$4	60	11	1	0	1	1650	1650
$1	60	12	1	0	3944	1.00	1990	22.10.07	12:14	1	01	1990	1990	00	18951	0	0	0	0	0	0	0	0
$4	60	12	1	0	0	5000	5000
$4	60	12	1	0	1	3010	3010
$1	60	13	1	0	0498	1.00	2500	22.10.07	12:34	1	01	2500	2500	00	5907502687546	0	0	0	0	0	0	0	0
$1	60	13	2	0	0868	1.00	5490	22.10.07	12:34	1	01	5490	5490	00	4008682	0	0	0	0	0	0	0	0
$1	60	13	3	0	4143	1.00	1190	22.10.07	12:34	1	01	1190	1190	00	5906660352501	0	0	0	0	0	0	0	0
$1	60	13	4	0	4198	1.00	2450	22.10.07	12:34	1	01	2450	2450	00	8691190595036	0	0	0	0	0	0	0	0
$4	60	13	2	0	0	11630	11630
$1	60	14	1	0	4259	1.00	5890	22.10.07	12:38	1	01	5890	5890	00	10002131	0	0	0	0	0	0	0	0
$4	60	14	2	0	0	5890	5890
$1	60	15	1	0	3576	1.00	690	22.10.07	13:26	2	01	690	690	00	20035761	0	0	0	0	0	0	0	0
$1	60	15	2	0	3128	1.00	850	22.10.07	13:26	2	01	850	850	00	20031282	0	0	0	0	0	0	0	0
$4	60	15	2	0	0	1540	1540
$1	60	16	1	0	1560	1.00	4390	22.10.07	14:15	4	01	4390	4390	00	5907804205363	0	0	0	0	0	0	0	0
$4	60	16	2	0	0	4390	4390
$1	60	17	1	0	3665	1.00	3690	22.10.07	14:20	1	01	3690	3690	00	25676	0	0	0	0	0	0	0	0
$4	60	17	1	0	0	3690	3690
$1	60	18	1	0	4264	1.00	2990	22.10.07	14:22	1	01	2990	2990	00	10002186	0	0	0	0	0	0	0	0
$1	60	18	2	0	4299	1.00	4290	22.10.07	14:22	1	01	4290	4290	00	10002629	0	0	0	0	0	0	0	0
$1	60	18	3	0	3494	1.00	3650	22.10.07	14:24	1	01	3650	3650	00	5907155007289	0	0	0	0	0	0	0	0
$4	60	18	2	0	0	10930	10930
$1	60	19	1	0	2350	1.00	750	22.10.07	15:30	1	01	750	750	00	15023506	0	0	0	0	0	0	0	0
$4	60	19	2	0	0	750	750
$1	60	20	1	0	1216	1.00	416	22.10.07	15:32	2	01	416	490	00	5909990668458	0	0	0	0	0	0	0	1
$1	60	20	2	0	1216	1.00	441	22.10.07	15:32	2	01	441	490	00	5909990668458	0	0	0	0	0	0	0	1
$4	60	20	1	0	0	857	857
$14	01	22.10.08	09:27	4
$13	00	1	22.10.08	09:27	01	0	0	0	0	0	0	0	0	0	             
$1	61	1	1	0	1239	2.00	700	22.10.08	10:11	4	01	700	700	00	5906365702687	0	0	0	0	0	0	0	0
$4	61	1	1	0	0	1000	1000
$4	61	1	1	0	1	300	300
$1	61	2	1	0	3901	2.00	1900	22.10.08	10:17	1	01	1900	1900	00	28039013	0	0	0	0	0	0	0	0
$4	61	2	2	0	0	1900	1900
$1	61	3	1	0	1027	1.00	2490	22.10.08	10:33	2	01	2490	2490	00	5010271	0	0	0	0	0	0	0	0
$1	61	3	2	0	2660	1.00	2750	22.10.08	10:33	3	01	2750	2750	00	17026604	0	0	0	0	0	0	0	0
$4	61	3	2	0	0	5240	5240
$1	61	4	1	0	2663	1.00	790	22.10.08	10:53	4	01	790	790	00	17026635	0	0	0	0	0	0	0	0
$4	61	4	2	0	0	790	790
$1	61	5	1	0	2350	1.00	750	22.10.08	10:55	1	01	750	750	00	15023506	0	0	0	0	0	0	0	0
$4	61	5	2	0	0	750	750
$1	61	6	1	0	1586	1.00	1550	22.10.08	11:00	1	01	1550	1550	00	7015861	0	0	0	0	0	0	0	0
$1	61	6	2	0	1584	1.00	1550	22.10.08	11:00	1	01	1550	1550	00	5906660814597	0	0	0	0	0	0	0	0
$4	61	6	2	0	0	3100	3100
$1	61	7	1	0	4256	1.00	4990	22.10.08	11:17	1	01	4990	4990	00	10002117	0	0	0	0	0	0	0	0
$1	61	7	2	0	0041	1.000	3690	22.10.08	11:18	1	01	3690	3690	00		0	0	0	0	0	0	0	0
$1	61	7	3	0	2759	1.00	2490	22.10.08	11:18	1	01	2490	2490	00	36027590	0	0	0	0	0	0	0	0
$4	61	7	1	0	0	20000	20000
$4	61	7	1	0	1	8830	8830
$10	61	8	1	0	2055	1.00	5650	22.10.08	11:31	1	01	5650	5650	00	11020554	0	0	0	0	0	0	0	0
$1	61	8	1	0	2053	1.00	2550	22.10.08	11:32	1	01	2550	2550	00	11020530	0	0	0	0	0	0	0	0
$4	61	8	1	0	0	5000	5000
$4	61	8	1	0	1	2450	2450
$1	61	9	1	0	2053	2.00	5100	22.10.08	11:46	1	01	5100	5100	00	11020530	0	0	0	0	0	0	0	0
$1	61	9	2	0	0041	1.000	7600	22.10.08	11:46	1	01	7600	7600	00		0	0	0	0	0	0	0	0
$4	61	9	2	0	0	12700	12700
$1	61	10	1	0	4039	1.00	650	22.10.08	11:49	2	01	650	650	00	19927	0	0	0	0	0	0	0	0
$4	61	10	1	0	0	5000	5000
$4	61	10	1	0	1	4350	4350
$1	61	11	1	0	1375	1.00	1850	22.10.08	11:57	1	01	1850	1850	00	6013752	0	0	0	0	0	0	0	0
$4	61	11	1	0	0	2000	2000
$4	61	11	1	0	1	150	150
$1	61	12	1	0	3906	1.00	3950	22.10.08	12:11	1	01	3950	3950	00	28039068	0	0	0	0	0	0	0	0
$1	61	12	2	0	1587	1.00	1650	22.10.08	12:11	1	01	1650	1650	00	7015878	0	0	0	0	0	0	0	0
$1	61	12	3	0	0049	1.000	960	22.10.08	12:12	1	01	960	960	00		0	0	0	0	0	0	0	0
$4	61	12	2	0	0	6560	6560
$1	61	13	1	0	2162	1.00	1240	22.10.08	12:22	1	01	1240	1550	00	5901887032908	0	0	0	0	0	0	0	1
$4	61	13	1	0	0	1240	1240
$1	61	14	1	0	1107	1.00	450	22.10.08	13:45	2	01	450	450	00	5909994311466	0	0	0	0	0	0	0	0
$1	61	14	2	0	1107	1.00	450	22.10.08	13:45	2	01	450	450	00	5909994311466	0	0	0	0	0	0	0	0
$1	61	14	3	0	1601	1.00	850	22.10.08	13:45	1	01	850	850	00	7016011	0	0	0	0	0	0	0	0
$1	61	14	4	0	2720	1.00	2790	22.10.08	13:45	2	01	2790	2790	00	17027205	0	0	0	0	0	0	0	0
$1	61	14	5	0	1605	1.00	1050	22.10.08	13:45	1	01	1050	1050	00	7016059	0	0	0	0	0	0	0	0
$1	61	14	6	0	2350	1.00	750	22.10.08	13:45	1	01	750	750	00	15023506	0	0	0	0	0	0	0	0
$1	61	14	7	0	0195	1.000	550	22.10.08	13:46	1	01	550	550	00		0	0	0	0	0	0	0	0
$4	61	14	1	0	0	10000	10000
$4	61	14	1	0	1	3110	3110
$14	01	22.10.11	09:31	4
$13	00	1	22.10.11	09:31	01	0	0	0	0	0	0	0	0	0	             
$1	62	1	1	0	1215	1.00	650	22.10.11	09:35	2	01	650	650	00	5909994311213	0	0	0	0	0	0	0	0
$1	62	1	2	0	2263	1.00	690	22.10.11	09:37	2	01	690	690	00	20022631	0	0	0	0	0	0	0	0
$4	62	1	1	0	0	1340	1340
$1	62	2	1	0	0796	1.00	4950	22.10.11	10:26	1	01	4950	4950	00	25478	0	0	0	0	0	0	0	0
$4	62	2	2	0	0	4950	4950
$1	62	3	1	0	1491	1.00	2690	22.10.11	10:28	4	01	2690	2690	00	7014918	0	0	0	0	0	0	0	0
$4	62	3	2	0	0	2690	2690
$1	62	4	1	0	1181	1.00	450	22.10.11	10:32	2	01	450	450	00	5909994310964	0	0	0	0	0	0	0	0
$1	62	4	2	0	1232	1.00	450	22.10.11	10:32	2	01	450	450	00	5909990219520	0	0	0	0	0	0	0	0
$1	62	4	3	0	1231	1.00	490	22.10.11	10:32	2	01	490	490	00	5909994310469	0	0	0	0	0	0	0	0
$1	62	4	4	0	1097	1.00	400	22.10.11	10:32	4	01	400	400	00	5909994310568	0	0	0	0	0	0	0	0
$1	62	4	5	0	0996	1.00	590	22.10.11	10:32	2	01	590	590	00	5906365702076	0	0	0	0	0	0	0	0
$1	62	4	6	0	1170	1.00	490	22.10.11	10:33	2	01	490	490	00	5909994311565	0	0	0	0	0	0	0	0
$1	62	4	7	0	1174	1.00	450	22.10.11	10:33	2	01	450	450	00	5909990628346	0	0	0	0	0	0	0	0
$1	62	4	8	0	1250	1.00	650	22.10.11	10:33	2	01	650	650	00	5909990628278	0	0	0	0	0	0	0	0
$1	62	4	9	0	1038	1.00	590	22.10.11	10:33	2	01	590	590	00	5906365702120	0	0	0	0	0	0	0	0
$1	62	4	10	0	1210	1.00	400	22.10.11	10:33	2	01	400	400	00	5909994310360	0	0	0	0	0	0	0	0
$1	62	4	11	0	1159	1.00	490	22.10.11	10:33	2	01	490	490	00	5909994311657	0	0	0	0	0	0	0	0
$4	62	4	2	0	0	5450	5450
$1	62	5	1	0	2328	1.00	750	22.10.11	10:34	2	01	750	750	00	20023287	0	0	0	0	0	0	0	0
$4	62	5	1	0	0	1000	1000
$4	62	5	1	0	1	250	250
$1	62	6	1	0	2391	1.00	2890	22.10.11	11:02	1	01	2890	2890	00	16023918	0	0	0	0	0	0	0	0
$4	62	6	2	0	0	2890	2890
$1	62	7	1	0	2350	1.00	750	22.10.11	11:13	1	01	750	750	00	15023506	0	0	0	0	0	0	0	0
$4	62	7	1	0	0	10000	10000
$4	62	7	1	0	1	9250	9250
$1	62	8	1	0	0586	1.00	690	22.10.11	11:26	1	01	690	690	00	5902249010527	0	0	0	0	0	0	0	0
$1	62	8	2	0	0585	1.00	3442	22.10.11	11:26	1	01	3442	4050	00	5902249010602	0	0	0	0	0	0	0	1
$4	62	8	2	0	0	4132	4132
$1	62	9	1	0	1219	2.00	1180	22.10.11	11:29	2	01	1180	1180	00	5909994310414	0	0	0	0	0	0	0	0
$4	62	9	1	0	0	2000	2000
$4	62	9	1	0	1	820	820
$1	62	10	1	0	4303	1.00	5400	22.10.11	12:00	1	01	5400	5400	00	10002667	0	0	0	0	0	0	0	0
$1	62	10	2	0	4258	1.00	4390	22.10.11	12:00	1	01	4390	4390	00	10002100	0	0	0	0	0	0	0	0
$4	62	10	2	0	0	9790	9790
$1	62	11	1	0	4039	1.00	650	22.10.11	12:03	2	01	650	650	00	19927	0	0	0	0	0	0	0	0
$4	62	11	1	0	0	1000	1000
$4	62	11	1	0	1	350	350
$1	62	12	1	0	2612	1.00	1850	22.10.11	12:27	2	01	1850	1850	00	17026123	0	0	0	0	0	0	0	0
$4	62	12	1	0	0	10000	10000
$4	62	12	1	0	1	8150	8150
$1	62	13	1	0	3353	1.00	950	22.10.11	12:29	1	01	950	950	00	4033530	0	0	0	0	0	0	0	0
$4	62	13	1	0	0	950	950
$1	62	14	1	0	1821	1.00	1990	22.10.11	13:04	1	01	1990	1990	00	5701278288149	0	0	0	0	0	0	0	0
$4	62	14	2	0	0	1990	1990
$1	62	15	1	0	2053	1.00	2550	22.10.11	13:55	1	01	2550	2550	00	11020530	0	0	0	0	0	0	0	0
$1	62	15	2	0	2050	1.00	2550	22.10.11	13:55	1	01	2550	2550	00	11020509	0	0	0	0	0	0	0	0
$4	62	15	2	0	0	5100	5100
$1	62	16	1	0	1818	1.00	3190	22.10.11	14:22	1	01	3190	3190	00	8018182	0	0	0	0	0	0	0	0
$1	62	16	2	0	1212	1.00	590	22.10.11	14:23	2	01	590	590	00	5909994310629	0	0	0	0	0	0	0	0
$4	62	16	2	0	0	3780	3780
$1	62	17	1	0	2391	1.00	2890	22.10.11	14:44	1	01	2890	2890	00	16023918	0	0	0	0	0	0	0	0
$1	62	17	2	0	2395	1.00	2450	22.10.11	14:44	1	01	2450	2450	00	16023956	0	0	0	0	0	0	0	0
$4	62	17	2	0	0	5340	5340
$1	62	18	1	0	2271	1.00	4850	22.10.11	15:00	1	01	4850	4850	00	10000816	0	0	0	0	0	0	0	0
$4	62	18	2	0	0	4850	4850
$1	62	19	1	0	2350	1.00	750	22.10.11	15:37	1	01	750	750	00	15023506	0	0	0	0	0	0	0	0
$1	62	19	2	0	0470	1.00	4100	22.10.11	15:37	1	01	4100	4100	00	5907502687263	0	0	0	0	0	0	0	0
$4	62	19	2	0	0	4850	4850
$1	62	20	1	0	1813	1.00	2990	22.10.11	16:00	1	01	2990	2990	00	8018137	0	0	0	0	0	0	0	0
$1	62	20	2	0	1814	1.00	2590	22.10.11	16:00	1	01	2590	2590	00	8018144	0	0	0	0	0	0	0	0
$1	62	20	3	0	1881	1.00	4950	22.10.11	16:00	1	01	4950	4950	00	5711914172794	0	0	0	0	0	0	0	0
$4	62	20	1	0	0	11000	11000
$4	62	20	1	0	1	470	470
$1	62	21	1	0	4107	1.00	4750	22.10.11	16:05	1	01	4750	4750	00	10000267	0	0	0	0	0	0	0	0
$4	62	21	2	0	0	4750	4750
$1	62	22	1	0	2024	1.00	1990	22.10.11	16:16	1	01	1990	2490	00	10020241	0	0	0	0	0	0	0	1
$1	62	22	2	0	0297	1.00	2000	22.10.11	16:17	1	01	2000	2000	00	800307842750	0	0	0	0	0	0	0	0
$1	62	22	3	0	0195	1.000	400	22.10.11	16:17	1	01	400	400	00		0	0	0	0	0	0	0	0
$4	62	22	2	0	0	4390	4390
$1	62	23	1	0	2010	1.00	3190	22.10.11	16:18	2	01	3190	3190	00	680275060871	0	0	0	0	0	0	0	0
$4	62	23	1	0	0	5000	5000
$4	62	23	1	0	1	1810	1810
$1	62	24	1	0	1233	1.00	700	22.10.11	16:37	2	01	700	700	00	5909990628223	0	0	0	0	0	0	0	0
$1	62	24	2	0	1225	1.00	590	22.10.11	16:37	2	01	590	590	00	5909990628667	0	0	0	0	0	0	0	0
$1	62	24	3	0	1170	1.00	490	22.10.11	16:37	2	01	490	490	00	5909994311565	0	0	0	0	0	0	0	0
$1	62	24	4	0	1217	1.00	450	22.10.11	16:38	2	01	450	450	00	5909990195824	0	0	0	0	0	0	0	0
$1	62	24	5	0	1093	1.00	700	22.10.11	16:38	2	01	700	700	00	5906365702212	0	0	0	0	0	0	0	0
$1	62	24	6	0	0996	1.00	590	22.10.11	16:38	2	01	590	590	00	5906365702076	0	0	0	0	0	0	0	0
$1	62	24	7	0	1193	1.00	490	22.10.11	16:38	2	01	490	490	00	5909990195725	0	0	0	0	0	0	0	0
$1	62	24	8	0	1159	1.00	490	22.10.11	16:38	2	01	490	490	00	5909994311657	0	0	0	0	0	0	0	0
$4	62	24	1	0	0	10000	10000
$4	62	24	1	0	1	5500	5500
