#1	COM9:57600:MUX0:1	3	2021.04.01	17:52	OPSpRoz4	WIN 13.32.2020	OPSPROZ4IN.txt	OPSPROZ4OUT.txt
#
#Jota E 4095 PLU II gen. ver. 01 (identyfikator odczytany z urzadzenia i pliku ECRTBUF.TXT)
$12	1420	2	1	0	3036	1.00	390	21.03.27	10:05	2	30	390	390	00	5902741003522	0	0	0	0	0	0	0	0
$12	1420	3	1	0	3036	9.00	3510	21.03.27	10:06	2	30	3510	3510	00	5902741003522	0	0	0	0	0	0	0	0
$1	1420	8900	1	0	3036	9.00	3510	21.03.27	10:08	2	30	3510	3510	00	5902741003522	0	0	0	0	0	0	0	0
$1	1420	8900	2	0	0182	2.000	780	21.03.27	10:08	2	30	780	780	00	0000000000000	0	0	0	0	0	0	0	0
$1	1420	8900	3	0	0182	2.000	900	21.03.27	10:08	2	30	900	900	00	0000000000000	0	0	0	0	0	0	0	0
$1	1420	8900	4	0	3076	1.00	390	21.03.27	10:08	2	30	390	390	00	5902741000385	0	0	0	0	0	0	0	0
$1	1420	8900	5	0	3029	1.00	250	21.03.27	10:08	3	30	250	250	00	5902741002921	0	0	0	0	0	0	0	0
$1	1420	8900	6	0	0182	1.000	350	21.03.27	10:08	2	30	350	350	00	0000000000000	0	0	0	0	0	0	0	0
$1	1420	8900	7	0	0002	1.000	1190	21.03.27	10:08	1	30	1190	1190	00	0000000000000	0	0	0	0	0	0	0	0
$1	1420	8901	1	0	0551	1.00	3190	21.03.27	10:13	1	30	3190	3190	00	5902249010374	0	0	0	0	0	0	0	0
$1	1420	8902	1	0	1249	1.00	750	21.03.27	10:20	2	30	750	750	00	5909994310667	0	0	0	0	0	0	0	0
$1	1420	8904	1	0	3901	2.00	1900	21.03.27	11:05	1	30	1900	1900	00	0000028039013	0	0	0	0	0	0	0	0
$1	1420	8905	1	0	2428	1.00	2590	21.03.27	11:07	1	30	2590	2590	00	0000016024281	0	0	0	0	0	0	0	0
$1	1420	8905	2	0	2257	1.00	9250	21.03.27	11:07	1	30	9250	9250	00	0000028022572	0	0	0	0	0	0	0	0
$1	1420	8905	3	0	3901	1.00	950	21.03.27	11:07	1	30	950	950	00	0000028039013	0	0	0	0	0	0	0	0
$1	1420	8906	1	0	0789	1.00	14850	21.03.27	11:16	1	30	14850	15950	00	0000003007891	0	0	0	0	0	0	0	1
$1	1420	8907	1	0	1230	2.00	900	21.03.27	11:45	2	30	900	900	00	5909994310766	0	0	0	0	0	0	0	0
$1	1420	8908	1	0	1339	1.00	990	21.03.27	12:05	3	30	990	990	00	0000006013394	0	0	0	0	0	0	0	0
$1	1420	8908	2	0	1338	1.00	990	21.03.27	12:05	3	30	990	990	00	0000006013387	0	0	0	0	0	0	0	0
$1	1420	8909	1	0	1190	1.00	550	21.03.27	12:05	2	30	550	550	00	0000005011902	0	0	0	0	0	0	0	0
$1	1420	8910	1	0	2828	1.00	11050	21.03.27	12:11	1	30	11050	11050	00	0000018028287	0	0	0	0	0	0	0	0
$1	1420	8911	1	0	0856	1.00	7400	21.03.27	12:16	1	30	7400	7400	00	0000004008569	0	0	0	0	0	0	0	0
$1	1420	8912	1	0	2113	2.00	6780	21.03.27	12:32	1	30	6780	6780	00	5900000035543	0	0	0	0	0	0	0	0
$1	1420	8912	2	0	2019	1.00	1650	21.03.27	12:32	1	30	1650	1650	00	0000009020191	0	0	0	0	0	0	0	0
$1	1420	8912	3	0	2814	1.00	6990	21.03.27	12:32	1	30	6990	6990	00	0000018028140	0	0	0	0	0	0	0	0
$1	1420	8913	1	0	1543	1.00	4750	21.03.27	12:35	3	30	4750	4750	00	0000007015434	0	0	0	0	0	0	0	0
$1	1420	8913	2	0	1507	1.00	5990	21.03.27	12:35	3	30	5990	5990	00	0000007015076	0	0	0	0	0	0	0	0
$1	1420	8914	1	0	2042	1.00	15	21.03.27	12:54	3	30	15	1490	00	0000007020421	0	0	0	0	0	0	0	1
$1	1420	8915	1	0	3052	1.00	650	21.03.27	13:34	2	30	650	650	00	0000020030520	0	0	0	0	0	0	0	0
$1	1420	8915	2	0	0413	1.00	5990	21.03.27	13:34	1	30	5990	5990	00	0000001004137	0	0	0	0	0	0	0	0
$1	1421	8919	1	0	0299	1.00	200	21.03.29	08:47	2	30	200	200	00	0000033002996	0	0	0	0	0	0	0	0
$1	1421	8919	2	0	1261	1.00	2690	21.03.29	08:47	1	30	2690	2690	00	0000024012614	0	0	0	0	0	0	0	0
$1	1421	8919	3	0	1257	1.00	3150	21.03.29	08:47	1	30	3150	3150	00	0000024012577	0	0	0	0	0	0	0	0
$1	1421	8919	4	0	0225	1.000	100	21.03.29	08:47	1	30	100	100	00	0000000000000	0	0	0	0	0	0	0	0
$1	1421	8920	1	0	2350	1.00	650	21.03.29	08:52	1	30	650	650	00	0000015023506	0	0	0	0	0	0	0	0
$1	1421	8921	1	0	1082	1.00	390	21.03.29	09:15	2	30	390	390	00	5907752643392	0	0	0	0	0	0	0	0
$1	1421	8922	1	0	1296	1.00	3850	21.03.29	09:20	3	30	3850	3850	00	0000006012960	0	0	0	0	0	0	0	0
$1	1421	8923	1	0	3794	1.00	1350	21.03.29	09:26	1	30	1350	1350	00	0000025037944	0	0	0	0	0	0	0	0
$1	1421	8924	1	0	1234	1.00	650	21.03.29	09:51	2	30	650	650	00	5909990311910	0	0	0	0	0	0	0	0
$1	1421	8925	1	0	2704	1.00	1450	21.03.29	09:52	2	30	1450	1450	00	0000017027045	0	0	0	0	0	0	0	0
$1	1421	8926	1	0	0451	1.00	3750	21.03.29	09:54	1	30	3750	3750	00	5907502687102	0	0	0	0	0	0	0	0
$1	1421	8926	2	0	2111	1.00	4090	21.03.29	09:54	2	30	4090	4090	00	0000006021115	0	0	0	0	0	0	0	0
$1	1421	8927	1	0	2433	1.00	2590	21.03.29	10:08	1	30	2590	2590	00	0000016024335	0	0	0	0	0	0	0	0
$1	1421	8927	2	0	1584	1.00	1290	21.03.29	10:08	1	30	1290	1290	00	5906660814597	0	0	0	0	0	0	0	0
$1	1421	8928	1	0	0983	3.00	2370	21.03.29	10:14	3	30	2370	2370	00	0000005009831	0	0	0	0	0	0	0	0
$1	1421	8928	2	0	0041	1.000	2990	21.03.29	10:14	1	30	2990	2990	00	0000000000000	0	0	0	0	0	0	0	0
$1	1421	8929	1	0	2350	1.00	650	21.03.29	10:19	1	30	650	650	00	0000015023506	0	0	0	0	0	0	0	0
$1	1421	8930	1	0	2350	1.00	650	21.03.29	10:36	1	30	650	650	00	0000015023506	0	0	0	0	0	0	0	0
$1	1421	8930	2	0	2350	1.00	650	21.03.29	10:36	1	30	650	650	00	0000015023506	0	0	0	0	0	0	0	0
$1	1421	8931	1	0	1144	2.00	900	21.03.29	11:07	1	30	900	900	00	5907752643606	0	0	0	0	0	0	0	0
$1	1421	8931	2	0	0570	1.00	690	21.03.29	11:07	1	30	690	690	00	0000002005706	0	0	0	0	0	0	0	0
$1	1421	8931	3	0	3202	1.00	290	21.03.29	11:07	1	30	290	290	00	0000021032028	0	0	0	0	0	0	0	0
$1	1421	8932	1	0	1189	1.00	550	21.03.29	11:10	2	30	550	550	00	0000005011896	0	0	0	0	0	0	0	0
$1	1421	8932	2	0	0182	1.000	760	21.03.29	11:10	2	30	760	760	00	0000000000000	0	0	0	0	0	0	0	0
$1	1421	8933	1	0	1185	1.00	450	21.03.29	11:39	2	30	450	450	00	5909990628391	0	0	0	0	0	0	0	0
$1	1421	8934	1	0	2113	2.00	6780	21.03.29	11:44	1	30	6780	6780	00	0000024021135	0	0	0	0	0	0	0	0
$1	1421	8935	1	0	1232	2.00	800	21.03.29	11:45	2	30	800	800	00	5909990219520	0	0	0	0	0	0	0	0
$1	1421	8936	1	0	1218	1.00	550	21.03.29	11:50	2	30	550	550	00	0000005012183	0	0	0	0	0	0	0	0
$1	1421	8936	2	0	3294	1.00	750	21.03.29	11:50	3	30	750	750	00	5903850003786	0	0	0	0	0	0	0	0
$1	1421	8937	1	0	2053	4.00	10200	21.03.29	13:14	1	30	10200	10200	00	0000011020530	0	0	0	0	0	0	0	0
$1	1421	8938	1	0	0182	1.000	520	21.03.29	14:44	2	30	520	520	00	0000000000000	0	0	0	0	0	0	0	0
$1	1421	8939	1	0	0037	1.000	10000	21.03.29	15:11	1	30	10000	10000	00	0000000000000	0	0	0	0	0	0	0	0
$1	1421	8939	2	0	2019	1.00	1650	21.03.29	15:11	1	30	1650	1650	00	0000009020191	0	0	0	0	0	0	0	0
$1	1421	8939	3	0	0873	1.00	3090	21.03.29	15:11	1	30	3090	3090	00	0000004008736	0	0	0	0	0	0	0	0
$1	1421	8940	1	0	1693	1.00	2800	21.03.29	15:19	1	30	2800	2800	00	0000007016936	0	0	0	0	0	0	0	0
$1	1421	8940	2	0	0666	1.00	2290	21.03.29	15:19	1	30	2290	2290	00	5902249014808	0	0	0	0	0	0	0	0
$1	1421	8940	3	0	1643	1.00	2190	21.03.29	15:19	1	30	2190	2190	00	0000007016431	0	0	0	0	0	0	0	0
$1	1421	8940	4	0	2262	1.00	350	21.03.29	15:19	2	30	350	350	00	0000020022624	0	0	0	0	0	0	0	0
$1	1421	8940	5	0	1587	1.00	1290	21.03.29	15:19	1	30	1290	1290	00	5903175401632	0	0	0	0	0	0	0	0
$1	1421	8940	6	0	1593	1.00	1290	21.03.29	15:19	1	30	1290	1290	00	5906660812180	0	0	0	0	0	0	0	0
$1	1421	8940	7	0	1584	1.00	1290	21.03.29	15:19	1	30	1290	1290	00	5906660814597	0	0	0	0	0	0	0	0
$1	1421	8940	8	0	1589	1.00	1290	21.03.29	15:19	1	30	1290	1290	00	5906660812999	0	0	0	0	0	0	0	0
$1	1421	8940	9	0	0466	1.00	1862	21.03.29	15:19	1	30	1862	2190	00	5907502687089	0	0	0	0	0	0	0	1
$1	1421	8940	10	0	0472	1.00	1290	21.03.29	15:19	1	30	1290	1290	00	5907502687300	0	0	0	0	0	0	0	0
$1	1421	8940	11	0	0048	1.000	1190	21.03.29	15:19	1	30	1190	1190	00	0000000000000	0	0	0	0	0	0	0	0
$1	1421	8940	12	0	2110	1.00	490	21.03.29	15:19	1	30	490	490	00	0000006021108	0	0	0	0	0	0	0	0
$1	1421	8941	1	0	1215	2.00	12	21.03.29	15:20	2	30	12	1100	00	0000005012152	0	0	0	0	0	0	0	1
$1	1421	8942	1	0	2024	1.00	2490	21.03.29	15:55	1	30	2490	2490	00	0000010020241	0	0	0	0	0	0	0	0
$1	1421	8943	1	0	2350	2.00	1300	21.03.29	16:10	1	30	1300	1300	00	0000015023506	0	0	0	0	0	0	0	0
$1	1422	8945	1	0	2024	1.00	2490	21.03.30	11:10	1	30	2490	2490	00	0000010020241	0	0	0	0	0	0	0	0
$1	1422	8945	2	0	2053	1.00	2550	21.03.30	11:10	1	30	2550	2550	00	0000011020530	0	0	0	0	0	0	0	0
$1	1422	8946	1	0	2350	2.00	1300	21.03.30	11:41	1	30	1300	1300	00	0000015023506	0	0	0	0	0	0	0	0
$1	1422	8946	2	0	1601	1.00	750	21.03.30	11:41	1	30	750	750	00	0000007016011	0	0	0	0	0	0	0	0
$1	1422	8946	3	0	1605	1.00	790	21.03.30	11:41	1	30	790	790	00	0000007016059	0	0	0	0	0	0	0	0
$1	1422	8946	4	0	2988	1.00	2090	21.03.30	11:41	2	30	2090	2090	00	0000019029887	0	0	0	0	0	0	0	0
$1	1422	8947	1	0	0971	1.00	790	21.03.30	12:02	2	30	790	790	00	0000005009718	0	0	0	0	0	0	0	0
$1	1422	8947	2	0	3131	1.00	700	21.03.30	12:02	2	30	700	700	00	0000020031312	0	0	0	0	0	0	0	0
$1	1422	8947	3	0	1217	1.00	450	21.03.30	12:02	2	30	450	450	00	5909990195824	0	0	0	0	0	0	0	0
$1	1422	8947	4	0	0996	1.00	490	21.03.30	12:02	2	30	490	490	00	0000005009961	0	0	0	0	0	0	0	0
$1	1422	8947	5	0	1170	1.00	450	21.03.30	12:02	2	30	450	450	00	5909994311565	0	0	0	0	0	0	0	0
$1	1422	8947	6	0	1170	1.00	450	21.03.30	12:02	2	30	450	450	00	5909994311565	0	0	0	0	0	0	0	0
$1	1422	8947	7	0	0982	1.00	450	21.03.30	12:02	2	30	450	450	00	5907752643385	0	0	0	0	0	0	0	0
$1	1422	8947	8	0	0982	1.00	450	21.03.30	12:02	2	30	450	450	00	5907752643385	0	0	0	0	0	0	0	0
$1	1422	8947	9	0	1250	1.00	450	21.03.30	12:02	2	30	450	450	00	5909990628278	0	0	0	0	0	0	0	0
$1	1422	8947	10	0	1250	1.00	450	21.03.30	12:02	2	30	450	450	00	5909990628278	0	0	0	0	0	0	0	0
$1	1422	8947	11	0	1250	1.00	450	21.03.30	12:02	2	30	450	450	00	5909990628278	0	0	0	0	0	0	0	0
$1	1422	8947	12	0	1250	1.00	450	21.03.30	12:02	2	30	450	450	00	5909990628278	0	0	0	0	0	0	0	0
$1	1422	8947	13	0	1093	1.00	550	21.03.30	12:02	2	30	550	550	00	5906365702212	0	0	0	0	0	0	0	0
$1	1422	8947	14	0	1093	1.00	550	21.03.30	12:02	2	30	550	550	00	5906365702212	0	0	0	0	0	0	0	0
$1	1422	8947	15	0	1243	1.00	1450	21.03.30	12:02	2	30	1450	1450	00	0000005012435	0	0	0	0	0	0	0	0
$1	1422	8948	1	0	0549	1.00	2190	21.03.30	12:23	1	30	2190	2190	00	5902249010350	0	0	0	0	0	0	0	0
$1	1422	8949	1	0	0667	1.00	5990	21.03.30	12:41	1	30	5990	5990	00	0000002006673	0	0	0	0	0	0	0	0
$1	1422	8949	2	0	2763	1.00	11950	21.03.30	12:41	1	30	11950	11950	00	0000018027631	0	0	0	0	0	0	0	0
$1	1422	8950	1	0	2269	1.00	4590	21.03.30	12:48	2	30	4590	4590	00	0000020022693	0	0	0	0	0	0	0	0
$1	1422	8950	2	0	0002	1.000	2850	21.03.30	12:48	1	30	2850	2850	00	0000000000000	0	0	0	0	0	0	0	0
$1	1422	8950	3	0	0557	1.00	2290	21.03.30	12:48	1	30	2290	2290	00	5902249010411	0	0	0	0	0	0	0	0
$1	1422	8950	4	0	3170	1.00	2390	21.03.30	12:48	1	30	2390	2390	00	0000021031700	0	0	0	0	0	0	0	0
$1	1422	8951	1	0	2765	1.00	13650	21.03.30	12:52	1	30	13650	13650	00	0000018027655	0	0	0	0	0	0	0	0
$12	1422	1	1	0	0982	1.00	450	21.03.30	13:17	2	30	450	450	00	5907752643385	0	0	0	0	0	0	0	0
$12	1422	2	1	0	0982	15.00	6750	21.03.30	13:17	2	30	6750	6750	00	5907752643385	0	0	0	0	0	0	0	0
$1	1422	8954	1	0	0982	20.00	9000	21.03.30	13:17	2	30	9000	9000	00	5907752643385	0	0	0	0	0	0	0	0
$1	1422	8955	1	0	2404	1.00	2390	21.03.30	13:25	1	30	2390	2390	00	0000016024045	0	0	0	0	0	0	0	0
$1	1422	8955	2	0	2039	1.00	2550	21.03.30	13:25	1	30	2550	2550	00	0000016020399	0	0	0	0	0	0	0	0
$1	1422	8955	3	0	1230	1.00	450	21.03.30	13:25	2	30	450	450	00	5909994310766	0	0	0	0	0	0	0	0
$1	1422	8955	4	0	0853	1.00	1990	21.03.30	13:25	1	30	1990	1990	00	0000004008538	0	0	0	0	0	0	0	0
$1	1422	8955	5	0	0851	1.00	1990	21.03.30	13:25	1	30	1990	1990	00	5906395235681	0	0	0	0	0	0	0	0
$1	1422	8955	6	0	2324	1.00	2290	21.03.30	13:25	1	30	2290	2290	00	0000014023248	0	0	0	0	0	0	0	0
$1	1422	8956	1	0	0570	1.00	690	21.03.30	13:43	1	30	690	690	00	0000002005706	0	0	0	0	0	0	0	0
$1	1422	8956	2	0	2834	1.00	8950	21.03.30	13:43	1	30	8950	8950	00	0000018028348	0	0	0	0	0	0	0	0
$1	1422	8956	3	0	2827	1.00	10090	21.03.30	13:43	1	30	10090	10090	00	0000018028270	0	0	0	0	0	0	0	0
$1	1422	8956	4	0	0668	1.00	5990	21.03.30	13:43	1	30	5990	5990	00	0000002006680	0	0	0	0	0	0	0	0
$1	1422	8957	1	0	0632	1.00	2490	21.03.30	13:55	1	30	2490	2490	00	5902249011371	0	0	0	0	0	0	0	0
$1	1422	8957	2	0	0639	1.00	3090	21.03.30	13:55	1	30	3090	3090	00	5902249011777	0	0	0	0	0	0	0	0
$1	1422	8958	1	0	0725	1.00	5990	21.03.30	13:56	1	30	5990	6190	00	0000003007259	0	0	0	0	0	0	0	1
$1	1422	8959	1	0	2113	2.00	6780	21.03.30	14:19	1	30	6780	6780	00	5900000035543	0	0	0	0	0	0	0	0
$1	1422	8959	2	0	1339	1.00	990	21.03.30	14:19	3	30	990	990	00	0000006013394	0	0	0	0	0	0	0	0
$1	1422	8960	1	0	0066	1.000	1190	21.03.30	14:32	1	30	1190	1190	00	0000000000000	0	0	0	0	0	0	0	0
$1	1422	8961	1	0	1689	1.00	2800	21.03.30	14:37	1	30	2800	2800	00	0000007016899	0	0	0	0	0	0	0	0
$1	1422	8961	2	0	1839	1.00	2490	21.03.30	14:37	1	30	2490	2490	00	0000008018397	0	0	0	0	0	0	0	0
$1	1422	8962	1	0	0807	1.00	3490	21.03.30	14:56	1	30	3490	3490	00	0000024008075	0	0	0	0	0	0	0	0
$1	1422	8962	2	0	2114	5.00	13750	21.03.30	14:56	1	30	13750	13750	00	0000024021142	0	0	0	0	0	0	0	0
$1	1422	8962	3	0	3626	1.00	4290	21.03.30	14:56	1	30	4290	4290	00	0000024036269	0	0	0	0	0	0	0	0
$1	1422	8962	4	0	3625	1.00	3990	21.03.30	14:56	1	30	3990	3990	00	0000024036252	0	0	0	0	0	0	0	0
$1	1422	8962	5	0	0027	1.000	600	21.03.30	14:56	1	30	600	600	00	0000000000000	0	0	0	0	0	0	0	0
$1	1422	8963	1	0	2265	1.00	690	21.03.30	15:00	2	30	690	690	00	0000020022655	0	0	0	0	0	0	0	0
$1	1422	8963	2	0	1312	1.00	3150	21.03.30	15:00	1	30	3150	3150	00	0000006013127	0	0	0	0	0	0	0	0
$1	1422	8964	1	0	0344	1.00	1890	21.03.30	15:29	1	30	1890	1890	00	5900168900370	0	0	0	0	0	0	0	0
$1	1422	8965	1	0	4071	1.00	790	21.03.30	16:06	1	30	790	790	00	0000030040717	0	0	0	0	0	0	0	0
$1	1422	8965	2	0	0340	1.00	2990	21.03.30	16:06	1	30	2990	2990	00	5900168902367	0	0	0	0	0	0	0	0
$1	1422	8965	3	0	2270	1.00	3590	21.03.30	16:06	1	30	3590	3590	00	0000014022708	0	0	0	0	0	0	0	0
$1	1422	8965	4	0	0035	1.000	890	21.03.30	16:06	1	30	890	890	00	0000000000000	0	0	0	0	0	0	0	0
$1	1422	8966	1	0	0338	1.00	2990	21.03.30	16:07	1	30	2990	3250	00	5900168902350	0	0	0	0	0	0	0	1
$1	1422	8967	1	0	0048	1.000	1390	21.03.30	16:11	1	30	1390	1390	00	0000000000000	0	0	0	0	0	0	0	0
$1	1422	8967	2	0	0048	1.000	1190	21.03.30	16:11	1	30	1190	1190	00	0000000000000	0	0	0	0	0	0	0	0
$1	1422	8967	3	0	0004	1.000	1290	21.03.30	16:11	1	30	1290	1290	00	0000000000000	0	0	0	0	0	0	0	0
$1	1422	8967	4	0	0038	1.000	240	21.03.30	16:11	1	30	240	240	00	0000000000000	0	0	0	0	0	0	0	0
$1	1422	8967	5	0	0038	1.000	240	21.03.30	16:11	1	30	240	240	00	0000000000000	0	0	0	0	0	0	0	0
$1	1422	8967	6	0	0038	1.000	240	21.03.30	16:11	1	30	240	240	00	0000000000000	0	0	0	0	0	0	0	0
$1	1422	8967	7	0	0038	1.000	160	21.03.30	16:11	1	30	160	160	00	0000000000000	0	0	0	0	0	0	0	0
$1	1422	8967	8	0	0038	1.000	160	21.03.30	16:11	1	30	160	160	00	0000000000000	0	0	0	0	0	0	0	0
$1	1422	8967	9	0	0038	1.000	160	21.03.30	16:11	1	30	160	160	00	0000000000000	0	0	0	0	0	0	0	0
$1	1422	8968	1	0	3827	1.00	850	21.03.30	16:12	1	30	850	850	00	0000026038278	0	0	0	0	0	0	0	0
$12	1423	1	1	0	1916	1.00	1650	21.03.31	08:34	1	30	1650	1650	00	0000009019164	0	0	0	0	0	0	0	0
$1	1423	8971	1	0	1916	1.00	1650	21.03.31	08:36	1	30	1650	1650	00	0000009019164	0	0	0	0	0	0	0	0
$1	1423	8971	2	0	2262	2.00	700	21.03.31	08:36	2	30	700	700	00	0000020022624	0	0	0	0	0	0	0	0
$1	1423	8971	3	0	0667	1.00	5990	21.03.31	08:36	1	30	5990	5990	00	0000002006673	0	0	0	0	0	0	0	0
$1	1423	8972	1	0	4071	1.00	790	21.03.31	08:37	1	30	790	790	00	0000030040717	0	0	0	0	0	0	0	0
$1	1423	8973	1	0	4071	2.00	1580	21.03.31	08:54	1	30	1580	1580	00	0000030040717	0	0	0	0	0	0	0	0
$1	1423	8974	1	0	0972	2.00	780	21.03.31	09:01	3	30	780	780	00	5906365702359	0	0	0	0	0	0	0	0
$1	1423	8974	2	0	0972	1.00	390	21.03.31	09:01	3	30	390	390	00	5906365702359	0	0	0	0	0	0	0	0
$1	1423	8975	1	0	1513	1.00	1900	21.03.31	09:10	3	30	1900	1900	00	5907804205271	0	0	0	0	0	0	0	0
$1	1423	8976	1	0	3390	1.00	2990	21.03.31	09:51	1	30	2990	2990	00	0000023033900	0	0	0	0	0	0	0	0
$1	1423	8976	2	0	0727	1.00	8250	21.03.31	09:51	1	30	8250	8250	00	0000003007273	0	0	0	0	0	0	0	0
$1	1423	8977	1	0	0606	1.00	3990	21.03.31	10:09	1	30	3990	3990	00	5902249011104	0	0	0	0	0	0	0	0
$1	1423	8977	2	0	0026	1.000	590	21.03.31	10:09	1	30	590	590	00	0000000000000	0	0	0	0	0	0	0	0
$1	1423	8977	3	0	0025	1.000	290	21.03.31	10:09	1	30	290	290	00	0000000000000	0	0	0	0	0	0	0	0
$1	1423	8977	4	0	0038	1.000	240	21.03.31	10:09	1	30	240	240	00	0000000000000	0	0	0	0	0	0	0	0
$1	1423	8977	5	0	2162	1.00	1450	21.03.31	10:09	1	30	1450	1450	00	0000013021627	0	0	0	0	0	0	0	0
$1	1423	8977	6	0	0038	1.000	1390	21.03.31	10:09	1	30	1390	1390	00	0000000000000	0	0	0	0	0	0	0	0
$1	1423	8977	7	0	1513	1.00	1900	21.03.31	10:09	3	30	1900	1900	00	5907804205271	0	0	0	0	0	0	0	0
$1	1423	8978	1	0	1513	1.00	1900	21.03.31	10:10	3	30	1900	1900	00	5907804205271	0	0	0	0	0	0	0	0
$1	1423	8978	2	0	1239	1.00	190	21.03.31	10:10	3	30	190	190	00	0000005012398	0	0	0	0	0	0	0	0
$1	1423	8979	1	0	1537	1.00	1690	21.03.31	10:12	3	30	1690	1690	00	5907804205035	0	0	0	0	0	0	0	0
$1	1423	8979	2	0	1216	1.00	450	21.03.31	10:12	2	30	450	450	00	5909990668458	0	0	0	0	0	0	0	0
$1	1423	8980	1	0	0090	2.000	1380	21.03.31	10:30	2	30	1380	1380	00	0000000000000	0	0	0	0	0	0	0	0
$1	1423	8980	2	0	0439	1.00	6490	21.03.31	10:30	1	30	6490	6490	00	0000024004398	0	0	0	0	0	0	0	0
$1	1423	8980	3	0	1425	1.00	4850	21.03.31	10:30	1	30	4850	4850	00	0000024014250	0	0	0	0	0	0	0	0
$1	1423	8981	1	0	1910	1.00	1550	21.03.31	10:33	1	30	1550	1650	00	0000009019102	0	0	0	0	0	0	0	1
$1	1423	8982	1	0	1339	1.00	990	21.03.31	10:46	3	30	990	990	00	0000006013394	0	0	0	0	0	0	0	0
$1	1423	8982	2	0	0027	2.000	1780	21.03.31	10:46	1	30	1780	1780	00	0000000000000	0	0	0	0	0	0	0	0
$1	1423	8983	1	0	0203	1.000	2450	21.03.31	11:47	1	30	2450	2450	00	0000000000000	0	0	0	0	0	0	0	0
$1	1423	8983	2	0	0140	1.000	890	21.03.31	11:47	1	30	890	890	00	0000000000000	0	0	0	0	0	0	0	0
$1	1423	8983	3	0	0145	1.000	490	21.03.31	11:47	1	30	490	490	00	0000000000000	0	0	0	0	0	0	0	0
$1	1423	8984	1	0	0505	1.00	3190	21.03.31	12:29	1	30	3190	3190	00	5907502687515	0	0	0	0	0	0	0	0
$1	1423	8985	1	0	3903	1.00	2150	21.03.31	13:20	1	30	2150	2150	00	0000028039037	0	0	0	0	0	0	0	0
$1	1423	8985	2	0	1958	1.00	1990	21.03.31	13:20	1	30	1990	1990	00	0000009019584	0	0	0	0	0	0	0	0
$1	1423	8985	3	0	3901	1.00	950	21.03.31	13:20	1	30	950	950	00	0000028039013	0	0	0	0	0	0	0	0
$1	1423	8985	4	0	0002	1.000	890	21.03.31	13:20	1	30	890	890	00	0000000000000	0	0	0	0	0	0	0	0
$1	1423	8985	5	0	0236	1.000	440	21.03.31	13:20	1	30	440	440	00	0000000000000	0	0	0	0	0	0	0	0
$1	1423	8985	6	0	0041	1.000	4990	21.03.31	13:20	1	30	4990	4990	00	0000000000000	0	0	0	0	0	0	0	0
$1	1423	8985	7	0	1821	1.00	1890	21.03.31	13:20	1	30	1890	1890	00	5701278288149	0	0	0	0	0	0	0	0
$1	1423	8986	1	0	2060	1.00	2790	21.03.31	13:32	1	30	2790	2790	00	0000012020607	0	0	0	0	0	0	0	0
$1	1423	8986	2	0	1690	1.00	2800	21.03.31	13:32	1	30	2800	2800	00	0000007016905	0	0	0	0	0	0	0	0
$1	1423	8986	3	0	0236	1.000	440	21.03.31	13:32	1	30	440	440	00	0000000000000	0	0	0	0	0	0	0	0
$1	1423	8986	4	0	3740	1.00	490	21.03.31	13:32	1	30	490	490	00	0000025037401	0	0	0	0	0	0	0	0
$1	1423	8986	5	0	3107	1.00	1290	21.03.31	13:32	2	30	1290	1290	00	0000020031077	0	0	0	0	0	0	0	0
$1	1423	8986	6	0	0048	1.000	6490	21.03.31	13:32	1	30	6490	6490	00	0000000000000	0	0	0	0	0	0	0	0
$1	1423	8986	7	0	1958	1.00	1990	21.03.31	13:32	1	30	1990	1990	00	0000009019584	0	0	0	0	0	0	0	0
$1	1423	8986	8	0	0025	1.000	1890	21.03.31	13:32	1	30	1890	1890	00	0000000000000	0	0	0	0	0	0	0	0
$1	1423	8987	1	0	2009	1.00	2950	21.03.31	13:48	1	30	2950	2950	00	0000009020092	0	0	0	0	0	0	0	0
$1	1423	8987	2	0	2262	1.00	350	21.03.31	13:48	2	30	350	350	00	0000020022624	0	0	0	0	0	0	0	0
$1	1423	8987	3	0	2262	1.00	350	21.03.31	13:48	2	30	350	350	00	0000020022624	0	0	0	0	0	0	0	0
$1	1423	8987	4	0	0002	1.000	1090	21.03.31	13:48	1	30	1090	1090	00	0000000000000	0	0	0	0	0	0	0	0
$1	1423	8987	5	0	3083	1.00	690	21.03.31	13:48	2	30	690	690	00	0000020030834	0	0	0	0	0	0	0	0
$1	1423	8987	6	0	3032	1.00	490	21.03.31	13:48	2	30	490	490	00	0000020030322	0	0	0	0	0	0	0	0
$10	1423	8987	1	0	3036	1.00	390	21.03.31	13:48	2	30	390	390	00	5902741003522	0	0	0	0	0	0	0	0
$1	1423	8987	7	0	1206	1.00	490	21.03.31	13:48	2	30	490	490	00	5909990903115	0	0	0	0	0	0	0	0
$1	1423	8987	8	0	1081	1.00	450	21.03.31	13:48	3	30	450	450	00	5906365702816	0	0	0	0	0	0	0	0
$1	1423	8987	9	0	3729	1.00	750	21.03.31	13:48	1	30	750	750	00	8691190419073	0	0	0	0	0	0	0	0
$1	1423	8988	1	0	2299	1.00	5950	21.03.31	13:54	1	30	5950	5950	00	0000014022999	0	0	0	0	0	0	0	0
$1	1423	8989	1	0	2055	2.00	11300	21.03.31	14:28	1	30	11300	11300	00	0000011020554	0	0	0	0	0	0	0	0
$1	1423	8990	1	0	1479	1.00	3350	21.03.31	15:39	3	30	3350	3350	00	5907804205332	0	0	0	0	0	0	0	0
$1	1423	8990	2	0	1527	1.00	3350	21.03.31	15:39	3	30	3350	3350	00	0000007015274	0	0	0	0	0	0	0	0
$1	1423	8990	3	0	2262	1.00	350	21.03.31	15:39	2	30	350	350	00	0000020022624	0	0	0	0	0	0	0	0
$1	1423	8990	4	0	2329	1.00	690	21.03.31	15:39	2	30	690	690	00	0000020023294	0	0	0	0	0	0	0	0
$1	1423	8990	5	0	2704	1.00	1450	21.03.31	15:39	2	30	1450	1450	00	0000017027045	0	0	0	0	0	0	0	0
$1	1423	8990	6	0	2107	1.00	2190	21.03.31	15:39	2	30	2190	2190	00	0000006021078	0	0	0	0	0	0	0	0
$1	1423	8990	7	0	2012	1.00	3250	21.03.31	15:39	1	30	3250	3250	00	0000009020122	0	0	0	0	0	0	0	0
$1	1423	8990	8	0	0466	1.00	1862	21.03.31	15:39	1	30	1862	2190	00	5907502687089	0	0	0	0	0	0	0	1
$1	1423	8990	9	0	1898	1.00	3490	21.03.31	15:39	1	30	3490	3490	00	0000023018983	0	0	0	0	0	0	0	0
$1	1423	8991	1	0	3103	1.00	2990	21.03.31	16:15	2	30	2990	2990	00	0000020031039	0	0	0	0	0	0	0	0
$1	1424	8993	1	0	3901	2.00	1900	21.04.01	09:05	1	30	1900	1900	00	0000028039013	0	0	0	0	0	0	0	0
$1	1424	8993	2	0	0678	1.00	2850	21.04.01	09:05	1	30	2850	2850	00	0000024006781	0	0	0	0	0	0	0	0
$1	1424	8993	3	0	0480	1.00	3190	21.04.01	09:05	1	30	3190	3190	00	5902249010428	0	0	0	0	0	0	0	0
$1	1424	8993	4	0	0669	1.00	5990	21.04.01	09:05	1	30	5990	5990	00	0000002006697	0	0	0	0	0	0	0	0
$1	1424	8993	5	0	0002	1.000	1190	21.04.01	09:05	1	30	1190	1190	00	0000000000000	0	0	0	0	0	0	0	0
$1	1424	8993	6	0	0182	2.000	1240	21.04.01	09:05	2	30	1240	1240	00	0000000000000	0	0	0	0	0	0	0	0
$1	1424	8994	1	0	1808	1.00	2650	21.04.01	09:10	1	30	2650	2650	00	0000008018083	0	0	0	0	0	0	0	0
$1	1424	8994	2	0	1809	1.00	2650	21.04.01	09:10	1	30	2650	2650	00	0000008018090	0	0	0	0	0	0	0	0
$1	1424	8994	3	0	0041	1.000	990	21.04.01	09:10	1	30	990	990	00	0000000000000	0	0	0	0	0	0	0	0
$10	1424	8994	1	0	0734	1.00	48	21.04.01	09:10	1	30	48	4750	00	0000003007341	0	0	0	0	0	0	0	1
$1	1424	8995	1	0	2796	1.00	6950	21.04.01	09:13	1	30	6950	6950	00	0000018027969	0	0	0	0	0	0	0	0
$1	1424	8995	2	0	0721	1.00	6100	21.04.01	09:13	1	30	6100	6500	00	5902729030205	0	0	0	0	0	0	0	1
$1	1424	8996	1	0	0002	2.000	1300	21.04.01	09:22	1	30	1300	1300	00	0000000000000	0	0	0	0	0	0	0	0
$1	1424	8997	1	0	0609	1.00	3990	21.04.01	09:36	1	30	3990	4190	00	0000002006093	0	0	0	0	0	0	0	1
$1	1424	8997	2	0	3902	1.00	1190	21.04.01	09:36	1	30	1190	1190	00	0000028039020	0	0	0	0	0	0	0	0
$1	1424	8997	3	0	3902	1.00	1190	21.04.01	09:36	1	30	1190	1190	00	0000028039020	0	0	0	0	0	0	0	0
$1	1424	8997	4	0	3901	1.00	950	21.04.01	09:36	1	30	950	950	00	0000028039013	0	0	0	0	0	0	0	0
$1	1424	8998	1	0	1821	1.00	19	21.04.01	09:37	1	30	19	1890	00	5701278288149	0	0	0	0	0	0	0	1
$1	1424	8999	1	0	3756	1.00	1050	21.04.01	09:41	1	30	1050	1050	00	0000025037562	0	0	0	0	0	0	0	0
$1	1424	9000	1	0	2055	1.00	5650	21.04.01	10:11	1	30	5650	5650	00	0000011020554	0	0	0	0	0	0	0	0
$1	1424	9001	1	0	3901	1.00	950	21.04.01	10:20	1	30	950	950	00	0000028039013	0	0	0	0	0	0	0	0
$1	1424	9001	2	0	2330	1.00	1590	21.04.01	10:20	3	30	1590	1590	00	0000020023300	0	0	0	0	0	0	0	0
$1	1424	9001	3	0	1589	1.00	1290	21.04.01	10:20	1	30	1290	1290	00	0000007015892	0	0	0	0	0	0	0	0
$1	1424	9002	1	0	0026	1.000	1590	21.04.01	10:23	1	30	1590	1590	00	0000000000000	0	0	0	0	0	0	0	0
$1	1424	9002	2	0	0244	1.000	490	21.04.01	10:23	1	30	490	490	00	0000000000000	0	0	0	0	0	0	0	0
$1	1424	9003	1	0	1237	3.00	2550	21.04.01	10:25	3	30	2550	2550	00	0000005012374	0	0	0	0	0	0	0	0
$1	1424	9004	1	0	2596	1.00	1090	21.04.01	10:27	1	30	1090	1090	00	0000017025966	0	0	0	0	0	0	0	0
$1	1424	9004	2	0	1543	1.00	4750	21.04.01	10:27	3	30	4750	4750	00	5907804205073	0	0	0	0	0	0	0	0
$1	1424	9004	3	0	0313	1.00	1890	21.04.01	10:27	1	30	1890	1890	00	5900168907249	0	0	0	0	0	0	0	0
$1	1424	9004	4	0	0466	1.00	1862	21.04.01	10:27	1	30	1862	2190	00	5907502687089	0	0	0	0	0	0	0	1
$1	1424	9005	1	0	2113	2.00	6780	21.04.01	10:45	1	30	6780	6780	00	0000024021135	0	0	0	0	0	0	0	0
$1	1424	9005	2	0	2262	1.00	350	21.04.01	10:45	2	30	350	350	00	0000020022624	0	0	0	0	0	0	0	0
$1	1424	9005	3	0	1703	1.00	1990	21.04.01	10:45	1	30	1990	1990	00	0000007017032	0	0	0	0	0	0	0	0
$1	1424	9005	4	0	1546	1.00	1650	21.04.01	10:45	2	30	1650	1650	00	0000007015465	0	0	0	0	0	0	0	0
$1	1424	9005	5	0	0290	1.00	1750	21.04.01	10:45	2	30	1750	1750	00	0000033002903	0	0	0	0	0	0	0	0
$1	1424	9005	6	0	1888	1.00	4950	21.04.01	10:45	1	30	4950	4950	00	0000022018885	0	0	0	0	0	0	0	0
$1	1424	9006	1	0	2329	1.00	690	21.04.01	10:47	2	30	690	690	00	0000020023294	0	0	0	0	0	0	0	0
$1	1424	9007	1	0	0231	1.000	310	21.04.01	10:51	1	30	310	310	00	0000000000000	0	0	0	0	0	0	0	0
$1	1424	9008	1	0	1721	1.00	6350	21.04.01	11:21	1	30	6350	6350	00	0000008017215	0	0	0	0	0	0	0	0
$1	1424	9009	1	0	3027	1.00	350	21.04.01	11:41	2	30	350	350	00	0000020030278	0	0	0	0	0	0	0	0
$1	1424	9009	2	0	0094	1.000	640	21.04.01	11:41	2	30	640	640	00	0000000000000	0	0	0	0	0	0	0	0
$1	1424	9009	3	0	2262	1.00	350	21.04.01	11:41	2	30	350	350	00	0000020022624	0	0	0	0	0	0	0	0
$1	1424	9009	4	0	1122	1.00	890	21.04.01	11:41	3	30	890	890	00	0000005011223	0	0	0	0	0	0	0	0
$1	1424	9009	5	0	0048	1.000	2150	21.04.01	11:41	1	30	2150	2150	00	0000000000000	0	0	0	0	0	0	0	0
$1	1424	9009	6	0	0975	1.00	700	21.04.01	11:41	2	30	700	700	00	0000005009756	0	0	0	0	0	0	0	0
$1	1424	9009	7	0	0982	1.00	450	21.04.01	11:41	2	30	450	450	00	5907752643385	0	0	0	0	0	0	0	0
$1	1424	9009	8	0	0588	1.00	1990	21.04.01	11:41	1	30	1990	2090	00	0000002005881	0	0	0	0	0	0	0	1
$1	1424	9010	1	0	2523	1.00	2190	21.04.01	11:42	2	30	2190	2190	00	0000017025232	0	0	0	0	0	0	0	0
$1	1424	9011	1	0	3319	1.00	1750	21.04.01	12:00	1	30	1750	1750	00	5902781001830	0	0	0	0	0	0	0	0
$1	1424	9011	2	0	0002	1.000	3690	21.04.01	12:00	1	30	3690	3690	00	0000000000000	0	0	0	0	0	0	0	0
$1	1424	9011	3	0	0438	1.00	5650	21.04.01	12:00	1	30	5650	5650	00	0000024004381	0	0	0	0	0	0	0	0
$1	1424	9011	4	0	0420	1.00	5290	21.04.01	12:00	1	30	5290	5290	00	0000024004206	0	0	0	0	0	0	0	0
$1	1424	9011	5	0	0449	1.00	4490	21.04.01	12:00	1	30	4490	4490	00	0000024004497	0	0	0	0	0	0	0	0
$1	1424	9011	6	0	0726	1.00	5900	21.04.01	12:00	1	30	5900	5900	00	0000003007266	0	0	0	0	0	0	0	0
$1	1424	9011	7	0	0437	1.00	5650	21.04.01	12:00	1	30	5650	5650	00	0000024004374	0	0	0	0	0	0	0	0
$1	1424	9011	8	0	0006	1.000	4185	21.04.01	12:00	1	30	4185	4650	00	0000000000000	0	0	0	0	0	0	0	1
$1	1424	9011	9	0	0006	1.000	4185	21.04.01	12:00	1	30	4185	4650	00	0000000000000	0	0	0	0	0	0	0	1
$1	1424	9012	1	0	1314	1.00	3550	21.04.01	12:10	3	30	3550	3550	00	0000006013141	0	0	0	0	0	0	0	0
$1	1424	9012	2	0	0182	1.000	740	21.04.01	12:10	2	30	740	740	00	0000000000000	0	0	0	0	0	0	0	0
$1	1424	9013	1	0	2663	1.00	590	21.04.01	12:26	3	30	590	590	00	0000017026635	0	0	0	0	0	0	0	0
$1	1424	9013	2	0	0504	1.00	3190	21.04.01	12:26	1	30	3190	3190	00	5907502687508	0	0	0	0	0	0	0	0
$1	1424	9014	1	0	0048	1.000	950	21.04.01	15:01	1	30	950	950	00	0000000000000	0	0	0	0	0	0	0	0
$1	1424	9014	2	0	2323	1.00	4800	21.04.01	15:01	1	30	4800	4800	00	0000014023231	0	0	0	0	0	0	0	0
$1	1424	9015	1	0	0727	1.00	8250	21.04.01	15:03	1	30	8250	8250	00	0000003007273	0	0	0	0	0	0	0	0
$1	1424	9016	1	0	2024	3.00	5970	21.04.01	15:08	1	30	7470	7470	00	0000010020241	0	1	0	0	0	0	0	0
$1	1424	9017	1	0	0026	1.000	1390	21.04.01	15:09	1	30	1390	1390	00	0000000000000	0	0	0	0	0	0	0	0
$1	1424	9017	2	0	0145	1.000	490	21.04.01	15:09	1	30	490	490	00	0000000000000	0	0	0	0	0	0	0	0
$1	1424	9018	1	0	0772	1.00	6690	21.04.01	15:28	1	30	6690	6690	00	5902729031882	0	0	0	0	0	0	0	0
$1	1424	9018	2	0	3824	1.00	890	21.04.01	15:28	1	30	890	890	00	0000026038247	0	0	0	0	0	0	0	0
$1	1424	9019	1	0	1507	1.00	5990	21.04.01	15:45	3	30	5990	5990	00	5907804205233	0	0	0	0	0	0	0	0
$1	1424	9020	1	0	0788	1.00	4750	21.04.01	15:51	1	30	4750	4750	00	0000003007884	0	0	0	0	0	0	0	0
$1	1424	9020	2	0	0624	1.00	2990	21.04.01	15:51	1	30	2990	2990	00	5902249011296	0	0	0	0	0	0	0	0
$1	1424	9020	3	0	3873	1.00	2690	21.04.01	15:51	1	30	2690	2690	00	0000026038735	0	0	0	0	0	0	0	0
$1	1424	9021	1	0	2114	2.00	5500	21.04.01	16:04	1	30	5500	5500	00	0000024021142	0	0	0	0	0	0	0	0
$1	1424	9021	2	0	0822	1.00	4390	21.04.01	16:04	1	30	4390	4390	00	0000024008228	0	0	0	0	0	0	0	0
$1	1424	9021	3	0	0833	1.00	4550	21.04.01	16:04	1	30	4550	4550	00	0000024008334	0	0	0	0	0	0	0	0
$1	1424	9022	1	0	0026	1.000	2790	21.04.01	16:29	1	30	2790	2790	00	0000000000000	0	0	0	0	0	0	0	0
$1	1424	9022	2	0	0644	1.00	3090	21.04.01	16:29	1	30	3090	3090	00	5902249012088	0	0	0	0	0	0	0	0
$1	1424	9022	3	0	1320	1.00	2650	21.04.01	16:29	3	30	2650	2650	00	0000006013202	0	0	0	0	0	0	0	0
$1	1424	9022	4	0	2350	2.00	1300	21.04.01	16:29	1	30	1300	1300	00	0000015023506	0	0	0	0	0	0	0	0
$1	1424	9023	1	0	1869	1.00	7950	21.04.01	16:33	1	30	7950	7950	00	0000008018694	0	0	0	0	0	0	0	0
$1	1424	9023	2	0	0644	1.00	3090	21.04.01	16:33	1	30	3090	3090	00	5902249012088	0	0	0	0	0	0	0	0
$1	1424	9024	1	0	0772	2.00	13380	21.04.01	16:36	1	30	13380	13380	00	5902729031882	0	0	0	0	0	0	0	0
