#1	COM255:1:STX6:1	5	2022.09.05	16:09	OPSpRoz4	WIN 13.32.2020	OPSPROZ4IN.txt	OPSPROZ4OUT.txt
#
#ELZAB Jota online 20000 PLU II gen. ver. 01 (identyfikator odczytany z urzadzenia i pliku ECRTBUF.TXT)
$14	01	22.08.04	19:43	4
$13	00	1	22.08.04	19:43	01	0	0	0	0	0	0	0	0	0	             
$14	01	22.08.05	09:30	4
$13	00	1	22.08.05	09:30	01	0	0	0	0	0	0	0	0	0	             
$1	13	1	1	0	2323	1.00	1850	22.08.05	10:41	1	01	1850	1850	00	5903760202422	0	0	0	0	0	0	0	0
$1	13	1	2	0	3074	1.00	1850	22.08.05	10:41	1	01	1850	1850	00	5903760202453	0	0	0	0	0	0	0	0
$1	13	1	3	0	3484	1.00	2850	22.08.05	10:41	1	01	2850	2850	00	5903760201845	0	0	0	0	0	0	0	0
$4	13	1	1	0	0	6550	6550
$1	13	2	1	0	3573	1.00	2550	22.08.05	10:45	1	01	2550	2550	00	24035736	0	0	0	0	0	0	0	0
$1	13	2	2	0	3573	1.00	2550	22.08.05	10:45	1	01	2550	2550	00	24035736	0	0	0	0	0	0	0	0
$4	13	2	1	0	0	5100	5100
$1	13	3	1	0	2484	1.00	390	22.08.05	11:19	4	01	390	390	00	20024840	0	0	0	0	0	0	0	0
$1	13	3	2	0	2260	1.00	300	22.08.05	11:19	4	01	300	300	00	20022600	0	0	0	0	0	0	0	0
$1	13	3	3	0	3039	1.00	690	22.08.05	11:19	2	01	690	690	00	20030391	0	0	0	0	0	0	0	0
$1	13	3	4	0	3569	1.00	750	22.08.05	11:19	2	01	750	750	00	20035693	0	0	0	0	0	0	0	0
$4	13	3	1	0	0	2200	2200
$4	13	3	1	0	1	070	070
$1	13	4	1	0	2828	1.00	12890	22.08.05	12:17	1	01	12890	12890	00	18028287	0	0	0	0	0	0	0	0
$4	13	4	1	0	0	20000	20000
$4	13	4	1	0	1	7110	7110
$1	13	5	1	0	1212	1.00	590	22.08.05	12:28	2	01	590	590	00	5909994310629	0	0	0	0	0	0	0	0
$1	13	5	2	0	1203	1.00	590	22.08.05	12:28	2	01	590	590	00	5909990219612	0	0	0	0	0	0	0	0
$1	13	5	3	0	1039	1.00	590	22.08.05	12:28	2	01	590	590	00	5906365702823	0	0	0	0	0	0	0	0
$1	13	5	4	0	1189	1.00	590	22.08.05	12:28	2	01	590	590	00	5909994310711	0	0	0	0	0	0	0	0
$1	13	5	5	0	1190	1.00	590	22.08.05	12:29	2	01	590	590	00	5909990021864	0	0	0	0	0	0	0	0
$1	13	5	6	0	1181	1.00	450	22.08.05	12:29	2	01	450	450	00	5909994310964	0	0	0	0	0	0	0	0
$1	13	5	7	0	3043	1.00	700	22.08.05	12:30	2	01	700	700	00	20030438	0	0	0	0	0	0	0	0
$1	13	5	8	0	2549	1.00	2150	22.08.05	12:30	2	01	2150	2150	00	17025492	0	0	0	0	0	0	0	0
$1	13	5	9	0	1825	1.00	2350	22.08.05	12:30	1	01	2350	2350	00	8018250	0	0	0	0	0	0	0	0
$4	13	5	1	0	0	8600	8600
$1	13	6	1	0	0320	1.00	2750	22.08.05	12:54	1	01	2750	2750	00	1003208	0	0	0	0	0	0	0	0
$1	13	6	2	0	0321	1.00	2790	22.08.05	12:54	1	01	2790	2790	00	5900168900257	0	0	0	0	0	0	0	0
$1	13	6	3	0	1573	2.00	1100	22.08.05	12:55	4	01	1100	1100	00	5906660817208	0	0	0	0	0	0	0	0
$1	13	6	4	0	1871	1.00	3250	22.08.05	12:55	1	01	3250	3250	00	8018717	0	0	0	0	0	0	0	0
$4	13	6	1	0	0	9890	9890
$1	13	7	1	0	3685	1.00	3690	22.08.05	13:17	1	01	3690	3690	00	25966	0	0	0	0	0	0	0	0
$1	13	7	2	0	3665	1.00	3690	22.08.05	13:17	1	01	3690	3690	00	25676	0	0	0	0	0	0	0	0
$4	13	7	1	0	0	10000	10000
$4	13	7	1	0	1	2620	2620
$10	13	8	1	0	2350	2.00	1500	22.08.05	14:01	1	01	1500	1500	00	15023506	0	0	0	0	0	0	0	0
$10	13	8	2	0	1377	1.00	1850	22.08.05	15:00	1	01	1850	1850	00	8691190965426	0	0	0	0	0	0	0	0
$1	13	8	1	0	3082	1.00	2990	22.08.05	15:01	1	01	2990	2990	00	20025007	0	0	0	0	0	0	0	0
$1	13	8	2	0	1377	1.00	1850	22.08.05	15:01	1	01	1850	1850	00	8691190965426	0	0	0	0	0	0	0	0
$1	13	8	3	0	1277	1.00	1550	22.08.05	15:02	1	01	1550	1550	00	8691190070120	0	0	0	0	0	0	0	0
$4	13	8	1	0	0	6390	6390
$1	13	9	1	0	1825	1.00	2350	22.08.05	15:38	1	01	2350	2350	00	8018250	0	0	0	0	0	0	0	0
$4	13	9	1	0	0	2350	2350
$1	13	10	1	0	2315	1.00	1850	22.08.05	15:40	1	01	1850	1850	00	5903760202460	0	0	0	0	0	0	0	0
$1	13	10	2	0	3100	1.00	1850	22.08.05	15:40	1	01	1850	1850	00	5903760202477	0	0	0	0	0	0	0	0
$1	13	10	3	0	0624	1.00	3250	22.08.05	15:41	1	01	3250	3250	00	5902249011296	0	0	0	0	0	0	0	0
$1	13	10	4	0	0471	1.00	3400	22.08.05	15:41	1	01	3400	3400	00	5907502687270	0	0	0	0	0	0	0	0
$1	13	10	5	0	3392	1.00	100	22.08.05	15:41	1	01	100	100	00	5902249016864	0	0	0	0	0	0	0	0
$4	13	10	1	0	0	10450	10450
$1	13	11	1	0	0326	1.00	1850	22.08.05	15:50	1	01	1850	1850	00	5905279370999	0	0	0	0	0	0	0	0
$4	13	11	1	0	0	1850	1850
$1	13	12	1	0	1443	1.00	1163	22.08.05	16:42	1	01	1163	1790	00	34014431	0	0	0	0	0	0	0	1
$1	13	12	2	0	1519	1.00	3243	22.08.05	16:43	4	01	3243	4990	00	5907804205318	0	0	0	0	0	0	0	1
$1	13	12	3	0	2596	1.00	682	22.08.05	16:44	2	01	682	1050	00	17025966	0	0	0	0	0	0	0	1
$1	13	12	4	0	1055	1.00	578	22.08.05	16:44	4	01	578	890	00	5010554	0	0	0	0	0	0	0	1
$1	13	12	5	0	0983	1.00	487	22.08.05	16:44	4	01	487	750	00	5009831	0	0	0	0	0	0	0	1
$1	13	12	6	0	1050	1.00	838	22.08.05	16:45	4	01	838	1290	00	5010509	0	0	0	0	0	0	0	1
$1	13	12	7	0	4047	1.00	422	22.08.05	16:45	1	01	422	650	00	26040479	0	0	0	0	0	0	0	1
$4	13	12	1	0	0	7413	7413
$1	13	13	1	0	0041	1.000	9900	22.08.05	17:10	1	01	9900	9900	00		0	0	0	0	0	0	0	0
$10	13	13	1	0	0858	1.00	2500	22.08.05	17:10	1	01	2500	2500	00	5906395235346	0	0	0	0	0	0	0	0
$1	13	13	2	0	0067	2.000	3300	22.08.05	17:10	1	01	3300	3300	00		0	0	0	0	0	0	0	0
$1	13	13	3	0	0338	1.00	3250	22.08.05	17:10	1	01	3250	3250	00	5900168902350	0	0	0	0	0	0	0	0
$1	13	13	4	0	0329	1.00	1850	22.08.05	17:11	1	01	1850	1850	00	5900168908116	0	0	0	0	0	0	0	0
$1	13	13	5	0	0358	1.00	1750	22.08.05	17:14	1	01	1750	1750	00	1003581	0	0	0	0	0	0	0	0
$4	13	13	1	0	0	20050	20050
$14	01	22.08.09	11:43	4
$13	00	1	22.08.09	11:43	01	0	0	0	0	0	0	0	0	0	             
$1	14	1	1	0	2024	1.00	1990	22.08.09	11:57	1	01	1990	2490	00	10020241	0	0	0	0	0	0	0	1
$1	14	1	2	0	0297	1.00	2000	22.08.09	11:57	1	01	2000	2000	00	800307842750	0	0	0	0	0	0	0	0
$1	14	1	3	0	2022	1.00	2350	22.08.09	11:57	1	01	2350	2350	00	4752208006730	0	0	0	0	0	0	0	0
$1	14	1	4	0	1605	1.00	1050	22.08.09	11:57	1	01	1050	1050	00	5907804205004	0	0	0	0	0	0	0	0
$4	14	1	1	0	0	7390	7390
$1	14	2	1	0	2024	1.00	2490	22.08.09	12:01	1	01	2490	2490	00	10020241	0	0	0	0	0	0	0	0
$4	14	2	1	0	0	2490	2490
$10	14	3	1	0	0617	1.00	2190	22.08.09	12:21	1	01	2190	2190	00	5902249011265	0	0	0	0	0	0	0	0
$1	14	3	1	0	0617	1.00	2190	22.08.09	12:32	1	01	2190	2190	00	5902249011265	0	0	0	0	0	0	0	0
$1	14	3	2	0	0453	1.00	4450	22.08.09	12:32	1	01	4450	4450	00	5907502687027	0	0	0	0	0	0	0	0
$1	14	3	3	0	3392	1.00	100	22.08.09	12:32	1	01	100	100	00	5902249016864	0	0	0	0	0	0	0	0
$1	14	3	4	0	0329	1.00	1850	22.08.09	12:32	1	01	1850	1850	00	5900168908116	0	0	0	0	0	0	0	0
$1	14	3	5	0	0343	1.00	1790	22.08.09	12:32	1	01	1790	1790	00	5900168900004	0	0	0	0	0	0	0	0
$4	14	3	1	0	0	10380	10380
$1	14	4	1	0	2486	1.00	325	22.08.09	12:35	2	01	325	650	00	20024864	0	0	0	0	0	0	0	1
$1	14	4	2	0	2481	1.00	425	22.08.09	12:35	2	01	425	850	00	20024819	0	0	0	0	0	0	0	1
$1	14	4	3	0	3032	1.00	250	22.08.09	12:35	2	01	250	500	00	5902741002020	0	0	0	0	0	0	0	1
$1	14	4	4	0	0973	1.00	450	22.08.09	12:35	2	01	450	450	00	5905279799448	0	0	0	0	0	0	0	0
$4	14	4	1	0	0	1450	1450
$1	14	5	1	0	0195	1.000	650	22.08.09	13:48	1	01	650	650	00		0	0	0	0	0	0	0	0
$1	14	5	2	0	2024	1.00	2490	22.08.09	13:48	1	01	2490	2490	00	10020241	0	0	0	0	0	0	0	0
$1	14	5	3	0	1573	2.00	1100	22.08.09	13:49	4	01	1100	1100	00	5906660817208	0	0	0	0	0	0	0	0
$4	14	5	1	0	0	5000	5000
$4	14	5	1	0	1	760	760
$1	14	6	1	0	2350	4.00	3000	22.08.09	15:06	1	01	3000	3000	00	15023506	0	0	0	0	0	0	0	0
$1	14	6	2	0	0468	1.00	2290	22.08.09	15:06	1	01	2290	2290	00	5907502687287	0	0	0	0	0	0	0	0
$1	14	6	3	0	0530	1.00	2690	22.08.09	15:06	1	01	2690	2690	00	5907502687867	0	0	0	0	0	0	0	0
$1	14	6	4	0	3392	1.00	100	22.08.09	15:06	1	01	100	100	00	5902249016864	0	0	0	0	0	0	0	0
$4	14	6	1	0	0	10000	10000
$4	14	6	1	0	1	1920	1920
$1	14	7	1	0	0463	1.00	245	22.08.09	15:10	1	01	245	2450	00	5907502687249	0	0	0	0	0	0	0	1
$4	14	7	1	0	0	245	245
$10	14	8	1	0	1443	1.00	1790	22.08.09	16:00	1	01	1790	1790	00	34014431	0	0	0	0	0	0	0	0
$10	14	8	2	0	1443	1.00	1790	22.08.09	16:00	1	01	1790	1790	00	34014431	0	0	0	0	0	0	0	0
$1	14	8	1	0	1443	1.00	1790	22.08.09	16:01	1	01	1790	1790	00	34014431	0	0	0	0	0	0	0	0
$4	14	8	1	0	0	1790	1790
$1	14	9	1	0	2691	1.00	1950	22.08.09	16:04	4	01	1950	1950	00	17026918	0	0	0	0	0	0	0	0
$4	14	9	1	0	0	5000	5000
$4	14	9	1	0	1	3050	3050
$1	14	10	1	0	3924	1.00	1825	22.08.09	16:07	1	01	1825	3650	00	5907157021252	0	0	0	0	0	0	0	1
$1	14	10	2	0	3924	1.00	3650	22.08.09	16:07	1	01	3650	3650	00	5907157021252	0	0	0	0	0	0	0	0
$4	14	10	1	0	0	5475	5475
$1	14	11	1	0	1192	1.00	800	22.08.09	16:11	2	01	800	800	00	5909990219322	0	0	0	0	0	0	0	0
$4	14	11	1	0	0	800	800
$1	14	12	1	0	1529	1.00	5590	22.08.09	16:50	4	01	5590	5590	00	5906660817086	0	0	0	0	0	0	0	0
$1	14	12	2	0	1491	1.00	2690	22.08.09	16:50	4	01	2690	2690	00	5907804205301	0	0	0	0	0	0	0	0
$1	14	12	3	0	1560	1.00	4390	22.08.09	16:50	4	01	4390	4390	00	7015601	0	0	0	0	0	0	0	0
$4	14	12	1	0	0	13000	13000
$4	14	12	1	0	1	330	330
$14	01	22.08.10	09:37	4
$13	00	1	22.08.10	09:37	01	0	0	0	0	0	0	0	0	0	             
$1	15	1	1	0	0895	1.00	4400	22.08.10	09:53	1	01	4400	4400	00	4008958	0	0	0	0	0	0	0	0
$4	15	1	1	0	0	4400	4400
$1	15	2	1	0	1716	1.00	3550	22.08.10	10:26	1	01	3550	3550	00	34017166	0	0	0	0	0	0	0	0
$1	15	2	2	0	1436	1.00	2850	22.08.10	10:26	1	01	2850	2850	00	34014363	0	0	0	0	0	0	0	0
$1	15	2	3	0	0898	1.00	3500	22.08.10	10:26	1	01	3500	3500	00	4008989	0	0	0	0	0	0	0	0
$4	15	2	1	0	0	9900	9900
$1	15	3	1	0	1049	1.00	1390	22.08.10	10:36	4	01	1390	1390	00	5905279799110	0	0	0	0	0	0	0	0
$4	15	3	1	0	0	1390	1390
$1	15	4	1	0	2350	5.00	3750	22.08.10	10:47	1	01	3750	3750	00	15023506	0	0	0	0	0	0	0	0
$4	15	4	1	0	0	5000	5000
$4	15	4	1	0	1	1250	1250
$1	15	5	1	0	3549	1.00	1995	22.08.10	11:36	1	01	3990	3990	00	18035490	0	1	0	0	0	0	0	0
$1	15	5	2	0	3456	1.00	1475	22.08.10	11:36	1	01	2950	2950	00	1034561	0	1	0	0	0	0	0	0
$1	15	5	3	0	3903	1.00	1245	22.08.10	11:36	1	01	2490	2490	00	28039037	0	1	0	0	0	0	0	0
$4	15	5	1	0	0	4715	4715
$1	15	6	1	0	1821	1.00	1990	22.08.10	11:41	1	01	1990	1990	00	8018212	0	0	0	0	0	0	0	0
$4	15	6	1	0	0	5000	5000
$4	15	6	1	0	1	3010	3010
$1	15	7	1	0	1513	1.00	2050	22.08.10	11:42	4	01	2050	2050	00	7015137	0	0	0	0	0	0	0	0
$4	15	7	1	0	0	2050	2050
$1	15	8	1	0	2050	1.00	2550	22.08.10	13:24	1	01	2550	2550	00	11020509	0	0	0	0	0	0	0	0
$1	15	8	2	0	3765	1.00	890	22.08.10	13:24	1	01	890	890	00	8691190142223	0	0	0	0	0	0	0	0
$4	15	8	1	0	0	3440	3440
$1	15	9	1	0	1215	2.00	1300	22.08.10	13:26	2	01	1300	1300	00	5909994311213	0	0	0	0	0	0	0	0
$4	15	9	1	0	0	1300	1300
$1	15	10	1	0	2060	1.00	2790	22.08.10	13:31	1	01	2790	2790	00	12020607	0	0	0	0	0	0	0	0
$1	15	10	2	0	2429	1.00	2890	22.08.10	13:31	1	01	2890	2890	00	16024298	0	0	0	0	0	0	0	0
$4	15	10	1	0	0	5680	5680
$1	15	11	1	0	1010	1.00	450	22.08.10	14:38	4	01	450	450	00	5906365702908	0	0	0	0	0	0	0	0
$4	15	11	1	0	0	450	450
$10	15	12	1	0	2024	1.00	2365	22.08.10	15:48	1	01	2365	2490	00	10020241	0	0	0	0	0	0	0	1
$1	15	12	1	0	2024	1.00	1990	22.08.10	15:49	1	01	1990	2490	00	10020241	0	0	0	0	0	0	0	1
$1	15	12	2	0	2024	1.00	1990	22.08.10	15:49	1	01	1990	2490	00	10020241	0	0	0	0	0	0	0	1
$1	15	12	3	0	2024	1.00	1990	22.08.10	15:49	1	01	1990	2490	00	10020241	0	0	0	0	0	0	0	1
$1	15	12	4	0	0297	1.00	2000	22.08.10	15:49	1	01	2000	2000	00	800307842750	0	0	0	0	0	0	0	0
$4	15	12	2	0	0	7970	7970
$1	15	13	1	0	3058	1.00	890	22.08.10	16:40	2	01	890	890	00	20030582	0	0	0	0	0	0	0	0
$1	15	13	2	0	4095	1.00	6590	22.08.10	16:40	1	01	6590	6590	00	10000151	0	0	0	0	0	0	0	0
$1	15	13	3	0	0225	1.000	200	22.08.10	16:40	1	01	200	200	00		0	0	0	0	0	0	0	0
$4	15	13	2	0	0	7680	7680
$1	15	14	1	0	0294	1.00	8350	22.08.10	17:02	1	01	8350	8350	00	154	0	0	0	0	0	0	0	0
$4	15	14	2	0	0	8350	8350
$1	15	15	1	0	0685	1.00	3850	22.08.10	17:04	1	01	3850	3850	00	25591	0	0	0	0	0	0	0	0
$1	15	15	2	0	0492	1.00	3050	22.08.10	17:09	1	01	3050	3050	00	5902249011449	0	0	0	0	0	0	0	0
$4	15	15	2	0	0	6900	6900
$12	15	1	1	0	0002	1.000	200	22.08.10	17:52	1	01	200	200	00		0	0	0	0	0	0	0	0
$14	01	22.08.10	19:32	4
$13	00	1	22.08.11	09:33	01	0	0	0	0	0	0	0	0	0	             
$1	16	1	1	0	2666	1.00	2550	22.08.11	09:44	2	01	2550	2550	00	17026666	0	0	0	0	0	0	0	0
$4	16	1	1	0	0	5000	5000
$4	16	1	1	0	1	2450	2450
$1	16	2	1	0	2053	1.00	2550	22.08.11	10:09	1	01	2550	2550	00	11020530	0	0	0	0	0	0	0	0
$4	16	2	1	0	0	3000	3000
$4	16	2	1	0	1	450	450
$1	16	3	1	0	0346	1.00	1890	22.08.11	10:20	1	01	1890	1890	00	5900168900363	0	0	0	0	0	0	0	0
$4	16	3	1	0	0	1890	1890
$1	16	4	1	0	3485	1.00	2850	22.08.11	10:22	1	01	2850	2850	00	5903760201869	0	0	0	0	0	0	0	0
$4	16	4	1	0	0	2850	2850
$1	16	5	1	0	1184	1.00	450	22.08.11	10:29	2	01	450	450	00	5909990628377	0	0	0	0	0	0	0	0
$4	16	5	1	0	0	1000	1000
$4	16	5	1	0	1	550	550
$1	16	6	1	0	1249	1.00	790	22.08.11	10:44	2	01	790	790	00	5909994310667	0	0	0	0	0	0	0	0
$4	16	6	1	0	0	1000	1000
$4	16	6	1	0	1	210	210
$1	16	7	1	0	3327	1.00	950	22.08.11	10:52	4	01	950	950	00	22033277	0	0	0	0	0	0	0	0
$1	16	7	2	0	3327	1.00	950	22.08.11	10:52	4	01	950	950	00	22033277	0	0	0	0	0	0	0	0
$4	16	7	1	0	0	1900	1900
$1	16	8	1	0	1008	1.00	225	22.08.11	11:10	2	01	225	450	00	5909994311367	0	0	0	0	0	0	0	1
$4	16	8	1	0	0	225	225
$1	16	9	1	0	1374	1.00	1715	22.08.11	11:23	1	01	1715	2450	00	8691190595012	0	0	0	0	0	0	0	1
$4	16	9	1	0	0	1715	1715
$1	16	10	1	0	1050	1.00	1096	22.08.11	12:10	4	01	1096	1290	00	5010509	0	0	0	0	0	0	0	1
$1	16	10	2	0	2636	1.00	2090	22.08.11	12:11	3	01	2090	2090	00	5907078675428	0	0	0	0	0	0	0	0
$1	16	10	3	0	1097	2.00	800	22.08.11	12:11	4	01	800	800	00	5909994310568	0	0	0	0	0	0	0	0
$4	16	10	1	0	0	10000	10000
$4	16	10	1	0	1	6014	6014
$1	16	11	1	0	1232	2.00	900	22.08.11	13:22	2	01	900	900	00	5909990219520	0	0	0	0	0	0	0	0
$1	16	11	2	0	1234	2.00	1500	22.08.11	13:22	2	01	1500	1500	00	5909990311910	0	0	0	0	0	0	0	0
$1	16	11	3	0	1191	2.00	900	22.08.11	13:22	2	01	900	900	00	5909990628490	0	0	0	0	0	0	0	0
$1	16	11	4	0	3025	1.00	590	22.08.11	13:22	2	01	590	590	00	20030254	0	0	0	0	0	0	0	0
$4	16	11	2	0	0	3890	3890
$1	16	12	1	0	1291	1.00	5450	22.08.11	13:25	3	01	5450	5450	00	6012915	0	0	0	0	0	0	0	0
$1	16	12	2	0	1945	1.00	1600	22.08.11	13:25	2	01	1600	1600	00	9019454	0	0	0	0	0	0	0	0
$1	16	12	3	0	3074	1.00	1850	22.08.11	13:27	1	01	1850	1850	00	5903760202453	0	0	0	0	0	0	0	0
$1	16	12	4	0	3106	1.00	1850	22.08.11	13:27	1	01	1850	1850	00	5900168908154	0	0	0	0	0	0	0	0
$4	16	12	2	0	0	10750	10750
$1	16	13	1	0	2341	1.00	1590	22.08.11	14:01	4	01	1590	1590	00	5903760200572	0	0	0	0	0	0	0	0
$1	16	13	2	0	2485	1.00	1850	22.08.11	14:01	1	01	1850	1850	00	5903760202446	0	0	0	0	0	0	0	0
$4	16	13	2	0	0	3440	3440
$1	16	14	1	0	2266	1.00	3190	22.08.11	14:15	1	01	3190	3190	00	25973	0	0	0	0	0	0	0	0
$4	16	14	1	0	0	10000	10000
$4	16	14	1	0	1	6810	6810
$1	16	15	1	0	0647	1.00	3090	22.08.11	15:40	1	01	3090	3090	00	5902249012125	0	0	0	0	0	0	0	0
$4	16	15	2	0	0	3090	3090
$1	16	16	1	0	2350	1.00	750	22.08.11	17:11	1	01	750	750	00	15023506	0	0	0	0	0	0	0	0
$1	16	16	2	0	4023	1.00	1350	22.08.11	17:11	1	01	1350	1350	00	8691190115050	0	0	0	0	0	0	0	0
$1	16	16	3	0	3765	1.00	890	22.08.11	17:11	1	01	890	890	00	8691190142223	0	0	0	0	0	0	0	0
$1	16	16	4	0	1319	1.00	1190	22.08.11	17:12	1	01	1190	1190	00	8691190334512	0	0	0	0	0	0	0	0
$1	16	16	5	0	3265	1.00	1750	22.08.11	17:12	4	01	1750	1750	00	5905279799783	0	0	0	0	0	0	0	0
$1	16	16	6	0	1028	1.00	950	22.08.11	17:12	2	01	950	950	00	5010288	0	0	0	0	0	0	0	0
$4	16	16	1	0	0	10000	10000
$4	16	16	1	0	1	3120	3120
$1	16	17	1	0	0026	2.000	580	22.08.11	17:13	1	01	580	580	00		0	0	0	0	0	0	0	0
$4	16	17	1	0	0	1000	1000
$4	16	17	1	0	1	420	420
$1	16	18	1	0	3408	1.00	4950	22.08.11	17:24	1	01	4950	4950	00	25904	0	0	0	0	0	0	0	0
$1	16	18	2	0	0002	4.000	1000	22.08.11	17:24	1	01	1000	1000	00		0	0	0	0	0	0	0	0
$4	16	18	2	0	0	5950	5950
$14	01	22.08.12	09:30	4
$13	00	1	22.08.12	09:30	01	0	0	0	0	0	0	0	0	0	             
$1	17	1	1	0	3901	2.00	1900	22.08.12	09:33	1	01	1900	1900	00	28039013	0	0	0	0	0	0	0	0
$4	17	1	1	0	0	10000	10000
$4	17	1	1	0	1	8100	8100
$1	17	2	1	0	1197	1.00	450	22.08.12	10:39	2	01	450	450	00	5909994309128	0	0	0	0	0	0	0	0
$1	17	2	2	0	1182	1.00	700	22.08.12	10:39	2	01	700	700	00	5909990219728	0	0	0	0	0	0	0	0
$1	17	2	3	0	1229	1.00	490	22.08.12	10:39	2	01	490	490	00	5909994309722	0	0	0	0	0	0	0	0
$1	17	2	4	0	1159	1.00	490	22.08.12	10:39	2	01	490	490	00	5909994311657	0	0	0	0	0	0	0	0
$1	17	2	5	0	1225	1.00	590	22.08.12	10:39	2	01	590	590	00	5909990628667	0	0	0	0	0	0	0	0
$1	17	2	6	0	1210	1.00	400	22.08.12	10:39	2	01	400	400	00	5909994310360	0	0	0	0	0	0	0	0
$1	17	2	7	0	1168	1.00	450	22.08.12	10:40	2	01	450	450	00	5909994310261	0	0	0	0	0	0	0	0
$1	17	2	8	0	1097	1.00	400	22.08.12	10:40	4	01	400	400	00	5909994310568	0	0	0	0	0	0	0	0
$1	17	2	9	0	1193	1.00	490	22.08.12	10:40	2	01	490	490	00	5909990195725	0	0	0	0	0	0	0	0
$1	17	2	10	0	1165	1.00	490	22.08.12	10:40	2	01	490	490	00	5909994311169	0	0	0	0	0	0	0	0
$1	17	2	11	0	1200	1.00	490	22.08.12	10:40	2	01	490	490	00	5909990628544	0	0	0	0	0	0	0	0
$4	17	2	1	0	0	5440	5440
$1	17	3	1	0	1914	1.00	1790	22.08.12	10:43	1	01	1790	1790	00	9019140	0	0	0	0	0	0	0	0
$4	17	3	1	0	0	1790	1790
$1	17	4	1	0	1183	2.00	1300	22.08.12	12:24	2	01	1300	1300	00	5909990628414	0	0	0	0	0	0	0	0
$4	17	4	1	0	0	2000	2000
$4	17	4	1	0	1	700	700
$1	17	5	1	0	2053	1.00	2550	22.08.12	12:29	1	01	2550	2550	00	11020530	0	0	0	0	0	0	0	0
$1	17	5	2	0	2053	1.00	2550	22.08.12	12:29	1	01	2550	2550	00	11020530	0	0	0	0	0	0	0	0
$1	17	5	3	0	2053	1.00	2550	22.08.12	12:29	1	01	2550	2550	00	11020530	0	0	0	0	0	0	0	0
$4	17	5	1	0	0	10000	10000
$4	17	5	1	0	1	2350	2350
$1	17	6	1	0	2053	1.00	2550	22.08.12	12:30	1	01	2550	2550	00	11020530	0	0	0	0	0	0	0	0
$4	17	6	1	0	0	2550	2550
$1	17	7	1	0	1215	1.00	650	22.08.12	12:33	2	01	650	650	00	5909994311213	0	0	0	0	0	0	0	0
$4	17	7	1	0	0	650	650
$1	17	8	1	0	0195	1.000	650	22.08.12	12:46	1	01	650	650	00		0	0	0	0	0	0	0	0
$1	17	8	2	0	4028	1.00	1350	22.08.12	12:46	1	01	1350	1350	00	8691190115081	0	0	0	0	0	0	0	0
$1	17	8	3	0	2053	3.00	7650	22.08.12	12:46	1	01	7650	7650	00	11020530	0	0	0	0	0	0	0	0
$1	17	8	4	0	2543	1.00	1290	22.08.12	12:46	2	01	1290	1290	00	17025430	0	0	0	0	0	0	0	0
$4	17	8	2	0	0	10940	10940
$1	17	9	1	0	2389	1.00	2590	22.08.12	13:14	1	01	2590	2590	00	16023895	0	0	0	0	0	0	0	0
$4	17	9	1	0	0	2590	2590
$1	17	10	1	0	0447	1.00	8200	22.08.12	13:15	1	01	8200	8200	00	246	0	0	0	0	0	0	0	0
$4	17	10	2	0	0	8200	8200
$1	17	11	1	0	0297	1.00	2000	22.08.12	15:00	1	01	2000	2000	00	800307842750	0	0	0	0	0	0	0	0
$4	17	11	1	0	0	2000	2000
$1	17	12	1	0	2418	1.00	2590	22.08.12	15:16	1	01	2590	2590	00	16024182	0	0	0	0	0	0	0	0
$1	17	12	2	0	2408	1.00	2850	22.08.12	15:16	1	01	2850	2850	00	16024083	0	0	0	0	0	0	0	0
$1	17	12	3	0	2395	1.00	2450	22.08.12	15:16	1	01	2450	2450	00	16023956	0	0	0	0	0	0	0	0
$4	17	12	2	0	0	7890	7890
$1	17	13	1	0	3512	1.00	4650	22.08.12	15:18	1	01	4650	4650	00	24035125	0	0	0	0	0	0	0	0
$4	17	13	2	0	0	4650	4650
$1	17	14	1	0	0503	1.00	2390	22.08.12	16:29	1	01	2390	2390	00	5907502687539	0	0	0	0	0	0	0	0
$4	17	14	1	0	0	2390	2390
$14	01	22.08.13	09:27	4
$13	00	1	22.08.13	09:27	01	0	0	0	0	0	0	0	0	0	             
$1	18	1	1	0	0835	1.00	4090	22.08.13	09:37	1	01	4090	4090	00	406	0	0	0	0	0	0	0	0
$1	18	1	2	0	0027	1.000	3750	22.08.13	09:38	1	01	3750	3750	00		0	0	0	0	0	0	0	0
$1	18	1	3	0	0225	1.000	200	22.08.13	09:38	1	01	200	200	00		0	0	0	0	0	0	0	0
$4	18	1	1	0	0	8040	8040
$12	18	1	1	0	1461	1.00	2850	22.08.13	10:25	1	01	2850	2850	00	34014615	0	0	0	0	0	0	0	0
$12	18	1	2	0	1715	1.00	2290	22.08.13	10:25	1	01	2290	2290	00	34017159	0	0	0	0	0	0	0	0
$1	18	2	1	0	2323	1.00	1850	22.08.13	10:53	1	01	1850	1850	00	5903760202422	0	0	0	0	0	0	0	0
$1	18	2	2	0	2490	1.00	1850	22.08.13	10:53	1	01	1850	1850	00	5903760202439	0	0	0	0	0	0	0	0
$4	18	2	1	0	0	10000	10000
$4	18	2	1	0	1	6300	6300
$1	18	3	1	0	0673	1.00	3090	22.08.13	11:25	1	01	3090	3090	00	5902249014839	0	0	0	0	0	0	0	0
$1	18	3	2	0	0528	1.00	2290	22.08.13	11:26	1	01	2290	2290	00	5907502687881	0	0	0	0	0	0	0	0
$1	18	3	3	0	3392	1.00	100	22.08.13	11:26	1	01	100	100	00	5902249016864	0	0	0	0	0	0	0	0
$4	18	3	2	0	0	5480	5480
$1	18	4	1	0	2490	1.00	1850	22.08.13	11:30	1	01	1850	1850	00	5903760202439	0	0	0	0	0	0	0	0
$4	18	4	2	0	0	1850	1850
$1	18	5	1	0	3923	1.00	6545	22.08.13	11:43	1	01	6545	7700	00	14039232	0	0	0	0	0	0	0	1
$1	18	5	2	0	0734	1.00	4750	22.08.13	11:43	1	01	4750	4750	00	3007341	0	0	0	0	0	0	0	0
$1	18	5	3	0	3901	1.00	950	22.08.13	11:44	1	01	950	950	00	28039013	0	0	0	0	0	0	0	0
$4	18	5	2	0	0	12245	12245
$1	18	6	1	0	1785	1.00	4450	22.08.13	12:01	1	01	4450	4450	00	8017857	0	0	0	0	0	0	0	0
$4	18	6	1	0	0	10000	10000
$4	18	6	1	0	1	5550	5550
$1	18	7	1	0	0445	1.00	6250	22.08.13	12:09	1	01	6250	6250	00	253	0	0	0	0	0	0	0	0
$4	18	7	1	0	0	6250	6250
$1	18	8	1	0	3901	1.00	950	22.08.13	12:12	1	01	950	950	00	28039013	0	0	0	0	0	0	0	0
$1	18	8	2	0	2350	1.00	750	22.08.13	12:12	1	01	750	750	00	15023506	0	0	0	0	0	0	0	0
$4	18	8	1	0	0	1700	1700
$1	18	9	1	0	1507	1.00	5950	22.08.13	12:38	4	01	5950	5950	00	5907804205233	0	0	0	0	0	0	0	0
$4	18	9	2	0	0	5950	5950
$1	18	10	1	0	0346	1.00	1890	22.08.13	13:14	1	01	1890	1890	00	5900168900363	0	0	0	0	0	0	0	0
$4	18	10	1	0	0	1890	1890
$14	01	22.08.15	17:53	4
$13	00	1	22.08.15	17:53	01	0	0	0	0	0	0	0	0	0	             
$14	01	22.08.15	18:10	4
$13	00	1	22.08.15	18:10	01	0	0	0	0	0	0	0	0	0	             
$14	01	22.08.15	18:42	4
$13	00	1	22.08.15	18:42	01	0	0	0	0	0	0	0	0	0	             
$12	19	1	1	0	0372	1.00	1790	22.08.15	18:45	1	01	1790	1790	00	5906874565278	0	0	0	0	0	0	0	0
$1	19	1	1	0	0372	1.00	1790	22.08.15	18:48	1	01	1790	1790	00	5906874565278	0	0	0	0	0	0	0	0
$4	19	1	1	0	0	1790	1790
$12	19	2	1	0	2260	1.00	300	22.08.15	18:54	4	01	300	300	00	5902741001849	0	0	0	0	0	0	0	0
$14	01	22.08.15	18:55	4
$13	00	1	22.08.15	18:55	01	0	0	0	0	0	0	0	0	0	             
$12	19	3	1	0	2260	1.00	300	22.08.15	18:55	4	01	300	300	00	5902741001849	0	0	0	0	0	0	0	0
$14	01	22.08.16	09:21	4
$13	00	1	22.08.16	09:21	01	0	0	0	0	0	0	0	0	0	             
$1	20	1	1	0	3901	1.00	950	22.08.16	09:36	1	01	950	950	00	28039013	0	0	0	0	0	0	0	0
$1	20	1	2	0	1378	1.00	2550	22.08.16	09:36	1	01	2550	2550	00	8691190069261	0	0	0	0	0	0	0	0
$4	20	1	1	0	0	3500	3500
$12	20	1	1	0	0002	1.000	100	22.08.16	10:51	1	01	100	100	00		0	0	0	0	0	0	0	0
$1	20	2	1	0	3484	1.00	2850	22.08.16	11:04	1	01	2850	2850	00	1034844	0	0	0	0	0	0	0	0
$1	20	2	2	0	0524	1.00	2590	22.08.16	11:04	1	01	2590	2590	00	5907502687669	0	0	0	0	0	0	0	0
$4	20	2	1	0	0	5440	5440
$1	20	3	1	0	0497	1.00	1990	22.08.16	11:13	1	01	1990	1990	00	5907502687423	0	0	0	0	0	0	0	0
$1	20	3	2	0	0496	1.00	3550	22.08.16	11:13	1	01	3550	3550	00	5907502687430	0	0	0	0	0	0	0	0
$1	20	3	3	0	0496	1.00	3550	22.08.16	11:13	1	01	3550	3550	00	5907502687430	0	0	0	0	0	0	0	0
$1	20	3	4	0	2293	1.00	3950	22.08.16	11:13	1	01	3950	3950	00	14022937	0	0	0	0	0	0	0	0
$1	20	3	5	0	1958	1.00	1990	22.08.16	11:13	1	01	1990	1990	00	680275060161	0	0	0	0	0	0	0	0
$4	20	3	1	0	0	15030	15030
$12	20	2	1	0	0002	1.000	100	22.08.16	11:30	1	01	100	100	00		0	0	0	0	0	0	0	0
$1	20	4	1	0	0358	1.00	1400	22.08.16	11:59	1	01	1400	1750	00	5900168902169	0	0	0	0	0	0	0	1
$1	20	4	2	0	0498	1.00	2490	22.08.16	11:59	1	01	2490	2490	00	5907502687546	0	0	0	0	0	0	0	0
$1	20	4	3	0	0503	1.00	2390	22.08.16	11:59	1	01	2390	2390	00	5907502687539	0	0	0	0	0	0	0	0
$1	20	4	4	0	3392	1.00	100	22.08.16	11:59	1	01	100	100	00	5902249016864	0	0	0	0	0	0	0	0
$4	20	4	2	0	0	6380	6380
$1	20	5	1	0	2009	1.00	3290	22.08.16	12:02	1	01	3290	3290	00	680275060864	0	0	0	0	0	0	0	0
$1	20	5	2	0	2460	1.00	250	22.08.16	12:04	1	01	250	250	00	33002996	0	0	0	0	0	0	0	0
$4	20	5	1	0	0	20000	20000
$4	20	5	1	0	1	16460	16460
$1	20	6	1	0	2009	1.00	3290	22.08.16	12:45	1	01	3290	3290	00	9020092	0	0	0	0	0	0	0	0
$1	20	6	2	0	2350	1.00	750	22.08.16	12:45	1	01	750	750	00	15023506	0	0	0	0	0	0	0	0
$1	20	6	3	0	0358	1.00	1400	22.08.16	12:59	1	01	1400	1750	00	5900168902169	0	0	0	0	0	0	0	1
$1	20	6	4	0	0567	1.00	3750	22.08.16	13:04	1	01	3750	3750	00	5902249010954	0	0	0	0	0	0	0	0
$1	20	6	5	0	0607	1.00	2890	22.08.16	13:04	1	01	2890	2890	00	5902249011043	0	0	0	0	0	0	0	0
$1	20	6	6	0	3392	1.00	100	22.08.16	13:04	1	01	100	100	00	5902249016864	0	0	0	0	0	0	0	0
$4	20	6	2	0	0	12180	12180
$1	20	7	1	0	2507	1.00	1190	22.08.16	13:06	2	01	1190	1190	00	20025076	0	0	0	0	0	0	0	0
$1	20	7	2	0	0557	1.00	2590	22.08.16	13:17	1	01	2590	2590	00	5902249010411	0	0	0	0	0	0	0	0
$1	20	7	3	0	1632	1.00	2450	22.08.16	13:17	1	01	2450	2450	00	5906660812272	0	0	0	0	0	0	0	0
$1	20	7	4	0	1252	1.00	1290	22.08.16	13:17	2	01	1290	1290	00	5905279799417	0	0	0	0	0	0	0	0
$1	20	7	5	0	2350	1.00	750	22.08.16	13:18	1	01	750	750	00	15023506	0	0	0	0	0	0	0	0
$1	20	7	6	0	0026	1.000	290	22.08.16	13:18	1	01	290	290	00		0	0	0	0	0	0	0	0
$4	20	7	2	0	0	8560	8560
$1	20	8	1	0	2593	1.00	1790	22.08.16	13:20	1	01	1790	1790	00	5904960012446	0	0	0	0	0	0	0	0
$1	20	8	2	0	1755	1.00	5950	22.08.16	13:31	1	01	5950	5950	00	8017550	0	0	0	0	0	0	0	0
$1	20	8	3	0	3466	1.00	14650	22.08.16	13:31	1	01	14650	14650	00	5711914166755	0	0	0	0	0	0	0	0
$4	20	8	1	0	0	22390	22390
$1	20	9	1	0	0048	1.000	6850	22.08.16	13:37	1	01	6850	6850	00		0	0	0	0	0	0	0	0
$4	20	9	2	0	0	6850	6850
$1	20	10	1	0	0445	1.00	6250	22.08.16	13:51	1	01	6250	6250	00	253	0	0	0	0	0	0	0	0
$4	20	10	1	0	0	10000	10000
$4	20	10	1	0	1	3750	3750
$1	20	11	1	0	0501	1.00	2590	22.08.16	13:57	1	01	2590	2590	00	5907502687577	0	0	0	0	0	0	0	0
$1	20	11	2	0	3346	1.00	2890	22.08.16	13:57	1	01	2890	2890	00	5902249015850	0	0	0	0	0	0	0	0
$1	20	11	3	0	3392	1.00	100	22.08.16	13:57	1	01	100	100	00	5902249016864	0	0	0	0	0	0	0	0
$4	20	11	2	0	0	5580	5580
$1	20	12	1	0	0463	1.00	2450	22.08.16	14:02	1	01	2450	2450	00	5907502687249	0	0	0	0	0	0	0	0
$1	20	12	2	0	0549	1.00	2490	22.08.16	14:02	1	01	2490	2490	00	5902249010350	0	0	0	0	0	0	0	0
$1	20	12	3	0	3392	1.00	100	22.08.16	14:02	1	01	100	100	00	5902249016864	0	0	0	0	0	0	0	0
$1	20	12	4	0	1881	1.00	4950	22.08.16	14:02	1	01	4950	4950	00	5711914172794	0	0	0	0	0	0	0	0
$4	20	12	1	0	0	9990	9990
$1	20	13	1	0	0231	2.000	600	22.08.16	14:13	1	01	600	600	00		0	0	0	0	0	0	0	0
$1	20	13	2	0	0663	1.00	3350	22.08.16	14:13	1	01	3350	3350	00	5902249014945	0	0	0	0	0	0	0	0
$1	20	13	3	0	0547	1.00	2790	22.08.16	14:13	1	01	2790	2790	00	5907502687836	0	0	0	0	0	0	0	0
$1	20	13	4	0	3392	1.00	100	22.08.16	14:14	1	01	100	100	00	5902249016864	0	0	0	0	0	0	0	0
$1	20	13	5	0	2572	1.00	2790	22.08.16	14:15	2	01	2790	2790	00	17025720	0	0	0	0	0	0	0	0
$1	20	13	6	0	3629	1.00	850	22.08.16	14:15	1	01	850	850	00	26036298	0	0	0	0	0	0	0	0
$4	20	13	2	0	0	10480	10480
$1	20	14	1	0	0041	1.000	2390	22.08.16	14:18	1	01	2390	2390	00		0	0	0	0	0	0	0	0
$1	20	14	2	0	0515	1.00	3190	22.08.16	14:18	1	01	3190	3190	00	5907502687782	0	0	0	0	0	0	0	0
$4	20	14	1	0	0	6000	6000
$4	20	14	1	0	1	420	420
$1	20	15	1	0	2024	1.00	1990	22.08.16	15:06	1	01	1990	2490	00	10020241	0	0	0	0	0	0	0	1
$1	20	15	2	0	2024	1.00	1990	22.08.16	15:06	1	01	1990	2490	00	10020241	0	0	0	0	0	0	0	1
$4	20	15	1	0	0	5000	5000
$4	20	15	1	0	1	1020	1020
$1	20	16	1	0	2050	2.00	5100	22.08.16	15:08	1	01	5100	5100	00	11020509	0	0	0	0	0	0	0	0
$4	20	16	2	0	0	5100	5100
$1	20	17	1	0	1008	1.00	450	22.08.16	15:35	2	01	450	450	00	5909994311367	0	0	0	0	0	0	0	0
$1	20	17	2	0	1097	2.00	800	22.08.16	15:35	4	01	800	800	00	5909994310568	0	0	0	0	0	0	0	0
$4	20	17	1	0	0	5000	5000
$4	20	17	1	0	1	3750	3750
$1	20	18	1	0	2053	1.00	2550	22.08.16	15:37	1	01	2550	2550	00	11020530	0	0	0	0	0	0	0	0
$4	20	18	2	0	0	2550	2550
$1	20	19	1	0	1203	1.00	590	22.08.16	15:56	2	01	590	590	00	5909990219612	0	0	0	0	0	0	0	0
$4	20	19	1	0	0	1000	1000
$4	20	19	1	0	1	410	410
$12	22	1	1	0	4116	1.00	1990	22.08.16	17:41	1	01	1990	1990	00	5903246240702	0	0	0	0	0	0	0	0
$14	01	22.08.17	09:30	4
$13	00	1	22.08.17	09:30	01	0	0	0	0	0	0	0	0	0	             
$1	23	1	1	0	1527	1.00	3390	22.08.17	10:47	4	01	3390	3390	00	5906660817147	0	0	0	0	0	0	0	0
$4	23	1	1	0	0	20000	20000
$4	23	1	1	0	1	16610	16610
$1	23	2	1	0	2053	1.00	2550	22.08.17	11:01	1	01	2550	2550	00	11020530	0	0	0	0	0	0	0	0
$4	23	2	1	0	0	2550	2550
$10	23	3	1	0	0605	1.00	4250	22.08.17	11:09	1	01	4250	4250	00	5902249011098	0	0	0	0	0	0	0	0
$1	23	3	1	0	0605	1.00	4250	22.08.17	11:10	1	01	4250	4250	00	5902249011098	0	0	0	0	0	0	0	0
$1	23	3	2	0	0603	1.00	4150	22.08.17	11:10	1	01	4150	4150	00	5902249011074	0	0	0	0	0	0	0	0
$4	23	3	1	0	0	10000	10000
$4	23	3	1	0	1	1600	1600
$1	23	4	1	0	3901	3.00	2850	22.08.17	11:37	1	01	2850	2850	00	28039013	0	0	0	0	0	0	0	0
$1	23	4	2	0	2350	3.00	2250	22.08.17	11:37	1	01	2250	2250	00	15023506	0	0	0	0	0	0	0	0
$4	23	4	2	0	0	5100	5100
$1	23	5	1	0	2350	1.00	750	22.08.17	12:07	1	01	750	750	00	15023506	0	0	0	0	0	0	0	0
$4	23	5	2	0	0	750	750
$1	23	6	1	0	2921	1.00	11950	22.08.17	12:13	1	01	11950	11950	00	18029215	0	0	0	0	0	0	0	0
$4	23	6	2	0	0	11950	11950
$1	23	7	1	0	0542	1.00	2691	22.08.17	12:45	1	01	2691	2990	00	5902249010114	0	0	0	0	0	0	0	1
$1	23	7	2	0	3157	1.00	2990	22.08.17	12:45	1	01	2990	2990	00	5902249015782	0	0	0	0	0	0	0	0
$1	23	7	3	0	3392	1.00	100	22.08.17	12:46	1	01	100	100	00	5902249016864	0	0	0	0	0	0	0	0
$1	23	7	4	0	3583	1.00	750	22.08.17	12:46	2	01	750	750	00	20035839	0	0	0	0	0	0	0	0
$4	23	7	1	0	0	7000	7000
$4	23	7	1	0	1	469	469
$1	23	8	1	0	1184	4.00	1800	22.08.17	13:12	2	01	1800	1800	00	5909990628377	0	0	0	0	0	0	0	0
$4	23	8	1	0	0	2000	2000
$4	23	8	1	0	1	200	200
$1	23	9	1	0	1180	1.00	382	22.08.17	13:19	2	01	382	450	00	5909994312166	0	0	0	0	0	0	0	1
$1	23	9	2	0	1180	1.00	450	22.08.17	13:19	2	01	450	450	00	5909994312166	0	0	0	0	0	0	0	0
$1	23	9	3	0	2350	2.00	1500	22.08.17	13:19	1	01	1500	1500	00	15023506	0	0	0	0	0	0	0	0
$4	23	9	1	0	0	2400	2400
$4	23	9	1	0	1	068	068
$1	23	10	1	0	3504	1.00	4690	22.08.17	14:32	1	01	4690	4690	00	24035040	0	0	0	0	0	0	0	0
$1	23	10	2	0	0473	1.00	2390	22.08.17	14:32	1	01	2390	2390	00	5907502687317	0	0	0	0	0	0	0	0
$1	23	10	3	0	1843	1.00	2650	22.08.17	14:32	1	01	2650	2650	00	8018434	0	0	0	0	0	0	0	0
$1	23	10	4	0	1844	1.00	2490	22.08.17	14:32	1	01	2490	2490	00	8018441	0	0	0	0	0	0	0	0
$4	23	10	2	0	0	12220	12220
$1	23	11	1	0	3901	1.00	950	22.08.17	15:09	1	01	950	950	00	28039013	0	0	0	0	0	0	0	0
$1	23	11	2	0	3902	1.00	1390	22.08.17	15:09	1	01	1390	1390	00	28039020	0	0	0	0	0	0	0	0
$1	23	11	3	0	0225	1.000	2490	22.08.17	15:09	1	01	2490	2490	00		0	0	0	0	0	0	0	0
$4	23	11	2	0	0	4830	4830
$1	23	12	1	0	0530	1.00	2690	22.08.17	15:30	1	01	2690	2690	00	5907502687867	0	0	0	0	0	0	0	0
$1	23	12	2	0	3208	1.00	1272	22.08.17	15:30	1	01	1272	1590	00	21032080	0	0	0	0	0	0	0	1
$4	23	12	1	0	0	3962	3962
$1	23	13	1	0	3350	1.00	2650	22.08.17	15:31	1	01	2650	2650	00	12033508	0	0	0	0	0	0	0	0
$4	23	13	2	0	0	2650	2650
$1	23	14	1	0	0555	1.00	2690	22.08.17	15:37	1	01	2690	2690	00	5902249010398	0	0	0	0	0	0	0	0
$1	23	14	2	0	2612	1.00	1790	22.08.17	15:37	1	01	1790	1790	00	17026123	0	0	0	0	0	0	0	0
$1	23	14	3	0	3583	1.00	750	22.08.17	15:37	2	01	750	750	00	20035839	0	0	0	0	0	0	0	0
$1	23	14	4	0	1906	1.00	1790	22.08.17	15:37	1	01	1790	1790	00	9019065	0	0	0	0	0	0	0	0
$1	23	14	5	0	2147	1.00	1490	22.08.17	15:38	4	01	1490	1490	00	24938	0	0	0	0	0	0	0	0
$4	23	14	1	0	0	8510	8510
$1	23	15	1	0	2739	1.00	1950	22.08.17	15:47	1	01	1950	1950	00	14027390	0	0	0	0	0	0	0	0
$1	23	15	2	0	1820	1.00	1990	22.08.17	15:47	1	01	1990	1990	00	8018205	0	0	0	0	0	0	0	0
$1	23	15	3	0	0468	1.00	2290	22.08.17	15:47	1	01	2290	2290	00	5907502687287	0	0	0	0	0	0	0	0
$4	23	15	2	0	0	6230	6230
$1	23	16	1	0	2053	1.00	2550	22.08.17	15:57	1	01	2550	2550	00	11020530	0	0	0	0	0	0	0	0
$1	23	16	2	0	2050	1.00	2550	22.08.17	15:57	1	01	2550	2550	00	11020509	0	0	0	0	0	0	0	0
$4	23	16	2	0	0	5100	5100
$1	23	17	1	0	2531	1.00	1190	22.08.17	16:43	2	01	1190	1190	00	17025317	0	0	0	0	0	0	0	0
$1	23	17	2	0	2530	1.00	2150	22.08.17	16:43	2	01	2150	2150	00	17025300	0	0	0	0	0	0	0	0
$1	23	17	3	0	1234	1.00	750	22.08.17	16:43	2	01	750	750	00	5909990311910	0	0	0	0	0	0	0	0
$1	23	17	4	0	1224	1.00	550	22.08.17	16:43	2	01	550	550	00	5909990628643	0	0	0	0	0	0	0	0
$1	23	17	5	0	1159	1.00	490	22.08.17	16:43	2	01	490	490	00	5909994311657	0	0	0	0	0	0	0	0
$1	23	17	6	0	1232	1.00	450	22.08.17	16:43	2	01	450	450	00	5909990219520	0	0	0	0	0	0	0	0
$1	23	17	7	0	1217	1.00	450	22.08.17	16:44	2	01	450	450	00	5909990195824	0	0	0	0	0	0	0	0
$1	23	17	8	0	1249	1.00	790	22.08.17	16:44	2	01	790	790	00	5909994310667	0	0	0	0	0	0	0	0
$1	23	17	9	0	1168	1.00	450	22.08.17	16:44	2	01	450	450	00	5909994310261	0	0	0	0	0	0	0	0
$1	23	17	10	0	1181	1.00	450	22.08.17	16:44	2	01	450	450	00	5909994310964	0	0	0	0	0	0	0	0
$1	23	17	11	0	1192	1.00	800	22.08.17	16:44	2	01	800	800	00	5909990219322	0	0	0	0	0	0	0	0
$1	23	17	12	0	1249	1.00	790	22.08.17	16:44	2	01	790	790	00	5909994310667	0	0	0	0	0	0	0	0
$1	23	17	13	0	1151	1.00	490	22.08.17	16:44	2	01	490	490	00	5909990468126	0	0	0	0	0	0	0	0
$1	23	17	14	0	1231	1.00	490	22.08.17	16:44	2	01	490	490	00	5909994310469	0	0	0	0	0	0	0	0
$4	23	17	2	0	0	10290	10290
$1	23	18	1	0	3785	1.00	1190	22.08.17	17:07	1	01	1190	1190	00	2660	0	0	0	0	0	0	0	0
$4	23	18	2	0	0	1190	1190
$1	23	19	1	0	2498	1.00	8790	22.08.17	17:31	1	01	8790	8790	00	19842	0	0	0	0	0	0	0	0
$1	23	19	2	0	1814	1.00	2590	22.08.17	17:34	1	01	2590	2590	00	8018144	0	0	0	0	0	0	0	0
$1	23	19	3	0	1813	1.00	2990	22.08.17	17:34	1	01	2990	2990	00	8018137	0	0	0	0	0	0	0	0
$4	23	19	1	0	0	14370	14370
$1	23	20	1	0	0510	1.00	2590	22.08.17	17:39	1	01	2590	2590	00	5902249010466	0	0	0	0	0	0	0	0
$4	23	20	2	0	0	2590	2590
$14	01	22.08.18	09:28	4
$13	00	1	22.08.18	09:28	01	0	0	0	0	0	0	0	0	0	             
$1	24	1	1	0	0373	1.00	1790	22.08.18	10:05	1	01	1790	1790	00	5906874565285	0	0	0	0	0	0	0	0
$4	24	1	1	0	0	5000	5000
$4	24	1	1	0	1	3210	3210
$1	24	2	1	0	1689	1.00	3190	22.08.18	11:11	1	01	3190	3190	00	7016899	0	0	0	0	0	0	0	0
$1	24	2	2	0	0594	1.00	2690	22.08.18	11:11	1	01	2690	2690	00	5902249010909	0	0	0	0	0	0	0	0
$1	24	2	3	0	0587	1.00	1290	22.08.18	11:11	1	01	1290	1290	00	5902249011166	0	0	0	0	0	0	0	0
$1	24	2	4	0	0514	1.00	2890	22.08.18	11:12	1	01	2890	2890	00	5907502687744	0	0	0	0	0	0	0	0
$4	24	2	1	0	0	10060	10060
$1	24	3	1	0	2053	1.00	2550	22.08.18	11:31	1	01	2550	2550	00	11020530	0	0	0	0	0	0	0	0
$1	24	3	2	0	0453	1.00	4450	22.08.18	11:31	1	01	4450	4450	00	5907502687027	0	0	0	0	0	0	0	0
$4	24	3	2	0	0	7000	7000
$1	24	4	1	0	3560	1.00	1850	22.08.18	11:39	1	01	1850	1850	00	6013769	0	0	0	0	0	0	0	0
$4	24	4	1	0	0	2000	2000
$4	24	4	1	0	1	150	150
$1	24	5	1	0	1821	1.00	1990	22.08.18	11:54	1	01	1990	1990	00	8018212	0	0	0	0	0	0	0	0
$1	24	5	2	0	1821	1.00	1990	22.08.18	11:55	1	01	1990	1990	00	8018212	0	0	0	0	0	0	0	0
$4	24	5	1	0	0	10000	10000
$4	24	5	1	0	1	6020	6020
$1	24	6	1	0	0853	1.00	2490	22.08.18	12:08	1	01	2490	2490	00	4008538	0	0	0	0	0	0	0	0
$4	24	6	1	0	0	2490	2490
$1	24	7	1	0	3906	1.00	3950	22.08.18	12:44	1	01	3950	3950	00	28039068	0	0	0	0	0	0	0	0
$4	24	7	2	0	0	3950	3950
$1	24	8	1	0	0472	1.00	1250	22.08.18	12:46	1	01	1250	1250	00	5907502687300	0	0	0	0	0	0	0	0
$4	24	8	2	0	0	1250	1250
$1	24	9	1	0	2264	1.00	075	22.08.18	12:52	2	01	075	750	00	20022648	0	0	0	0	0	0	0	1
$4	24	9	1	0	0	075	075
$1	24	10	1	0	1910	1.00	1790	22.08.18	14:08	1	01	1790	1790	00	9019102	0	0	0	0	0	0	0	0
$1	24	10	2	0	0987	1.00	950	22.08.18	14:08	1	01	950	950	00	5906365702427	0	0	0	0	0	0	0	0
$4	24	10	2	0	0	2740	2740
$1	24	11	1	0	0225	1.000	690	22.08.18	16:24	1	01	690	690	00		0	0	0	0	0	0	0	0
$1	24	11	2	0	1564	1.00	5950	22.08.18	16:24	4	01	5950	5950	00	7015649	0	0	0	0	0	0	0	0
$1	24	11	3	0	0562	1.00	3090	22.08.18	16:24	1	01	3090	3090	00	5902249010510	0	0	0	0	0	0	0	0
$1	24	11	4	0	0726	1.00	5900	22.08.18	16:24	1	01	5900	5900	00	3007266	0	0	0	0	0	0	0	0
$1	24	11	5	0	0761	1.00	3650	22.08.18	16:25	1	01	3650	3650	00	3007617	0	0	0	0	0	0	0	0
$1	24	11	6	0	2024	1.00	2490	22.08.18	16:25	1	01	2490	2490	00	10020241	0	0	0	0	0	0	0	0
$4	24	11	2	0	0	21770	21770
$1	24	12	1	0	1817	1.00	2150	22.08.18	17:15	1	01	2150	2150	00	8018175	0	0	0	0	0	0	0	0
$4	24	12	2	0	0	2150	2150
$14	01	22.08.19	09:29	4
$13	00	1	22.08.19	09:29	01	0	0	0	0	0	0	0	0	0	             
$1	25	1	1	0	2663	1.00	790	22.08.19	09:35	4	01	790	790	00	17026635	0	0	0	0	0	0	0	0
$1	25	1	2	0	2523	1.00	2850	22.08.19	09:35	2	01	2850	2850	00	17025232	0	0	0	0	0	0	0	0
$4	25	1	1	0	0	4000	4000
$4	25	1	1	0	1	360	360
$1	25	2	1	0	0507	1.00	3450	22.08.19	10:59	1	01	3450	3450	00	5902249012255	0	0	0	0	0	0	0	0
$4	25	2	1	0	0	3450	3450
$1	25	3	1	0	1713	1.00	3190	22.08.19	11:22	1	01	3190	3190	00	34017135	0	0	0	0	0	0	0	0
$4	25	3	1	0	0	5000	5000
$4	25	3	1	0	1	1810	1810
$1	25	4	1	0	0639	1.00	3190	22.08.19	11:46	1	01	3190	3190	00	5902249011777	0	0	0	0	0	0	0	0
$4	25	4	2	0	0	3190	3190
$1	25	5	1	0	0027	1.000	3290	22.08.19	11:50	1	01	3290	3290	00		0	0	0	0	0	0	0	0
$1	25	5	2	0	3901	4.00	3800	22.08.19	11:51	1	01	3800	3800	00	28039013	0	0	0	0	0	0	0	0
$1	25	5	3	0	3903	1.00	2490	22.08.19	11:51	1	01	2490	2490	00	28039037	0	0	0	0	0	0	0	0
$1	25	5	4	0	0002	1.000	2950	22.08.19	11:51	1	01	2950	2950	00		0	0	0	0	0	0	0	0
$4	25	5	1	0	0	14000	14000
$4	25	5	1	0	1	1470	1470
$1	25	6	1	0	2350	2.00	1500	22.08.19	11:54	1	01	1500	1500	00	15023506	0	0	0	0	0	0	0	0
$4	25	6	1	0	0	2000	2000
$4	25	6	1	0	1	500	500
$1	25	7	1	0	2014	1.00	4990	22.08.19	12:09	2	01	4990	4990	00	9020146	0	0	0	0	0	0	0	0
$4	25	7	1	0	0	10000	10000
$4	25	7	1	0	1	5010	5010
$1	25	8	1	0	4109	1.00	9950	22.08.19	12:31	1	01	9950	9950	00	10000311	0	0	0	0	0	0	0	0
$4	25	8	2	0	0	9950	9950
$1	25	9	1	0	0002	1.000	2550	22.08.19	12:41	1	01	2550	2550	00		0	0	0	0	0	0	0	0
$1	25	9	2	0	3901	2.00	1900	22.08.19	12:42	1	01	1900	1900	00	28039013	0	0	0	0	0	0	0	0
$4	25	9	2	0	0	4450	4450
$1	25	10	1	0	1373	1.00	1850	22.08.19	12:46	1	01	1850	1850	00	6013738	0	0	0	0	0	0	0	0
$4	25	10	2	0	0	1850	1850
$12	25	1	1	0	1222	1.00	1190	22.08.19	13:21	2	01	1190	1190	00	5909990195626	0	0	0	0	0	0	0	0
$1	25	11	1	0	0528	1.00	2290	22.08.19	13:36	1	01	2290	2290	00	5907502687881	0	0	0	0	0	0	0	0
$1	25	11	2	0	0041	1.000	3490	22.08.19	13:36	1	01	3490	3490	00	8017369	0	0	0	0	0	0	0	0
$4	25	11	2	0	0	5780	5780
$1	25	12	1	0	1184	2.00	900	22.08.19	14:35	2	01	900	900	00	5909990628377	0	0	0	0	0	0	0	0
$1	25	12	2	0	0456	1.00	4350	22.08.19	14:39	1	01	4350	4350	00	5907502687195	0	0	0	0	0	0	0	0
$1	25	12	3	0	0570	1.00	690	22.08.19	14:39	1	01	690	690	00	5902249010503	0	0	0	0	0	0	0	0
$1	25	12	4	0	0608	1.00	850	22.08.19	14:39	1	01	850	850	00	5902249011050	0	0	0	0	0	0	0	0
$4	25	12	2	0	0	6790	6790
$1	25	13	1	0	1184	1.00	450	22.08.19	14:47	2	01	450	450	00	5909990628377	0	0	0	0	0	0	0	0
$4	25	13	1	0	0	500	500
$4	25	13	1	0	1	050	050
$1	25	14	1	0	1010	1.00	450	22.08.19	14:55	4	01	450	450	00	5906365702908	0	0	0	0	0	0	0	0
$4	25	14	1	0	0	5000	5000
$4	25	14	1	0	1	4550	4550
$1	25	15	1	0	0031	1.000	2100	22.08.19	16:11	1	01	2100	2100	00		0	0	0	0	0	0	0	0
$4	25	15	1	0	0	2100	2100
$1	25	16	1	0	0358	1.00	1400	22.08.19	16:30	1	01	1400	1750	00	1003581	0	0	0	0	0	0	0	1
$1	25	16	2	0	0358	1.00	1400	22.08.19	16:30	1	01	1400	1750	00	1003581	0	0	0	0	0	0	0	1
$1	25	16	3	0	3441	1.00	2252	22.08.19	16:31	1	01	2252	2650	00	26024	0	0	0	0	0	0	0	1
$1	25	16	4	0	3155	1.00	2090	22.08.19	16:31	1	01	2090	2090	00	2031552	0	0	0	0	0	0	0	0
$4	25	16	1	0	0	7142	7142
$1	25	17	1	0	2282	1.00	2390	22.08.19	16:59	1	01	2390	2390	00	5907502687775	0	0	0	0	0	0	0	0
$1	25	17	2	0	2024	1.00	2490	22.08.19	16:59	1	01	2490	2490	00	10020241	0	0	0	0	0	0	0	0
$1	25	17	3	0	0027	1.000	3690	22.08.19	16:59	1	01	3690	3690	00	25447	0	0	0	0	0	0	0	0
$4	25	17	2	0	0	8570	8570
$14	01	22.08.20	09:25	4
$13	00	1	22.08.20	09:25	01	0	0	0	0	0	0	0	0	0	             
$1	26	1	1	0	0953	2.00	980	22.08.20	09:45	2	01	980	980	00	5907752643866	0	0	0	0	0	0	0	0
$4	26	1	1	0	0	980	980
$1	26	2	1	0	0588	1.00	2350	22.08.20	10:15	1	01	2350	2350	00	5907502687935	0	0	0	0	0	0	0	0
$1	26	2	2	0	2572	1.00	2790	22.08.20	10:16	2	01	2790	2790	00	17025720	0	0	0	0	0	0	0	0
$4	26	2	2	0	0	5140	5140
$1	26	3	1	0	0609	1.00	4490	22.08.20	10:35	1	01	4490	4490	00	5902249011111	0	0	0	0	0	0	0	0
$1	26	3	2	0	0041	1.000	3650	22.08.20	10:37	1	01	3650	3650	00	41	0	0	0	0	0	0	0	0
$4	26	3	2	0	0	8140	8140
$1	26	4	1	0	0480	1.00	3550	22.08.20	12:30	1	01	3550	3550	00	5902249010428	0	0	0	0	0	0	0	0
$1	26	4	2	0	1460	1.00	1950	22.08.20	12:33	1	01	1950	1950	00	34014608	0	0	0	0	0	0	0	0
$1	26	4	3	0	3699	1.00	2450	22.08.20	12:33	1	01	2450	2450	00	8691190595050	0	0	0	0	0	0	0	0
$4	26	4	2	0	0	7950	7950
$1	26	5	1	0	2943	1.00	630	22.08.20	12:39	2	01	630	900	00	20029432	0	0	0	0	0	0	0	1
$4	26	5	1	0	0	630	630
$1	26	6	1	0	1295	1.00	2400	22.08.20	13:04	3	01	2400	2400	00	6012953	0	0	0	0	0	0	0	0
$4	26	6	1	0	0	5000	5000
$4	26	6	1	0	1	2600	2600
$14	01	22.08.23	09:28	4
$13	00	1	22.08.23	09:28	01	0	0	0	0	0	0	0	0	0	             
$1	27	1	1	0	0772	1.00	6690	22.08.23	09:55	1	01	6690	6690	00	3007723	0	0	0	0	0	0	0	0
$1	27	1	2	0	0041	1.000	6150	22.08.23	09:56	1	01	6150	6150	00		0	0	0	0	0	0	0	0
$1	27	1	3	0	1716	1.00	3550	22.08.23	09:56	1	01	3550	3550	00	34017166	0	0	0	0	0	0	0	0
$4	27	1	2	0	0	16390	16390
$1	27	2	1	0	0038	1.000	940	22.08.23	10:18	1	01	940	940	00		0	0	0	0	0	0	0	0
$1	27	2	2	0	0038	1.000	1390	22.08.23	10:18	1	01	1390	1390	00		0	0	0	0	0	0	0	0
$4	27	2	1	0	0	2330	2330
$1	27	3	1	0	0195	1.000	650	22.08.23	10:44	1	01	650	650	00		0	0	0	0	0	0	0	0
$1	27	3	2	0	0297	1.00	2000	22.08.23	10:46	1	01	2000	2000	00	185	0	0	0	0	0	0	0	0
$1	27	3	3	0	0584	1.00	4050	22.08.23	10:46	1	01	4050	4050	00	5902249010596	0	0	0	0	0	0	0	0
$4	27	3	2	0	0	6700	6700
$1	27	4	1	0	1183	1.00	650	22.08.23	11:05	2	01	650	650	00	5909990628414	0	0	0	0	0	0	0	0
$1	27	4	2	0	2163	1.00	1650	22.08.23	11:06	1	01	1650	1650	00	5901887032915	0	0	0	0	0	0	0	0
$4	27	4	2	0	0	2300	2300
$1	27	5	1	0	3265	1.00	1750	22.08.23	11:20	4	01	1750	1750	00	5032655	0	0	0	0	0	0	0	0
$4	27	5	1	0	0	2000	2000
$4	27	5	1	0	1	250	250
$1	27	6	1	0	1011	1.00	550	22.08.23	11:25	2	01	550	550	00	5010110	0	0	0	0	0	0	0	0
$1	27	6	2	0	1252	1.00	1290	22.08.23	11:25	2	01	1290	1290	00	5012527	0	0	0	0	0	0	0	0
$1	27	6	3	0	2478	1.00	1390	22.08.23	11:25	2	01	1390	1390	00	20024789	0	0	0	0	0	0	0	0
$4	27	6	1	0	0	3230	3230
$1	27	7	1	0	2390	1.00	1090	22.08.23	11:30	1	01	1090	1090	00	16023901	0	0	0	0	0	0	0	0
$4	27	7	1	0	0	1090	1090
$1	27	8	1	0	4003	1.00	1650	22.08.23	12:03	1	01	1650	1650	00	8691190967307	0	0	0	0	0	0	0	0
$1	27	8	2	0	3702	1.00	2450	22.08.23	12:03	1	01	2450	2450	00	8691190595029	0	0	0	0	0	0	0	0
$1	27	8	3	0	0606	1.00	4290	22.08.23	12:03	1	01	4290	4290	00	5902249011104	0	0	0	0	0	0	0	0
$4	27	8	2	0	0	8390	8390
$1	27	9	1	0	3689	1.00	890	22.08.23	12:05	1	01	890	890	00	8691190391034	0	0	0	0	0	0	0	0
$4	27	9	1	0	0	1000	1000
$4	27	9	1	0	1	110	110
$1	27	10	1	0	2593	1.00	1432	22.08.23	12:17	1	01	1432	1790	00	5904960012446	0	0	0	0	0	0	0	1
$4	27	10	1	0	0	1432	1432
$1	27	11	1	0	3678	1.00	4790	22.08.23	12:29	1	01	4790	4790	00	10000106	0	0	0	0	0	0	0	0
$4	27	11	1	0	0	5000	5000
$4	27	11	1	0	1	210	210
$1	27	12	1	0	1791	1.00	10850	22.08.23	14:21	1	01	10850	10850	00	8017918	0	0	0	0	0	0	0	0
$4	27	12	2	0	0	10850	10850
$1	27	13	1	0	3885	1.00	3190	22.08.23	14:24	1	01	3190	3190	00	26000	0	0	0	0	0	0	0	0
$1	27	13	2	0	0457	1.00	1250	22.08.23	14:25	1	01	1250	1250	00	5907502687065	0	0	0	0	0	0	0	0
$4	27	13	2	0	0	4440	4440
$1	27	14	1	0	3408	1.00	4950	22.08.23	14:31	1	01	4950	4950	00	25904	0	0	0	0	0	0	0	0
$1	27	14	2	0	2014	1.00	4990	22.08.23	14:31	2	01	4990	4990	00	9020146	0	0	0	0	0	0	0	0
$1	27	14	3	0	1527	1.00	3390	22.08.23	14:31	4	01	3390	3390	00	5906660817147	0	0	0	0	0	0	0	0
$4	27	14	2	0	0	13330	13330
$1	27	15	1	0	0066	2.000	2380	22.08.23	14:33	1	01	2380	2380	00		0	0	0	0	0	0	0	0
$4	27	15	2	0	0	2380	2380
$1	27	16	1	0	0041	2.000	1000	22.08.23	14:34	1	01	1000	1000	00		0	0	0	0	0	0	0	0
$4	27	16	1	0	0	1000	1000
$1	27	17	1	0	2350	1.00	750	22.08.23	14:40	1	01	750	750	00	15023506	0	0	0	0	0	0	0	0
$4	27	17	1	0	0	750	750
$1	27	18	1	0	2053	1.00	2550	22.08.23	14:44	1	01	2550	2550	00	11020530	0	0	0	0	0	0	0	0
$1	27	18	2	0	2050	1.00	2550	22.08.23	14:44	1	01	2550	2550	00	11020509	0	0	0	0	0	0	0	0
$4	27	18	2	0	0	5100	5100
$1	27	19	1	0	0601	1.00	2790	22.08.23	15:30	1	01	2790	2790	00	5902249010992	0	0	0	0	0	0	0	0
$1	27	19	2	0	3456	1.00	2950	22.08.23	15:30	1	01	2950	2950	00	5900168907607	0	0	0	0	0	0	0	0
$4	27	19	1	0	0	7000	7000
$4	27	19	1	0	1	1260	1260
$1	27	20	1	0	2828	1.00	12890	22.08.23	15:42	1	01	12890	12890	00	18028287	0	0	0	0	0	0	0	0
$1	27	20	2	0	2827	1.00	11950	22.08.23	15:42	1	01	11950	11950	00	18028270	0	0	0	0	0	0	0	0
$4	27	20	2	0	0	24840	24840
$1	27	21	1	0	0456	1.00	4350	22.08.23	15:52	1	01	4350	4350	00	5907502687195	0	0	0	0	0	0	0	0
$4	27	21	2	0	0	4350	4350
$1	27	22	1	0	3076	1.00	490	22.08.23	15:53	2	01	490	490	00	20030766	0	0	0	0	0	0	0	0
$4	27	22	1	0	0	5000	5000
$4	27	22	1	0	1	4510	4510
$1	27	23	1	0	1010	1.00	450	22.08.23	15:58	4	01	450	450	00	5906365702908	0	0	0	0	0	0	0	0
$1	27	23	2	0	0973	1.00	450	22.08.23	15:58	2	01	450	450	00	5905279799448	0	0	0	0	0	0	0	0
$1	27	23	3	0	1252	1.00	1290	22.08.23	15:58	2	01	1290	1290	00	5012527	0	0	0	0	0	0	0	0
$4	27	23	2	0	0	2190	2190
$1	27	24	1	0	1178	2.00	900	22.08.23	16:06	2	01	900	900	00	5909990628360	0	0	0	0	0	0	0	0
$1	27	24	2	0	3570	1.00	1850	22.08.23	16:06	1	01	1850	1850	00	6013776	0	0	0	0	0	0	0	0
$1	27	24	3	0	0608	1.00	850	22.08.23	16:08	1	01	850	850	00	5902249011050	0	0	0	0	0	0	0	0
$4	27	24	2	0	0	3600	3600
$1	27	25	1	0	4091	1.00	3000	22.08.23	16:18	1	01	3000	3000	00	1040913	0	0	0	0	0	0	0	0
$4	27	25	2	0	0	3000	3000
$1	27	26	1	0	2278	1.00	6490	22.08.23	16:28	1	01	6490	6490	00	5902249014853	0	0	0	0	0	0	0	0
$1	27	26	2	0	4091	1.00	3000	22.08.23	16:28	1	01	3000	3000	00	1040913	0	0	0	0	0	0	0	0
$4	27	26	2	0	0	9490	9490
$1	27	27	1	0	1010	1.00	450	22.08.23	16:46	4	01	450	450	00	5906365702908	0	0	0	0	0	0	0	0
$1	27	27	2	0	2350	2.00	1500	22.08.23	16:46	1	01	1500	1500	00	15023506	0	0	0	0	0	0	0	0
$4	27	27	1	0	0	2000	2000
$4	27	27	1	0	1	050	050
$1	27	28	1	0	1603	1.00	850	22.08.23	17:03	1	01	850	850	00	7016035	0	0	0	0	0	0	0	0
$1	27	28	2	0	3024	1.00	490	22.08.23	17:03	2	01	490	490	00	20030247	0	0	0	0	0	0	0	0
$1	27	28	3	0	0988	1.00	790	22.08.23	17:04	1	01	790	790	00	5009886	0	0	0	0	0	0	0	0
$1	27	28	4	0	0556	1.00	2790	22.08.23	17:05	1	01	2790	2790	00	5902249010404	0	0	0	0	0	0	0	0
$4	27	28	2	0	0	4920	4920
$14	01	22.08.24	09:29	4
$13	00	1	22.08.24	09:29	01	0	0	0	0	0	0	0	0	0	             
$1	28	1	1	0	2350	1.00	750	22.08.24	10:24	1	01	750	750	00	15023506	0	0	0	0	0	0	0	0
$4	28	1	1	0	0	750	750
$1	28	2	1	0	2274	1.00	4190	22.08.24	10:46	1	01	4190	4190	00	14022746	0	0	0	0	0	0	0	0
$1	28	2	2	0	3349	1.00	2990	22.08.24	10:46	1	01	2990	2990	00	12033492	0	0	0	0	0	0	0	0
$4	28	2	1	0	0	7180	7180
$1	28	3	1	0	2352	1.00	918	22.08.24	10:50	1	01	918	4590	00	8023520	0	0	0	0	0	0	0	1
$1	28	3	2	0	2825	1.00	2618	22.08.24	10:50	1	01	2618	13090	00	18028256	0	0	0	0	0	0	0	1
$1	28	3	3	0	2762	1.00	2390	22.08.24	10:50	1	01	2390	11950	00	18027624	0	0	0	0	0	0	0	1
$1	28	3	4	0	1755	1.00	2975	22.08.24	10:51	1	01	2975	5950	00	8017550	0	0	0	0	0	0	0	1
$4	28	3	1	0	0	8901	8901
$1	28	4	1	0	1519	1.00	4990	22.08.24	11:26	4	01	4990	4990	00	5907804205318	0	0	0	0	0	0	0	0
$1	28	4	2	0	1537	1.00	1750	22.08.24	11:27	4	01	1750	1750	00	5907804205035	0	0	0	0	0	0	0	0
$4	28	4	1	0	0	10000	10000
$4	28	4	1	0	1	3260	3260
$1	28	5	1	0	1537	1.00	1750	22.08.24	11:44	4	01	1750	1750	00	5907804205035	0	0	0	0	0	0	0	0
$4	28	5	1	0	0	1750	1750
$1	28	6	1	0	0038	1.000	1140	22.08.24	11:48	1	01	1140	1140	00		0	0	0	0	0	0	0	0
$1	28	6	2	0	4035	1.00	650	22.08.24	11:48	2	01	650	650	00	5905279799745	0	0	0	0	0	0	0	0
$4	28	6	1	0	0	10000	10000
$4	28	6	1	0	1	8210	8210
$1	28	7	1	0	1357	1.00	3690	22.08.24	11:52	1	01	3690	3690	00	25768	0	0	0	0	0	0	0	0
$4	28	7	1	0	0	4000	4000
$4	28	7	1	0	1	310	310
$1	28	8	1	0	3677	1.00	3190	22.08.24	11:56	1	01	3190	3190	00	25850	0	0	0	0	0	0	0	0
$4	28	8	1	0	0	5000	5000
$4	28	8	1	0	1	1810	1810
$1	28	9	1	0	1157	1.00	455	22.08.24	12:14	2	01	455	650	00	5909990628209	0	0	0	0	0	0	0	1
$4	28	9	1	0	0	455	455
$1	28	10	1	0	2053	2.00	5100	22.08.24	12:29	1	01	5100	5100	00	11020530	0	0	0	0	0	0	0	0
$4	28	10	1	0	0	5100	5100
$1	28	11	1	0	3125	1.00	850	22.08.24	12:31	2	01	850	850	00	20031251	0	0	0	0	0	0	0	0
$4	28	11	1	0	0	850	850
$1	28	12	1	0	1820	2.00	3980	22.08.24	12:38	1	01	3980	3980	00	8018205	0	0	0	0	0	0	0	0
$4	28	12	1	0	0	3980	3980
$1	28	13	1	0	0002	1.000	250	22.08.24	12:58	1	01	250	250	00		0	0	0	0	0	0	0	0
$1	28	13	2	0	0678	2.00	9980	22.08.24	12:59	1	01	9980	9980	00	10000304	0	0	0	0	0	0	0	0
$4	28	13	2	0	0	10230	10230
$1	28	14	1	0	0358	1.00	1400	22.08.24	13:07	1	01	1400	1750	00	5900168902169	0	0	0	0	0	0	0	1
$4	28	14	1	0	0	10000	10000
$4	28	14	1	0	1	8600	8600
$1	28	15	1	0	0555	1.00	2690	22.08.24	13:13	1	01	2690	2690	00	5902249010398	0	0	0	0	0	0	0	0
$1	28	15	2	0	0002	1.000	740	22.08.24	13:13	1	01	740	740	00		0	0	0	0	0	0	0	0
$4	28	15	1	0	0	3430	3430
$1	28	16	1	0	2391	3.00	8670	22.08.24	13:19	1	01	8670	8670	00	16023918	0	0	0	0	0	0	0	0
$4	28	16	2	0	0	8670	8670
$1	28	17	1	0	4064	1.00	1790	22.08.24	13:27	1	01	1790	1790	00	5902610970962	0	0	0	0	0	0	0	0
$4	28	17	1	0	0	2000	2000
$4	28	17	1	0	1	210	210
$1	28	18	1	0	0002	1.000	2250	22.08.24	13:56	1	01	2250	2250	00		0	0	0	0	0	0	0	0
$4	28	18	1	0	0	2250	2250
$10	28	19	1	0	0464	1.00	3950	22.08.24	14:21	1	01	3950	3950	00	5907502687225	0	0	0	0	0	0	0	0
$1	28	19	1	0	0622	1.00	2390	22.08.24	14:22	1	01	2390	2390	00	5902249011272	0	0	0	0	0	0	0	0
$1	28	19	2	0	0470	1.00	3850	22.08.24	14:22	1	01	3850	3850	00	5907502687263	0	0	0	0	0	0	0	0
$1	28	19	3	0	0529	1.00	2490	22.08.24	14:22	1	01	2490	2490	00	5907502687904	0	0	0	0	0	0	0	0
$1	28	19	4	0	0504	1.00	3350	22.08.24	14:22	1	01	3350	3350	00	5907502687508	0	0	0	0	0	0	0	0
$1	28	19	5	0	0505	1.00	3350	22.08.24	14:22	1	01	3350	3350	00	5907502687515	0	0	0	0	0	0	0	0
$1	28	19	6	0	3619	1.00	250	22.08.24	14:25	1	01	250	250	00	5901887944713	0	0	0	0	0	0	0	0
$1	28	19	7	0	3609	1.00	290	22.08.24	14:25	1	01	290	290	00	5901887918813	0	0	0	0	0	0	0	0
$4	28	19	1	0	0	20000	20000
$4	28	19	1	0	1	4030	4030
$1	28	20	1	0	2163	1.00	1650	22.08.24	14:31	1	01	1650	1650	00	5901887032915	0	0	0	0	0	0	0	0
$1	28	20	2	0	0607	1.00	2890	22.08.24	14:31	1	01	2890	2890	00	5902249011043	0	0	0	0	0	0	0	0
$4	28	20	1	0	0	4540	4540
$1	28	21	1	0	0093	1.000	350	22.08.24	14:42	3	01	350	350	00		0	0	0	0	0	0	0	0
$4	28	21	1	0	0	350	350
$1	28	22	1	0	2053	1.00	2550	22.08.24	14:55	1	01	2550	2550	00	11020530	0	0	0	0	0	0	0	0
$1	28	22	2	0	0031	1.000	2000	22.08.24	14:55	1	01	2000	2000	00		0	0	0	0	0	0	0	0
$4	28	22	1	0	0	4550	4550
$1	28	23	1	0	2053	1.00	2550	22.08.24	14:59	1	01	2550	2550	00	11020530	0	0	0	0	0	0	0	0
$4	28	23	1	0	0	2550	2550
$1	28	24	1	0	0225	1.000	890	22.08.24	15:06	1	01	890	890	00		0	0	0	0	0	0	0	0
$1	28	24	2	0	0225	1.000	2490	22.08.24	15:07	1	01	2490	2490	00		0	0	0	0	0	0	0	0
$4	28	24	2	0	0	3380	3380
$1	28	25	1	0	1190	1.00	590	22.08.24	15:10	2	01	590	590	00	5909990021864	0	0	0	0	0	0	0	0
$1	28	25	2	0	0041	1.000	500	22.08.24	15:11	1	01	500	500	00		0	0	0	0	0	0	0	0
$4	28	25	1	0	0	1090	1090
$1	28	26	1	0	3582	1.00	4490	22.08.24	15:17	1	01	4490	4490	00	10000083	0	0	0	0	0	0	0	0
$1	28	26	2	0	3339	1.00	1990	22.08.24	15:19	1	01	1990	1990	00	5902249015829	0	0	0	0	0	0	0	0
$4	28	26	1	0	0	6480	6480
$1	28	27	1	0	3636	1.00	9790	22.08.24	15:23	1	01	9790	9790	00	18036367	0	0	0	0	0	0	0	0
$4	28	27	1	0	0	9790	9790
$1	28	28	1	0	3239	1.00	1490	22.08.24	15:36	1	01	1490	1490	00	8691190466121	0	0	0	0	0	0	0	0
$4	28	28	2	0	0	1490	1490
$1	28	29	1	0	1112	1.00	517	22.08.24	16:13	2	01	517	690	00	5906365702267	0	0	0	0	0	0	0	1
$1	28	29	2	0	0953	1.00	392	22.08.24	16:13	2	01	392	490	00	5009534	0	0	0	0	0	0	0	1
$4	28	29	1	0	0	909	909
$1	28	30	1	0	0451	1.00	4250	22.08.24	16:25	1	01	4250	4250	00	5907502687102	0	0	0	0	0	0	0	0
$4	28	30	2	0	0	4250	4250
$1	28	31	1	0	2053	1.00	2550	22.08.24	16:33	1	01	2550	2550	00	11020530	0	0	0	0	0	0	0	0
$4	28	31	2	0	0	2550	2550
$1	28	32	1	0	3476	1.00	2900	22.08.24	16:43	1	01	2900	2900	00	2034768	0	0	0	0	0	0	0	0
$1	28	32	2	0	3634	1.00	3650	22.08.24	16:43	1	01	3650	3650	00	8036346	0	0	0	0	0	0	0	0
$4	28	32	2	0	0	6550	6550
$10	28	33	1	0	4094	1.00	1790	22.08.24	17:01	1	01	1790	1790	00	5903760203146	0	0	0	0	0	0	0	0
$1	28	33	1	0	2307	1.00	3900	22.08.24	17:19	1	01	3900	3900	00	14023071	0	0	0	0	0	0	0	0
$4	28	33	2	0	0	3900	3900
$1	28	34	1	0	0570	1.00	690	22.08.24	17:21	1	01	690	690	00	5902249010503	0	0	0	0	0	0	0	0
$4	28	34	1	0	0	690	690
$14	01	22.08.25	09:32	4
$13	00	1	22.08.25	09:32	01	0	0	0	0	0	0	0	0	0	             
$1	29	1	1	0	1068	1.00	650	22.08.25	09:58	2	01	650	650	00	5905279799400	0	0	0	0	0	0	0	0
$1	29	1	2	0	1181	1.00	450	22.08.25	09:58	2	01	450	450	00	5909994310964	0	0	0	0	0	0	0	0
$1	29	1	3	0	1085	1.00	650	22.08.25	09:59	2	01	650	650	00	5906365702779	0	0	0	0	0	0	0	0
$1	29	1	4	0	1111	1.00	550	22.08.25	09:59	2	01	550	550	00	5906365702304	0	0	0	0	0	0	0	0
$4	29	1	2	0	0	2300	2300
$1	29	2	1	0	1068	1.00	650	22.08.25	10:48	2	01	650	650	00	5905279799400	0	0	0	0	0	0	0	0
$4	29	2	2	0	0	650	650
$1	29	3	1	0	0632	1.00	2590	22.08.25	11:36	1	01	2590	2590	00	5902249011371	0	0	0	0	0	0	0	0
$1	29	3	2	0	0041	1.000	2590	22.08.25	11:37	1	01	2590	2590	00	2004617	0	0	0	0	0	0	0	0
$4	29	3	2	0	0	5180	5180
$1	29	4	1	0	0669	1.00	3245	22.08.25	11:38	1	01	3245	6490	00	5902249014860	0	0	0	0	0	0	0	1
$4	29	4	2	0	0	3245	3245
$1	29	5	1	0	0031	1.000	2100	22.08.25	11:54	1	01	2100	2100	00		0	0	0	0	0	0	0	0
$4	29	5	1	0	0	2100	2100
$1	29	6	1	0	2612	1.00	1790	22.08.25	12:04	1	01	1790	1790	00	17026123	0	0	0	0	0	0	0	0
$4	29	6	1	0	0	2000	2000
$4	29	6	1	0	1	210	210
$1	29	7	1	0	2050	1.00	2550	22.08.25	12:06	1	01	2550	2550	00	11020509	0	0	0	0	0	0	0	0
$4	29	7	2	0	0	2550	2550
$1	29	8	1	0	4108	1.00	7350	22.08.25	12:49	1	01	7350	7350	00	10000298	0	0	0	0	0	0	0	0
$4	29	8	2	0	0	7350	7350
$12	29	1	1	0	0528	1.00	2290	22.08.25	12:50	1	01	2290	2290	00	5907502687881	0	0	0	0	0	0	0	0
$12	29	1	2	0	2485	1.00	1850	22.08.25	12:52	1	01	1850	1850	00	5903760202446	0	0	0	0	0	0	0	0
$1	29	9	1	0	1162	2.00	900	22.08.25	13:12	2	01	900	900	00	5909994311763	0	0	0	0	0	0	0	0
$4	29	9	2	0	0	900	900
$1	29	10	1	0	2436	1.00	2590	22.08.25	13:20	1	01	2590	2590	00	16024366	0	0	0	0	0	0	0	0
$4	29	10	1	0	0	5000	5000
$4	29	10	1	0	1	2410	2410
$1	29	11	1	0	2596	1.00	1050	22.08.25	13:59	2	01	1050	1050	00	17025966	0	0	0	0	0	0	0	0
$1	29	11	2	0	1135	1.00	990	22.08.25	13:59	2	01	990	990	00	5011353	0	0	0	0	0	0	0	0
$1	29	11	3	0	0971	1.00	790	22.08.25	13:59	2	01	790	790	00	5009718	0	0	0	0	0	0	0	0
$4	29	11	1	0	0	3000	3000
$4	29	11	1	0	1	170	170
$1	29	12	1	0	2053	1.00	2550	22.08.25	14:13	1	01	2550	2550	00	11020530	0	0	0	0	0	0	0	0
$4	29	12	2	0	0	2550	2550
$1	29	13	1	0	1040	4.00	1800	22.08.25	14:46	2	01	1800	1800	00	5906365702847	0	0	0	0	0	0	0	0
$4	29	13	1	0	0	2000	2000
$4	29	13	1	0	1	200	200
$1	29	14	1	0	0037	1.000	10000	22.08.25	15:27	1	01	10000	10000	00		0	0	0	0	0	0	0	0
$4	29	14	2	0	0	10000	10000
$1	29	15	1	0	3948	1.00	1550	22.08.25	16:18	1	01	1550	1550	00	8691190967345	0	0	0	0	0	0	0	0
$1	29	15	2	0	0586	1.00	690	22.08.25	16:18	1	01	690	690	00	5902249010527	0	0	0	0	0	0	0	0
$1	29	15	3	0	1728	1.00	6350	22.08.25	16:19	1	01	6350	6350	00	08017284	0	0	0	0	0	0	0	0
$4	29	15	2	0	0	8590	8590
$14	01	22.08.26	09:36	4
$13	00	1	22.08.26	09:36	01	0	0	0	0	0	0	0	0	0	             
$1	30	1	1	0	4023	1.00	1350	22.08.26	09:42	1	01	1350	1350	00	8691190115050	0	0	0	0	0	0	0	0
$4	30	1	1	0	0	2000	2000
$4	30	1	1	0	1	650	650
$1	30	2	1	0	1839	1.00	2490	22.08.26	10:22	1	01	2490	2490	00	8018397	0	0	0	0	0	0	0	0
$4	30	2	2	0	0	2490	2490
$1	30	3	1	0	2050	1.00	2550	22.08.26	10:31	1	01	2550	2550	00	11020509	0	0	0	0	0	0	0	0
$4	30	3	2	0	0	2550	2550
$1	30	4	1	0	3522	1.00	2490	22.08.26	11:57	1	01	2490	2490	00	710	0	0	0	0	0	0	0	0
$4	30	4	1	0	0	3000	3000
$4	30	4	1	0	1	510	510
$1	30	5	1	0	2053	1.00	2550	22.08.26	12:00	1	01	2550	2550	00	11020530	0	0	0	0	0	0	0	0
$1	30	5	2	0	4104	1.00	5590	22.08.26	12:01	1	01	5590	5590	00	10000243	0	0	0	0	0	0	0	0
$4	30	5	2	0	0	8140	8140
$1	30	6	1	0	2350	3.00	2250	22.08.26	12:58	1	01	2250	2250	00	15023506	0	0	0	0	0	0	0	0
$1	30	6	2	0	0195	1.000	1090	22.08.26	12:59	1	01	1090	1090	00		0	0	0	0	0	0	0	0
$1	30	6	3	0	3666	1.00	1490	22.08.26	12:59	1	01	1490	1490	00	8691190466275	0	0	0	0	0	0	0	0
$1	30	6	4	0	1887	1.00	490	22.08.26	12:59	4	01	490	490	00	5905279799721	0	0	0	0	0	0	0	0
$4	30	6	2	0	0	5320	5320
$1	30	7	1	0	3606	1.00	4990	22.08.26	13:20	1	01	4990	4990	00	25577	0	0	0	0	0	0	0	0
$1	30	7	2	0	3536	1.00	1490	22.08.26	13:21	1	01	1490	1490	00	8691190466091	0	0	0	0	0	0	0	0
$1	30	7	3	0	0597	1.00	1250	22.08.26	13:21	1	01	1250	1250	00	8691190842048	0	0	0	0	0	0	0	0
$1	30	7	4	0	0041	1.000	5290	22.08.26	13:24	1	01	5290	5290	00		0	0	0	0	0	0	0	0
$4	30	7	2	0	0	13020	13020
$1	30	8	1	0	0862	1.00	3672	22.08.26	13:54	1	01	3672	4590	00	5906395235285	0	0	0	0	0	0	0	1
$1	30	8	2	0	2303	1.00	2800	22.08.26	13:55	1	01	2800	2800	00	5902249011357	0	0	0	0	0	0	0	0
$1	30	8	3	0	2710	1.00	1690	22.08.26	13:55	2	01	1690	1690	00	5904960014525	0	0	0	0	0	0	0	0
$4	30	8	2	0	0	8162	8162
$1	30	9	1	0	1040	1.00	450	22.08.26	14:26	2	01	450	450	00	5906365702847	0	0	0	0	0	0	0	0
$4	30	9	1	0	0	450	450
$1	30	10	1	0	0604	1.00	4050	22.08.26	14:32	1	01	4050	4050	00	5902249011081	0	0	0	0	0	0	0	0
$4	30	10	2	0	0	4050	4050
$1	30	11	1	0	1199	1.00	590	22.08.26	15:08	2	01	590	590	00	5909990195527	0	0	0	0	0	0	0	0
$1	30	11	2	0	1213	1.00	590	22.08.26	15:09	2	01	590	590	00	5909990468522	0	0	0	0	0	0	0	0
$1	30	11	3	0	1180	1.00	450	22.08.26	15:09	2	01	450	450	00	5909994312166	0	0	0	0	0	0	0	0
$1	30	11	4	0	0980	1.00	590	22.08.26	15:09	2	01	590	590	00	5906365702410	0	0	0	0	0	0	0	0
$1	30	11	5	0	1165	1.00	490	22.08.26	15:11	2	01	490	490	00	5909994311169	0	0	0	0	0	0	0	0
$1	30	11	6	0	1172	1.00	550	22.08.26	15:11	2	01	550	550	00	5909994308725	0	0	0	0	0	0	0	0
$1	30	11	7	0	1179	1.00	700	22.08.26	15:11	2	01	700	700	00	5909994309524	0	0	0	0	0	0	0	0
$1	30	11	8	0	1093	3.00	2100	22.08.26	15:11	2	01	2100	2100	00	5906365702212	0	0	0	0	0	0	0	0
$1	30	11	9	0	1183	3.00	1950	22.08.26	15:11	2	01	1950	1950	00	5909990628414	0	0	0	0	0	0	0	0
$1	30	11	10	0	1004	1.00	550	22.08.26	15:11	2	01	550	550	00	5906365702090	0	0	0	0	0	0	0	0
$1	30	11	11	0	1191	3.00	1350	22.08.26	15:12	2	01	1350	1350	00	5909990628490	0	0	0	0	0	0	0	0
$1	30	11	12	0	1155	1.00	750	22.08.26	15:12	2	01	750	750	00	5909994309029	0	0	0	0	0	0	0	0
$4	30	11	1	0	0	10660	10660
$1	30	12	1	0	0983	1.00	562	22.08.26	16:21	4	01	562	750	00	5009831	0	0	0	0	0	0	0	1
$4	30	12	1	0	0	562	562
$1	30	13	1	0	1035	6.00	2940	22.08.26	16:55	4	01	2940	2940	00	5909994310124	0	0	0	0	0	0	0	0
$1	30	13	2	0	1036	1.00	450	22.08.26	16:55	4	01	450	450	00	5905279799431	0	0	0	0	0	0	0	0
$1	30	13	3	0	1037	1.00	550	22.08.26	16:55	2	01	550	550	00	5905279799424	0	0	0	0	0	0	0	0
$4	30	13	2	0	0	3940	3940
$14	01	22.08.27	09:38	4
$13	00	1	22.08.27	09:38	01	0	0	0	0	0	0	0	0	0	             
$1	31	1	1	0	0037	1.000	5000	22.08.27	10:09	1	01	5000	5000	00		0	0	0	0	0	0	0	0
$4	31	1	1	0	0	5000	5000
$1	31	2	1	0	3152	1.00	2490	22.08.27	10:11	1	01	2490	2490	00	2031521	0	0	0	0	0	0	0	0
$4	31	2	2	0	0	2490	2490
$1	31	3	1	0	1810	1.00	3190	22.08.27	10:17	1	01	3190	3190	00	5701278408240	0	0	0	0	0	0	0	0
$4	31	3	1	0	0	5000	5000
$4	31	3	1	0	1	1810	1810
$1	31	4	1	0	1956	1.00	1700	22.08.27	10:52	2	01	1700	1700	00	9019560	0	0	0	0	0	0	0	0
$1	31	4	2	0	1905	1.00	1790	22.08.27	10:52	1	01	1790	1790	00	9019058	0	0	0	0	0	0	0	0
$1	31	4	3	0	2710	1.00	1690	22.08.27	10:52	2	01	1690	1690	00	17027106	0	0	0	0	0	0	0	0
$4	31	4	2	0	0	5180	5180
$1	31	5	1	0	2009	1.00	3290	22.08.27	11:04	1	01	3290	3290	00	9020092	0	0	0	0	0	0	0	0
$1	31	5	2	0	3121	1.00	1190	22.08.27	11:04	3	01	1190	1190	00	20031213	0	0	0	0	0	0	0	0
$1	31	5	3	0	3051	1.00	990	22.08.27	11:04	4	01	990	990	00	20030513	0	0	0	0	0	0	0	0
$4	31	5	1	0	0	5470	5470
$1	31	6	1	0	2050	2.00	5100	22.08.27	11:16	1	01	5100	5100	00	11020509	0	0	0	0	0	0	0	0
$4	31	6	2	0	0	5100	5100
$1	31	7	1	0	2795	1.00	8350	22.08.27	11:20	1	01	8350	8350	00	18027952	0	0	0	0	0	0	0	0
$1	31	7	2	0	0529	1.00	2490	22.08.27	11:20	1	01	2490	2490	00	5907502687904	0	0	0	0	0	0	0	0
$4	31	7	1	0	0	11000	11000
$4	31	7	1	0	1	160	160
$1	31	8	1	0	2350	2.00	1500	22.08.27	11:58	1	01	1500	1500	00	15023506	0	0	0	0	0	0	0	0
$1	31	8	2	0	0093	1.000	1140	22.08.27	12:00	3	01	1140	1140	00		0	0	0	0	0	0	0	0
$4	31	8	1	0	0	10000	10000
$4	31	8	1	0	1	7360	7360
$1	31	9	1	0	0297	1.00	2000	22.08.27	13:23	1	01	2000	2000	00	185	0	0	0	0	0	0	0	0
$4	31	9	1	0	0	5000	5000
$4	31	9	1	0	1	3000	3000
$1	31	10	1	0	0327	1.00	1850	22.08.27	13:28	1	01	1850	1850	00	5906874565032	0	0	0	0	0	0	0	0
$4	31	10	1	0	0	2000	2000
$4	31	10	1	0	1	150	150
$1	31	11	1	0	1814	1.00	2590	22.08.27	13:47	1	01	2590	2590	00	8018144	0	0	0	0	0	0	0	0
$1	31	11	2	0	1813	1.00	2990	22.08.27	13:47	1	01	2990	2990	00	8018137	0	0	0	0	0	0	0	0
$1	31	11	3	0	3042	1.00	850	22.08.27	13:48	2	01	850	850	00	20030421	0	0	0	0	0	0	0	0
$4	31	11	1	0	0	10000	10000
$4	31	11	1	0	1	3570	3570
$14	01	22.08.30	09:29	4
$13	00	1	22.08.30	09:29	01	0	0	0	0	0	0	0	0	0	             
$1	32	1	1	0	4132	1.00	5890	22.08.30	09:48	1	01	5890	5890	00	10000632	0	0	0	0	0	0	0	0
$1	32	1	2	0	2026	1.00	2650	22.08.30	09:48	1	01	2650	2650	00	10020265	0	0	0	0	0	0	0	0
$1	32	1	3	0	2395	1.00	2450	22.08.30	09:48	1	01	2450	2450	00	16023956	0	0	0	0	0	0	0	0
$1	32	1	4	0	0956	1.00	890	22.08.30	09:51	4	01	890	890	00	5009565	0	0	0	0	0	0	0	0
$1	32	1	5	0	0971	1.00	790	22.08.30	09:51	2	01	790	790	00	5009718	0	0	0	0	0	0	0	0
$1	32	1	6	0	2759	1.00	2490	22.08.30	09:51	1	01	2490	2490	00	36027590	0	0	0	0	0	0	0	0
$1	32	1	7	0	0041	1.000	2720	22.08.30	09:51	1	01	2720	2720	00	3007327	0	0	0	0	0	0	0	0
$1	32	1	8	0	3626	1.00	850	22.08.30	09:52	1	01	850	850	00	26036267	0	0	0	0	0	0	0	0
$1	32	1	9	0	3625	1.00	850	22.08.30	09:52	1	01	850	850	00	26036250	0	0	0	0	0	0	0	0
$4	32	1	2	0	0	19580	19580
$1	32	2	1	0	3090	1.00	750	22.08.30	12:07	2	01	750	750	00	20030902	0	0	0	0	0	0	0	0
$4	32	2	1	0	0	750	750
$1	32	3	1	0	0623	1.00	1195	22.08.30	12:11	1	01	1195	2390	00	5902249011289	0	0	0	0	0	0	0	1
$4	32	3	1	0	0	1195	1195
$1	32	4	1	0	0519	1.00	2790	22.08.30	12:26	1	01	2790	2790	00	5907502687720	0	0	0	0	0	0	0	0
$4	32	4	1	0	0	3000	3000
$4	32	4	1	0	1	210	210
$1	32	5	1	0	1103	1.00	590	22.08.30	12:33	2	01	590	590	00	5905279799004	0	0	0	0	0	0	0	0
$1	32	5	2	0	3353	1.00	950	22.08.30	12:33	1	01	950	950	00	4033530	0	0	0	0	0	0	0	0
$4	32	5	1	0	0	1540	1540
$1	32	6	1	0	1914	1.00	1790	22.08.30	12:51	1	01	1790	1790	00	9019140	0	0	0	0	0	0	0	0
$1	32	6	2	0	1969	1.00	1850	22.08.30	12:51	2	01	1850	1850	00	9019690	0	0	0	0	0	0	0	0
$4	32	6	1	0	0	5000	5000
$4	32	6	1	0	1	1360	1360
$1	32	7	1	0	0031	1.000	3650	22.08.30	13:47	1	01	3650	3650	00		0	0	0	0	0	0	0	0
$4	32	7	2	0	0	3650	3650
$1	32	8	1	0	1820	1.00	1990	22.08.30	14:13	1	01	1990	1990	00	8018205	0	0	0	0	0	0	0	0
$4	32	8	2	0	0	1990	1990
$1	32	9	1	0	2263	1.00	690	22.08.30	14:18	2	01	690	690	00	20022631	0	0	0	0	0	0	0	0
$4	32	9	2	0	0	690	690
$1	32	10	1	0	2053	1.00	2550	22.08.30	15:53	1	01	2550	2550	00	11020530	0	0	0	0	0	0	0	0
$4	32	10	1	0	0	4000	4000
$4	32	10	1	0	1	1450	1450
$1	32	11	1	0	1183	1.00	650	22.08.30	16:01	2	01	650	650	00	5909990628414	0	0	0	0	0	0	0	0
$4	32	11	1	0	0	1000	1000
$4	32	11	1	0	1	350	350
$1	32	12	1	0	4060	1.00	4987	22.08.30	16:17	2	01	4987	6650	00	27040607	0	0	0	0	0	0	0	1
$4	32	12	1	0	0	4987	4987
$1	32	13	1	0	1913	1.00	1790	22.08.30	17:20	1	01	1790	1790	00	9019133	0	0	0	0	0	0	0	0
$1	32	13	2	0	0066	1.000	1190	22.08.30	17:21	1	01	1190	1190	00		0	0	0	0	0	0	0	0
$4	32	13	2	0	0	2980	2980
$14	01	22.08.31	09:30	4
$13	00	1	22.08.31	09:30	01	0	0	0	0	0	0	0	0	0	             
$1	33	1	1	0	0372	1.00	1790	22.08.31	09:45	1	01	1790	1790	00	5906874565278	0	0	0	0	0	0	0	0
$4	33	1	2	0	0	1790	1790
$1	33	2	1	0	3090	1.00	750	22.08.31	09:49	2	01	750	750	00	20030902	0	0	0	0	0	0	0	0
$4	33	2	1	0	0	750	750
$1	33	3	1	0	0727	1.00	8250	22.08.31	11:15	1	01	8250	8250	00	5902729030625	0	0	0	0	0	0	0	0
$4	33	3	2	0	0	8250	8250
$1	33	4	1	0	1459	1.00	3550	22.08.31	11:31	1	01	3550	3550	00	34014592	0	0	0	0	0	0	0	0
$4	33	4	1	0	0	3550	3550
$1	33	5	1	0	1230	2.00	900	22.08.31	11:55	2	01	900	900	00	5909994310766	0	0	0	0	0	0	0	0
$4	33	5	1	0	0	900	900
$1	33	6	1	0	2350	2.00	1500	22.08.31	12:14	1	01	1500	1500	00	15023506	0	0	0	0	0	0	0	0
$4	33	6	1	0	0	2000	2000
$4	33	6	1	0	1	500	500
$1	33	7	1	0	1446	1.00	1990	22.08.31	12:24	1	01	1990	1990	00	34014462	0	0	0	0	0	0	0	0
$4	33	7	1	0	0	1990	1990
$1	33	8	1	0	2737	1.00	850	22.08.31	13:39	2	01	850	850	00	20027377	0	0	0	0	0	0	0	0
$1	33	8	2	0	0608	1.00	850	22.08.31	13:48	1	01	850	850	00	5902249011050	0	0	0	0	0	0	0	0
$4	33	8	2	0	0	1700	1700
$1	33	9	1	0	4129	1.00	5890	22.08.31	14:08	1	01	5890	5890	00	10000601	0	0	0	0	0	0	0	0
$4	33	9	2	0	0	5890	5890
$1	33	10	1	0	3300	2.00	1700	22.08.31	14:15	1	01	1700	1700	00	5905548350318	0	0	0	0	0	0	0	0
$1	33	10	2	0	1178	1.00	450	22.08.31	14:15	2	01	450	450	00	5909990628360	0	0	0	0	0	0	0	0
$4	33	10	1	0	0	2150	2150
$1	33	11	1	0	0528	1.00	2290	22.08.31	14:16	1	01	2290	2290	00	5907502687881	0	0	0	0	0	0	0	0
$4	33	11	1	0	0	2290	2290
$1	33	12	1	0	0734	1.00	4750	22.08.31	14:19	1	01	4750	4750	00	3007341	0	0	0	0	0	0	0	0
$4	33	12	2	0	0	4750	4750
$1	33	13	1	0	0973	1.00	450	22.08.31	15:22	2	01	450	450	00	5905279799448	0	0	0	0	0	0	0	0
$4	33	13	1	0	0	1000	1000
$4	33	13	1	0	1	550	550
$1	33	14	1	0	1193	1.00	490	22.08.31	15:30	2	01	490	490	00	5909990195725	0	0	0	0	0	0	0	0
$1	33	14	2	0	1085	1.00	650	22.08.31	15:30	2	01	650	650	00	5906365702779	0	0	0	0	0	0	0	0
$1	33	14	3	0	1213	1.00	590	22.08.31	15:30	2	01	590	590	00	5909990468522	0	0	0	0	0	0	0	0
$4	33	14	2	0	0	1730	1730
$12	33	1	1	0	1230	1.00	450	22.08.31	15:33	2	01	450	450	00	5909994310766	0	0	0	0	0	0	0	0
$12	33	1	2	0	1715	1.00	2290	22.08.31	15:33	1	01	2290	2290	00	34017159	0	0	0	0	0	0	0	0
$12	33	1	3	0	0459	1.00	2490	22.08.31	15:48	1	01	2490	2490	00	5907502687201	0	0	0	0	0	0	0	0
$1	33	15	1	0	1230	1.00	450	22.08.31	15:50	2	01	450	450	00	5909994310766	0	0	0	0	0	0	0	0
$1	33	15	2	0	1715	1.00	2290	22.08.31	15:50	1	01	2290	2290	00	34017159	0	0	0	0	0	0	0	0
$4	33	15	2	0	0	2740	2740
$1	33	16	1	0	0631	1.00	2590	22.08.31	16:49	1	01	2590	2590	00	5902249011364	0	0	0	0	0	0	0	0
$4	33	16	1	0	0	10000	10000
$4	33	16	1	0	1	7410	7410
$14	01	22.09.01	09:30	4
$13	00	1	22.09.01	09:30	01	0	0	0	0	0	0	0	0	0	             
$1	34	1	1	0	0600	1.00	2650	22.09.01	09:50	1	01	2650	2650	00	5902249010985	0	0	0	0	0	0	0	0
$10	34	1	1	0	2530	1.00	2150	22.09.01	09:50	2	01	2150	2150	00	5904960011616	0	0	0	0	0	0	0	0
$1	34	1	2	0	2350	1.00	750	22.09.01	09:50	1	01	750	750	00	15023506	0	0	0	0	0	0	0	0
$4	34	1	2	0	0	3400	3400
$1	34	2	1	0	1040	2.00	900	22.09.01	10:04	2	01	900	900	00	5906365702847	0	0	0	0	0	0	0	0
$4	34	2	1	0	0	900	900
$1	34	3	1	0	3091	1.00	590	22.09.01	10:31	2	01	590	590	00	20030919	0	0	0	0	0	0	0	0
$1	34	3	2	0	3072	1.00	690	22.09.01	10:31	2	01	690	690	00	20030728	0	0	0	0	0	0	0	0
$1	34	3	3	0	0587	1.00	1290	22.09.01	10:31	1	01	1290	1290	00	5902249011166	0	0	0	0	0	0	0	0
$4	34	3	2	0	0	2570	2570
$1	34	4	1	0	0165	1.000	1550	22.09.01	10:56	1	01	1550	1550	00		0	0	0	0	0	0	0	0
$4	34	4	2	0	0	1550	1550
$1	34	5	1	0	0195	1.000	650	22.09.01	12:34	1	01	650	650	00		0	0	0	0	0	0	0	0
$4	34	5	1	0	0	5000	5000
$4	34	5	1	0	1	4350	4350
$1	34	6	1	0	2053	1.00	2550	22.09.01	14:09	1	01	2550	2550	00	11020530	0	0	0	0	0	0	0	0
$4	34	6	2	0	0	2550	2550
$1	34	7	1	0	2009	1.00	3290	22.09.01	15:47	1	01	3290	3290	00	9020092	0	0	0	0	0	0	0	0
$1	34	7	2	0	1587	1.00	1650	22.09.01	15:47	1	01	1650	1650	00	7015878	0	0	0	0	0	0	0	0
$1	34	7	3	0	0002	1.000	250	22.09.01	15:47	1	01	250	250	00		0	0	0	0	0	0	0	0
$4	34	7	2	0	0	5190	5190
$1	34	8	1	0	3355	1.00	3990	22.09.01	16:39	1	01	3990	3990	00	8033550	0	0	0	0	0	0	0	0
$4	34	8	2	0	0	3990	3990
$1	34	9	1	0	0644	1.00	1545	22.09.01	17:15	1	01	1545	3090	00	5902249012088	0	0	0	0	0	0	0	1
$4	34	9	1	0	0	1545	1545
$14	01	22.09.02	09:29	4
$13	00	1	22.09.02	09:29	01	0	0	0	0	0	0	0	0	0	             
$1	35	1	1	0	1820	1.00	1990	22.09.02	09:48	1	01	1990	1990	00	8018205	0	0	0	0	0	0	0	0
$1	35	1	2	0	3042	1.00	850	22.09.02	09:48	2	01	850	850	00	20030421	0	0	0	0	0	0	0	0
$4	35	1	1	0	0	3000	3000
$4	35	1	1	0	1	160	160
$1	35	2	1	0	1190	1.00	590	22.09.02	10:02	2	01	590	590	00	5011902	0	0	0	0	0	0	0	0
$4	35	2	1	0	0	590	590
$1	35	3	1	0	1231	1.00	490	22.09.02	10:33	2	01	490	490	00	5909994310469	0	0	0	0	0	0	0	0
$4	35	3	1	0	0	490	490
$1	35	4	1	0	1189	1.00	590	22.09.02	10:48	2	01	590	590	00	5909994310711	0	0	0	0	0	0	0	0
$1	35	4	2	0	0586	1.00	690	22.09.02	10:48	1	01	690	690	00	5902249010527	0	0	0	0	0	0	0	0
$4	35	4	1	0	0	10000	10000
$4	35	4	1	0	1	8720	8720
$1	35	5	1	0	0971	1.00	790	22.09.02	10:50	2	01	790	790	00	5009718	0	0	0	0	0	0	0	0
$4	35	5	1	0	0	1000	1000
$4	35	5	1	0	1	210	210
$1	35	6	1	0	2026	1.00	2650	22.09.02	11:12	1	01	2650	2650	00	10020265	0	0	0	0	0	0	0	0
$1	35	6	2	0	0611	1.00	1290	22.09.02	11:12	1	01	1290	1290	00	5902249011173	0	0	0	0	0	0	0	0
$4	35	6	2	0	0	3940	3940
$1	35	7	1	0	1357	1.00	3690	22.09.02	11:32	1	01	3690	3690	00	25768	0	0	0	0	0	0	0	0
$1	35	7	2	0	0816	1.00	3690	22.09.02	11:32	1	01	3690	3690	00	25614	0	0	0	0	0	0	0	0
$1	35	7	3	0	0027	1.000	3690	22.09.02	11:33	1	01	3690	3690	00		0	0	0	0	0	0	0	0
$1	35	7	4	0	0458	1.00	1250	22.09.02	11:35	1	01	1250	1250	00	5907502687072	0	0	0	0	0	0	0	0
$1	35	7	5	0	3550	1.00	3450	22.09.02	11:35	1	01	3450	3450	00	8035509	0	0	0	0	0	0	0	0
$1	35	7	6	0	1818	1.00	3190	22.09.02	11:35	1	01	3190	3190	00	8018182	0	0	0	0	0	0	0	0
$4	35	7	2	0	0	18960	18960
$1	35	8	1	0	0066	1.000	1190	22.09.02	11:55	1	01	1190	1190	00		0	0	0	0	0	0	0	0
$1	35	8	2	0	2053	1.00	2550	22.09.02	11:56	1	01	2550	2550	00	11020530	0	0	0	0	0	0	0	0
$4	35	8	1	0	0	5000	5000
$4	35	8	1	0	1	1260	1260
$10	35	9	1	0	1495	1.00	6650	22.09.02	12:07	4	01	6650	6650	00	7014956	0	0	0	0	0	0	0	0
$1	35	9	1	0	1491	1.00	2690	22.09.02	12:07	4	01	2690	2690	00	5907804205301	0	0	0	0	0	0	0	0
$4	35	9	1	0	0	3000	3000
$4	35	9	1	0	1	310	310
$1	35	10	1	0	3268	1.00	1950	22.09.02	12:10	1	01	1950	1950	00	14032684	0	0	0	0	0	0	0	0
$4	35	10	2	0	0	1950	1950
$1	35	11	1	0	4106	1.00	5390	22.09.02	13:39	1	01	5390	5390	00	10000274	0	0	0	0	0	0	0	0
$1	35	11	2	0	0093	1.000	2400	22.09.02	13:40	3	01	2400	2400	00		0	0	0	0	0	0	0	0
$4	35	11	2	0	0	7790	7790
$1	35	12	1	0	0295	1.00	8350	22.09.02	14:22	1	01	8350	8350	00	6412600834635	0	0	0	0	0	0	0	0
$1	35	12	2	0	4135	1.00	3750	22.09.02	14:23	1	01	3750	3750	00	10000663	0	0	0	0	0	0	0	0
$1	35	12	3	0	4144	1.00	1190	22.09.02	14:23	1	01	1190	1190	00	10000755	0	0	0	0	0	0	0	0
$4	35	12	2	0	0	13290	13290
$1	35	13	1	0	2053	1.00	2550	22.09.02	15:27	1	01	2550	2550	00	11020530	0	0	0	0	0	0	0	0
$1	35	13	2	0	2050	1.00	2550	22.09.02	15:27	1	01	2550	2550	00	11020509	0	0	0	0	0	0	0	0
$4	35	13	1	0	0	5100	5100
$1	35	14	1	0	3240	2.00	5700	22.09.02	15:48	1	01	5700	5700	00	34032404	0	0	0	0	0	0	0	0
$1	35	14	2	0	3528	1.00	4850	22.09.02	15:48	1	01	4850	4850	00	734	0	0	0	0	0	0	0	0
$1	35	14	3	0	2666	1.00	2550	22.09.02	15:48	2	01	2550	2550	00	17026666	0	0	0	0	0	0	0	0
$4	35	14	2	0	0	13100	13100
$14	01	22.09.03	09:27	4
$13	00	1	22.09.03	09:27	01	0	0	0	0	0	0	0	0	0	             
$1	36	1	1	0	3254	1.00	1190	22.09.03	09:46	1	01	1190	1190	00	22032546	0	0	0	0	0	0	0	0
$1	36	1	2	0	1534	1.00	1250	22.09.03	09:47	1	01	1250	1250	00	7015342	0	0	0	0	0	0	0	0
$4	36	1	2	0	0	2440	2440
$1	36	2	1	0	0586	1.00	690	22.09.03	10:12	1	01	690	690	00	5902249010527	0	0	0	0	0	0	0	0
$1	36	2	2	0	0628	1.00	690	22.09.03	10:12	1	01	690	690	00	5902249011326	0	0	0	0	0	0	0	0
$4	36	2	1	0	0	5000	5000
$4	36	2	1	0	1	3620	3620
$1	36	3	1	0	2359	1.00	5950	22.09.03	10:27	1	01	5950	5950	00	5903760200374	0	0	0	0	0	0	0	0
$1	36	3	2	0	2354	1.00	9850	22.09.03	10:27	1	01	9850	9850	00	1023541	0	0	0	0	0	0	0	0
$1	36	3	3	0	1503	1.00	2490	22.09.03	10:28	4	01	2490	2490	00	5907804205196	0	0	0	0	0	0	0	0
$4	36	3	1	0	0	18290	18290
$1	36	4	1	0	4112	1.00	3450	22.09.03	11:20	1	01	3450	3450	00	10000366	0	0	0	0	0	0	0	0
$1	36	4	2	0	4112	1.00	3450	22.09.03	11:20	1	01	3450	3450	00	10000366	0	0	0	0	0	0	0	0
$1	36	4	3	0	4111	1.00	3890	22.09.03	11:21	1	01	3890	3890	00	10000342	0	0	0	0	0	0	0	0
$1	36	4	4	0	4111	1.00	3890	22.09.03	11:21	1	01	3890	3890	00	10000342	0	0	0	0	0	0	0	0
$1	36	4	5	0	2010	1.00	3190	22.09.03	11:21	2	01	3190	3190	00	9020108	0	0	0	0	0	0	0	0
$4	36	4	2	0	0	17870	17870
$1	36	5	1	0	2053	1.00	2550	22.09.03	11:30	1	01	2550	2550	00	11020530	0	0	0	0	0	0	0	0
$4	36	5	1	0	0	2550	2550
$1	36	6	1	0	1195	1.00	450	22.09.03	11:43	2	01	450	450	00	5909990219421	0	0	0	0	0	0	0	0
$1	36	6	2	0	1210	1.00	400	22.09.03	11:43	2	01	400	400	00	5909994310360	0	0	0	0	0	0	0	0
$1	36	6	3	0	0980	1.00	590	22.09.03	11:43	2	01	590	590	00	5906365702410	0	0	0	0	0	0	0	0
$1	36	6	4	0	1229	1.00	490	22.09.03	11:43	2	01	490	490	00	5909994309722	0	0	0	0	0	0	0	0
$1	36	6	5	0	1166	1.00	450	22.09.03	11:44	2	01	450	450	00	5909990195329	0	0	0	0	0	0	0	0
$1	36	6	6	0	0996	1.00	590	22.09.03	11:44	2	01	590	590	00	5906365702076	0	0	0	0	0	0	0	0
$1	36	6	7	0	0961	1.00	1290	22.09.03	11:44	2	01	1290	1290	00	5906365702885	0	0	0	0	0	0	0	0
$1	36	6	8	0	1249	1.00	790	22.09.03	11:44	2	01	790	790	00	5909994310667	0	0	0	0	0	0	0	0
$1	36	6	9	0	1084	1.00	550	22.09.03	11:44	2	01	550	550	00	5906365702199	0	0	0	0	0	0	0	0
$1	36	6	10	0	1234	1.00	750	22.09.03	11:44	2	01	750	750	00	5909990311910	0	0	0	0	0	0	0	0
$4	36	6	2	0	0	6350	6350
$1	36	7	1	0	3519	1.00	4590	22.09.03	12:00	1	01	4590	4590	00	10000045	0	0	0	0	0	0	0	0
$4	36	7	2	0	0	4590	4590
$1	36	8	1	0	2307	1.00	4190	22.09.03	12:06	1	01	4190	4190	00	10000564	0	0	0	0	0	0	0	0
$4	36	8	2	0	0	4190	4190
$1	36	9	1	0	0470	1.00	3850	22.09.03	12:51	1	01	3850	3850	00	5907502687263	0	0	0	0	0	0	0	0
$1	36	9	2	0	0224	2.000	1880	22.09.03	12:52	1	01	1880	1880	00		0	0	0	0	0	0	0	0
$4	36	9	2	0	0	5730	5730
$1	36	10	1	0	0988	1.00	790	22.09.03	13:16	1	01	790	790	00	5906365702441	0	0	0	0	0	0	0	0
$1	36	10	2	0	0988	1.00	790	22.09.03	13:16	1	01	790	790	00	5906365702441	0	0	0	0	0	0	0	0
$4	36	10	1	0	0	10000	10000
$4	36	10	1	0	1	8420	8420
$14	01	22.09.05	14:52	4
$13	00	1	22.09.05	14:52	01	0	0	0	0	0	0	0	0	0	             
$14	01	22.09.05	15:05	4
$13	00	1	22.09.05	15:05	01	0	0	0	0	0	0	0	0	0	             
$14	01	22.09.05	15:22	4
$13	00	1	22.09.05	15:23	01	0	0	0	0	0	0	0	0	0	             
$14	01	22.09.05	15:35	4
$13	00	1	22.09.05	15:35	01	0	0	0	0	0	0	0	0	0	             
