#1	COM255:1:STX6:1	5	2022.07.20	18:55	OPSpRoz4	WIN 13.32.2020	OPSPROZ4IN.txt	OPSPROZ4OUT.txt
#
#ELZAB Jota online 20000 PLU II gen. ver. 01 (identyfikator odczytany z urzadzenia)
$14	01	22.05.30	18:34	4
$13	00	1	22.05.30	18:34	01	0	0	0	0	0	0	0	0	0	             
$14	01	22.05.30	22:07	4
$13	00	1	22.05.30	22:07	01	0	0	0	0	0	0	0	0	0	             
$14	01	22.05.30	22:19	4
$13	00	1	22.05.30	22:21	01	0	0	0	0	0	0	0	0	0	             
$14	01	22.06.05	18:46	4
$13	00	1	22.06.05	18:46	01	0	0	0	0	0	0	0	0	0	             
$14	01	22.06.05	20:37	4
$13	00	1	22.06.05	20:57	01	0	0	0	0	0	0	0	0	0	             
$14	01	22.06.06	20:16	4
$13	00	1	22.06.06	20:22	01	0	0	0	0	0	0	0	0	0	             
$14	01	22.06.08	11:54	4
$13	00	1	22.06.08	11:54	01	0	0	0	0	0	0	0	0	0	             
$14	01	22.06.08	15:21	4
$13	00	1	22.06.08	15:21	01	0	0	0	0	0	0	0	0	0	             
$14	01	22.06.08	15:31	4
$13	00	1	22.06.08	16:09	01	0	0	0	0	0	0	0	0	0	             
$14	01	22.06.08	16:46	4
$13	00	1	22.06.08	16:46	01	0	0	0	0	0	0	0	0	0	             
$12	1	1	1	0	1013	1.00	490	22.06.08	16:49	4	01	490	490	00	5909990628438	0	0	0	0	0	0	0	0
$1	1	1	1	0	1013	1.00	005	22.06.08	16:51	4	01	005	490	00	5909990628438	0	0	0	0	0	0	0	1
$4	1	1	1	0	0	005	005
$12	1	2	1	0	1010	1.00	450	22.06.08	16:52	4	01	450	450	00	5906365702908	0	0	0	0	0	0	0	0
$1	1	2	1	0	1010	1.00	450	22.06.08	16:55	4	01	450	450	00	5906365702908	0	0	0	0	0	0	0	0
$4	1	2	2	0	0	450	450
$12	1	3	1	0	0972	1.00	312	22.06.08	16:56	4	01	312	390	00	5906365702359	0	0	0	0	0	0	0	1
$12	1	4	1	0	1010	1.00	450	22.06.08	17:00	4	01	450	450	00	5906365702908	0	0	0	0	0	0	0	0
$12	1	5	1	0	0972	1.00	390	22.06.08	17:00	4	01	390	390	00	5906365702359	0	0	0	0	0	0	0	0
$12	1	6	1	0	0972	1.00	390	22.06.08	17:04	4	01	390	390	00	5906365702359	0	0	0	0	0	0	0	0
$14	01	22.06.08	17:08	4
$13	00	1	22.06.08	17:09	01	0	0	0	0	0	0	0	0	0	             
$12	1	7	1	0	0972	1.00	390	22.06.08	17:09	4	01	390	390	00	5906365702359	0	0	0	0	0	0	0	0
$12	1	8	1	0	0972	1.00	390	22.06.08	17:12	4	01	390	390	00	5906365702359	0	0	0	0	0	0	0	0
$14	01	22.06.08	17:15	4
$13	00	1	22.06.08	17:16	01	0	0	0	0	0	0	0	0	0	             
$12	1	9	1	0	0972	1.00	390	22.06.08	17:16	4	01	390	390	00	5906365702359	0	0	0	0	0	0	0	0
$14	01	22.07.20	12:39	4
$13	00	1	22.07.20	12:40	01	0	0	0	0	0	0	0	0	0	             
$14	01	22.07.20	13:24	4
$13	00	1	22.07.20	13:24	01	0	0	0	0	0	0	0	0	0	             
$14	01	22.07.20	18:17	4
$13	00	1	22.07.20	18:18	01	0	0	0	0	0	0	0	0	0	             
$14	01	22.07.20	18:45	4
$13	00	1	22.07.20	18:45	01	0	0	0	0	0	0	0	0	0	             
$1	2	1	1	0	0329	1.00	1850	22.07.20	18:53	1	01	1850	1850	00	5900168908116	0	0	0	0	0	0	0	0
$4	2	1	2	0	0	1850	1850
