#1	COM12:57600:MUX0:1	3	2022.03.09	20:41	OPSpRoz4	WIN 13.32.2020	OPSPROZ4IN.txt	OPSPROZ4OUT.txt
#
#Jota E 4095 PLU II gen. ver. 01 (identyfikator odczytany z urzadzenia i pliku ECRTBUF.TXT)
$10	1641	4142	1	0	0466	1.00	2290	22.02.05	09:58	1	30	2290	2290	00	5907502687089	0	0	0	0	0	0	0	0
$1	1641	4142	1	0	0002	2.000	2100	22.02.05	09:58	1	30	2100	2100	00	0000000000000	0	0	0	0	0	0	0	0
$1	1641	4142	2	0	2007	1.00	3850	22.02.05	09:58	2	30	3850	3850	00	0000009020078	0	0	0	0	0	0	0	0
$1	1641	4143	1	0	0597	1.00	3090	22.02.05	10:04	1	30	3090	3090	00	5902249011029	0	0	0	0	0	0	0	0
$1	1641	4143	2	0	0557	1.00	140	22.02.05	10:04	1	30	140	2590	00	5902249010411	0	0	0	0	0	0	0	1
$1	1641	4143	3	0	0026	1.000	1770	22.02.05	10:04	1	30	1770	1770	00	0000000000000	0	0	0	0	0	0	0	0
$1	1641	4144	1	0	2437	1.00	2850	22.02.05	10:14	1	30	2850	2850	00	0000016024373	0	0	0	0	0	0	0	0
$1	1641	4144	2	0	3663	1.00	3050	22.02.05	10:14	1	30	3050	3050	00	0000023036635	0	0	0	0	0	0	0	0
$1	1641	4145	1	0	2527	1.00	49	22.02.05	10:25	2	30	49	490	00	0000017025270	0	0	0	0	0	0	0	1
$1	1641	4146	1	0	2955	1.00	4590	22.02.05	10:42	1	30	4590	4590	00	0000001029550	0	0	0	0	0	0	0	0
$1	1641	4147	1	0	1537	1.00	1850	22.02.05	10:48	3	30	1850	1850	00	5907804205035	0	0	0	0	0	0	0	0
$1	1641	4148	1	0	2053	1.00	2550	22.02.05	11:01	1	30	2550	2550	00	0000011020530	0	0	0	0	0	0	0	0
$1	1641	4149	1	0	2024	1.00	2490	22.02.05	11:16	1	30	2490	2490	00	0000010020241	0	0	0	0	0	0	0	0
$1	1641	4149	2	0	0038	1.000	3490	22.02.05	11:16	1	30	3490	3490	00	0000000000000	0	0	0	0	0	0	0	0
$1	1641	4149	3	0	0244	2.000	1380	22.02.05	11:16	1	30	1380	1380	00	0000000000000	0	0	0	0	0	0	0	0
$1	1641	4149	4	0	2975	1.00	2372	22.02.05	11:16	2	30	2372	2790	00	0000019029757	0	0	0	0	0	0	0	1
$1	1641	4150	1	0	1035	4.00	2200	22.02.05	11:22	2	30	2200	2200	00	5909994310124	0	0	0	0	0	0	0	0
$1	1641	4151	1	0	1231	1.00	490	22.02.05	11:25	2	30	490	490	00	5909994310469	0	0	0	0	0	0	0	0
$1	1641	4151	2	0	0982	1.00	490	22.02.05	11:25	2	30	490	490	00	5907752643385	0	0	0	0	0	0	0	0
$1	1641	4152	1	0	2743	1.00	2900	22.02.05	11:28	1	30	2900	2900	00	0000035027430	0	0	0	0	0	0	0	0
$1	1641	4153	1	0	2350	2.00	1400	22.02.05	11:29	1	30	1400	1400	00	0000015023506	0	0	0	0	0	0	0	0
$1	1641	4153	2	0	3901	1.00	950	22.02.05	11:29	1	30	950	950	00	0000028039013	0	0	0	0	0	0	0	0
$1	1641	4153	3	0	3901	1.00	808	22.02.05	11:29	1	30	808	950	00	0000028039013	0	0	0	0	0	0	0	1
$1	1641	4154	1	0	2350	1.00	700	22.02.05	11:36	1	30	700	700	00	0000015023506	0	0	0	0	0	0	0	0
$1	1641	4155	1	0	2935	1.00	7890	22.02.05	11:47	1	30	7890	7890	00	0000034029350	0	0	0	0	0	0	0	0
$1	1641	4155	2	0	3338	1.00	4550	22.02.05	11:47	1	30	4550	4550	00	0000001033380	0	0	0	0	0	0	0	0
$1	1641	4155	3	0	0881	1.00	5490	22.02.05	11:47	1	30	5490	5490	00	5906395235018	0	0	0	0	0	0	0	0
$1	1641	4155	4	0	2445	1.00	11850	22.02.05	11:47	1	30	11850	11850	00	0000001024456	0	0	0	0	0	0	0	0
$1	1641	4155	5	0	3219	1.00	6250	22.02.05	11:47	1	30	6250	6250	00	0000003032190	0	0	0	0	0	0	0	0
$1	1641	4156	1	0	2278	1.00	1950	22.02.05	11:57	1	30	1950	1950	00	0000014022784	0	0	0	0	0	0	0	0
$1	1641	4156	2	0	0611	1.00	1290	22.02.05	11:57	1	30	1290	1290	00	5902249011173	0	0	0	0	0	0	0	0
$1	1642	4158	1	0	1032	1.00	950	22.02.07	10:28	3	30	950	950	00	0000005010325	0	0	0	0	0	0	0	0
$1	1642	4159	1	0	1133	1.00	750	22.02.07	11:14	3	30	750	750	00	0000005011339	0	0	0	0	0	0	0	0
$1	1642	4160	1	0	0002	1.000	640	22.02.07	12:01	1	30	640	640	00	0000000000000	0	0	0	0	0	0	0	0
$1	1642	4161	1	0	0738	1.00	7600	22.02.07	12:06	1	30	7600	7600	00	0000003007389	0	0	0	0	0	0	0	0
$1	1642	4161	2	0	3252	1.00	1190	22.02.07	12:06	1	30	1190	1190	00	0000022032522	0	0	0	0	0	0	0	0
$1	1642	4162	1	0	3901	1.00	950	22.02.07	12:29	1	30	950	950	00	0000028039013	0	0	0	0	0	0	0	0
$1	1642	4163	1	0	0530	1.00	2690	22.02.07	12:57	1	30	2690	2690	00	5907502687867	0	0	0	0	0	0	0	0
$1	1642	4163	2	0	3799	1.00	2000	22.02.07	12:57	1	30	2000	2850	00	0000025037999	0	0	0	0	0	0	0	1
$1	1642	4164	1	0	3355	1.00	3990	22.02.07	14:18	1	30	3990	3990	00	0000008033550	0	0	0	0	0	0	0	0
$1	1642	4164	2	0	0244	1.000	690	22.02.07	14:18	1	30	690	690	00	0000000000000	0	0	0	0	0	0	0	0
$1	1642	4165	1	0	0037	1.000	10000	22.02.07	14:37	1	30	10000	10000	00	0000000000000	0	0	0	0	0	0	0	0
$1	1642	4166	1	0	3319	1.00	1890	22.02.07	15:21	2	30	1890	1890	00	0000022033192	0	0	0	0	0	0	0	0
$1	1642	4166	2	0	3254	1.00	1190	22.02.07	15:21	1	30	1190	1190	00	0000022032546	0	0	0	0	0	0	0	0
$1	1642	4166	3	0	3319	1.00	1890	22.02.07	15:21	2	30	1890	1890	00	0000022033192	0	0	0	0	0	0	0	0
$1	1642	4166	4	0	3652	1.00	2393	22.02.07	15:21	1	30	2393	3190	00	0000009036529	0	0	0	0	0	0	0	1
$1	1642	4167	1	0	3251	1.00	1190	22.02.07	15:42	2	30	1190	1190	00	0000022032515	0	0	0	0	0	0	0	0
$1	1642	4167	2	0	1573	2.00	980	22.02.07	15:42	2	30	980	980	00	0000007015731	0	0	0	0	0	0	0	0
$1	1642	4168	1	0	3254	1.00	1190	22.02.07	16:47	1	30	1190	1190	00	0000022032546	0	0	0	0	0	0	0	0
$1	1642	4169	1	0	1534	1.00	850	22.02.07	16:53	3	30	850	850	00	5906660810421	0	0	0	0	0	0	0	0
$1	1642	4169	2	0	0225	1.000	80	22.02.07	16:53	1	30	80	80	00	0000000000000	0	0	0	0	0	0	0	0
$1	1642	4170	1	0	0571	1.00	13	22.02.07	17:21	1	30	13	1290	00	5902249011142	0	0	0	0	0	0	0	1
$1	1643	4173	1	0	0244	1.000	690	22.02.08	10:25	1	30	690	690	00	0000000000000	0	0	0	0	0	0	0	0
$1	1643	4174	1	0	3901	2.00	1900	22.02.08	10:43	1	30	1900	1900	00	0000028039013	0	0	0	0	0	0	0	0
$1	1643	4174	2	0	3901	1.00	808	22.02.08	10:43	1	30	808	950	00	0000028039013	0	0	0	0	0	0	0	1
$1	1643	4174	3	0	3901	1.00	808	22.02.08	10:43	1	30	808	950	00	0000028039013	0	0	0	0	0	0	0	1
$1	1643	4174	4	0	2350	2.00	1400	22.02.08	10:43	1	30	1400	1400	00	0000015023506	0	0	0	0	0	0	0	0
$1	1643	4175	1	0	3830	1.00	950	22.02.08	10:58	1	30	950	950	00	0000026038308	0	0	0	0	0	0	0	0
$1	1643	4176	1	0	1813	1.00	2990	22.02.08	11:46	1	30	2990	2990	00	0000008018137	0	0	0	0	0	0	0	0
$1	1643	4177	1	0	1292	1.00	2690	22.02.08	12:14	3	30	2690	2690	00	0000006012922	0	0	0	0	0	0	0	0
$1	1643	4177	2	0	1232	1.00	450	22.02.08	12:14	2	30	450	450	00	5909990219520	0	0	0	0	0	0	0	0
$1	1643	4177	3	0	0972	1.00	450	22.02.08	12:14	3	30	450	450	00	5906365702359	0	0	0	0	0	0	0	0
$1	1643	4178	1	0	1191	1.00	450	22.02.08	12:17	2	30	450	450	00	5909990628490	0	0	0	0	0	0	0	0
$1	1643	4178	2	0	1191	1.00	450	22.02.08	12:17	2	30	450	450	00	5909990628490	0	0	0	0	0	0	0	0
$1	1643	4179	1	0	1133	1.00	750	22.02.08	12:42	3	30	750	750	00	0000005011339	0	0	0	0	0	0	0	0
$1	1643	4180	1	0	1537	1.00	1850	22.02.08	12:49	3	30	1850	1850	00	5907804205035	0	0	0	0	0	0	0	0
$1	1643	4180	2	0	1574	3.00	1470	22.02.08	12:49	2	30	1470	1470	00	5906660817215	0	0	0	0	0	0	0	0
$1	1643	4181	1	0	0494	1.00	3500	22.02.08	13:15	1	30	3500	3500	00	5907502687409	0	0	0	0	0	0	0	0
$1	1643	4182	1	0	3945	1.00	1490	22.02.08	13:17	1	30	1490	1490	00	8691190967253	0	0	0	0	0	0	0	0
$1	1643	4183	1	0	1948	1.00	1550	22.02.08	13:40	2	30	1550	1550	00	0000009019485	0	0	0	0	0	0	0	0
$1	1643	4183	2	0	1947	1.00	1550	22.02.08	13:40	2	30	1550	1550	00	0000009019478	0	0	0	0	0	0	0	0
$1	1643	4183	3	0	1949	1.00	1450	22.02.08	13:40	2	30	1450	1450	00	0000009019492	0	0	0	0	0	0	0	0
$1	1643	4184	1	0	0603	1.00	4150	22.02.08	13:46	1	30	4150	4150	00	5902249011074	0	0	0	0	0	0	0	0
$1	1643	4184	2	0	0602	1.00	2790	22.02.08	13:46	1	30	2790	2790	00	5902249010978	0	0	0	0	0	0	0	0
$1	1643	4184	3	0	0611	1.00	1290	22.02.08	13:46	1	30	1290	1290	00	5902249011173	0	0	0	0	0	0	0	0
$1	1643	4185	1	0	2934	1.00	6850	22.02.08	13:52	1	30	6850	6850	00	0000034029343	0	0	0	0	0	0	0	0
$1	1643	4185	2	0	0956	1.00	950	22.02.08	13:52	3	30	950	950	00	0000005009565	0	0	0	0	0	0	0	0
$1	1643	4185	3	0	2350	3.00	2100	22.02.08	13:52	1	30	2100	2100	00	0000015023506	0	0	0	0	0	0	0	0
$10	1643	4185	1	0	2460	1.00	200	22.02.08	13:52	2	30	200	200	00	0000033002996	0	0	0	0	0	0	0	0
$10	1643	4185	2	0	2053	1.00	2550	22.02.08	13:52	1	30	2550	2550	00	0000011020530	0	0	0	0	0	0	0	0
$1	1643	4185	4	0	2053	1.00	2550	22.02.08	13:52	1	30	2550	2550	00	0000011020530	0	0	0	0	0	0	0	0
$1	1643	4186	1	0	2299	1.00	5950	22.02.08	13:58	1	30	5950	5950	00	0000014022999	0	0	0	0	0	0	0	0
$1	1643	4186	2	0	3924	1.00	3490	22.02.08	13:58	1	30	3490	3490	00	0000014039249	0	0	0	0	0	0	0	0
$1	1643	4187	1	0	1206	1.00	590	22.02.08	14:38	2	30	590	590	00	5909990903115	0	0	0	0	0	0	0	0
$1	1643	4187	2	0	1230	1.00	450	22.02.08	14:38	2	30	450	450	00	5909994310766	0	0	0	0	0	0	0	0
$1	1643	4187	3	0	1232	1.00	450	22.02.08	14:38	2	30	450	450	00	5909990219520	0	0	0	0	0	0	0	0
$1	1643	4187	4	0	1226	1.00	490	22.02.08	14:38	2	30	490	490	00	5909990219025	0	0	0	0	0	0	0	0
$1	1643	4187	5	0	1233	1.00	700	22.02.08	14:38	2	30	700	700	00	5909990628223	0	0	0	0	0	0	0	0
$1	1643	4187	6	0	1181	1.00	450	22.02.08	14:38	2	30	450	450	00	5909994310964	0	0	0	0	0	0	0	0
$1	1643	4187	7	0	1097	1.00	450	22.02.08	14:38	2	30	450	450	00	5909994310568	0	0	0	0	0	0	0	0
$1	1643	4187	8	0	1168	1.00	450	22.02.08	14:38	2	30	450	450	00	5909994310261	0	0	0	0	0	0	0	0
$1	1643	4187	9	0	1193	1.00	490	22.02.08	14:38	2	30	490	490	00	5909990195725	0	0	0	0	0	0	0	0
$1	1643	4187	10	0	0012	1.000	1150	22.02.08	14:38	1	30	1150	1150	00	0000000000000	0	0	0	0	0	0	0	0
$1	1643	4188	1	0	2350	1.00	7	22.02.08	14:50	1	30	7	700	00	0000015023506	0	0	0	0	0	0	0	1
$1	1643	4189	1	0	1847	1.00	3190	22.02.08	16:11	1	30	3190	3190	00	0000008018472	0	0	0	0	0	0	0	0
$1	1643	4189	2	0	1097	1.00	450	22.02.08	16:11	2	30	450	450	00	5909994310568	0	0	0	0	0	0	0	0
$1	1643	4189	3	0	1191	1.00	450	22.02.08	16:11	2	30	450	450	00	5909990628490	0	0	0	0	0	0	0	0
$1	1643	4189	4	0	1181	1.00	450	22.02.08	16:11	2	30	450	450	00	5909994310964	0	0	0	0	0	0	0	0
$1	1643	4189	5	0	1162	1.00	450	22.02.08	16:11	2	30	450	450	00	5909994311763	0	0	0	0	0	0	0	0
$1	1643	4189	6	0	3095	1.00	690	22.02.08	16:11	2	30	690	690	00	0000020030957	0	0	0	0	0	0	0	0
$1	1643	4190	1	0	1011	1.00	550	22.02.08	16:22	2	30	550	550	00	5906365702755	0	0	0	0	0	0	0	0
$1	1643	4190	2	0	0508	1.00	2190	22.02.08	16:22	1	30	2190	2190	00	5902249010459	0	0	0	0	0	0	0	0
$1	1643	4190	3	0	0472	1.00	1290	22.02.08	16:22	1	30	1290	1290	00	5907502687300	0	0	0	0	0	0	0	0
$1	1643	4191	1	0	1203	1.00	590	22.02.08	16:46	2	30	590	590	00	0000005012039	0	0	0	0	0	0	0	0
$1	1643	4191	2	0	3379	1.00	600	22.02.08	16:46	2	30	600	600	00	0000005033799	0	0	0	0	0	0	0	0
$1	1643	4191	3	0	0002	1.000	490	22.02.08	16:46	1	30	490	490	00	0000000000000	0	0	0	0	0	0	0	0
$1	1643	4192	1	0	3251	2.00	2380	22.02.08	16:57	2	30	2380	2380	00	0000022032515	0	0	0	0	0	0	0	0
$1	1643	4192	2	0	1555	1.00	2890	22.02.08	16:57	3	30	2890	2890	00	0000007015557	0	0	0	0	0	0	0	0
$1	1643	4192	3	0	1703	1.00	1950	22.02.08	16:57	1	30	1950	1950	00	0000007017032	0	0	0	0	0	0	0	0
$1	1643	4192	4	0	2349	1.00	1350	22.02.08	16:57	3	30	1350	1350	00	0000006023492	0	0	0	0	0	0	0	0
$1	1643	4192	5	0	1338	1.00	990	22.02.08	16:57	3	30	990	990	00	0000006013387	0	0	0	0	0	0	0	0
$1	1643	4193	1	0	1543	1.00	48	22.02.08	17:18	3	30	4750	4750	00	5907804205073	0	1	0	0	0	0	0	0
$1	1643	4193	2	0	1376	1.00	19	22.02.08	17:18	1	30	1850	1850	00	5902596671402	0	1	0	0	0	0	0	0
$1	1643	4194	1	0	0608	1.00	9	22.02.08	17:22	1	30	9	850	00	5902249011050	0	0	0	0	0	0	0	1
$1	1643	4194	2	0	0608	1.00	9	22.02.08	17:22	1	30	9	850	00	5902249011050	0	0	0	0	0	0	0	1
$1	1643	4194	3	0	3645	1.00	56	22.02.08	17:22	1	30	56	5590	00	0000009036451	0	0	0	0	0	0	0	1
$1	1644	4198	1	0	2329	1.00	690	22.02.09	11:36	2	30	690	690	00	0000020023294	0	0	0	0	0	0	0	0
$1	1644	4198	2	0	0508	1.00	2190	22.02.09	11:36	1	30	2190	2190	00	5902249010459	0	0	0	0	0	0	0	0
$1	1644	4199	1	0	2934	1.00	6850	22.02.09	11:59	1	30	6850	6850	00	0000034029343	0	0	0	0	0	0	0	0
$1	1644	4199	2	0	1689	1.00	2890	22.02.09	11:59	1	30	2890	2890	00	0000007016899	0	0	0	0	0	0	0	0
$1	1644	4200	1	0	3160	1.00	1890	22.02.09	12:14	1	30	1890	1890	00	5701278288125	0	0	0	0	0	0	0	0
$1	1644	4200	2	0	0026	1.000	590	22.02.09	12:14	1	30	590	590	00	0000000000000	0	0	0	0	0	0	0	0
$1	1644	4200	3	0	0611	1.00	1290	22.02.09	12:14	1	30	1290	1290	00	5902249011173	0	0	0	0	0	0	0	0
$1	1644	4200	4	0	3901	1.00	808	22.02.09	12:14	1	30	808	950	00	0000028039013	0	0	0	0	0	0	0	1
$10	1644	4201	1	0	1378	1.00	1990	22.02.09	12:24	1	30	1990	1990	00	0000006013783	0	0	0	0	0	0	0	0
$10	1644	4201	2	0	1378	1.00	1990	22.02.09	12:24	1	30	1990	1990	00	0000006013783	0	0	0	0	0	0	0	0
$1	1644	4201	1	0	1378	1.00	995	22.02.09	12:24	1	30	995	1990	00	0000006013783	0	0	0	0	0	0	0	1
$1	1644	4202	1	0	2296	1.00	5450	22.02.09	12:36	1	30	5450	5450	00	0000014022968	0	0	0	0	0	0	0	0
$1	1644	4202	2	0	2298	1.00	5450	22.02.09	12:36	1	30	5450	5450	00	0000014022982	0	0	0	0	0	0	0	0
$1	1644	4202	3	0	2277	1.00	3750	22.02.09	12:36	1	30	3750	3750	00	0000014022777	0	0	0	0	0	0	0	0
$1	1644	4202	4	0	2759	1.00	2490	22.02.09	12:36	1	30	2490	2490	00	0000036027590	0	0	0	0	0	0	0	0
$10	1644	4203	1	0	1222	1.00	1190	22.02.09	13:04	2	30	1190	1190	00	5909990195626	0	0	0	0	0	0	0	0
$1	1644	4203	1	0	0630	1.00	2800	22.02.09	13:04	1	30	2800	2800	00	5902249011357	0	0	0	0	0	0	0	0
$1	1644	4203	2	0	0458	1.00	1290	22.02.09	13:04	1	30	1290	1290	00	5907502687072	0	0	0	0	0	0	0	0
$1	1644	4204	1	0	0705	1.00	2150	22.02.09	13:10	1	30	2150	2150	00	0000003007051	0	0	0	0	0	0	0	0
$1	1644	4205	1	0	3994	1.00	1950	22.02.09	13:36	1	30	1950	1950	00	0000031039949	0	0	0	0	0	0	0	0
$1	1644	4206	1	0	2053	1.00	2550	22.02.09	13:38	1	30	2550	2550	00	0000011020530	0	0	0	0	0	0	0	0
$1	1644	4207	1	0	2350	1.00	700	22.02.09	14:13	1	30	700	700	00	0000015023506	0	0	0	0	0	0	0	0
$1	1644	4208	1	0	3967	1.00	990	22.02.09	14:59	1	30	990	990	00	0000031039673	0	0	0	0	0	0	0	0
$1	1644	4209	1	0	2350	1.00	700	22.02.09	15:58	1	30	700	700	00	0000015023506	0	0	0	0	0	0	0	0
$1	1644	4210	1	0	0602	1.00	2790	22.02.09	16:03	1	30	2790	2790	00	5902249010978	0	0	0	0	0	0	0	0
$1	1644	4210	2	0	0989	1.00	490	22.02.09	16:03	3	30	490	490	00	0000005009893	0	0	0	0	0	0	0	0
$1	1644	4211	1	0	2945	1.00	2190	22.02.09	16:07	1	30	2190	2190	00	0000031029452	0	0	0	0	0	0	0	0
$1	1644	4211	2	0	2946	1.00	2250	22.02.09	16:07	1	30	2250	2250	00	0000031029469	0	0	0	0	0	0	0	0
$1	1644	4212	1	0	2446	1.00	5690	22.02.09	16:24	1	30	5690	5690	00	0000003024461	0	0	0	0	0	0	0	0
$1	1644	4213	1	0	0002	1.000	2990	22.02.09	16:38	1	30	2990	2990	00	0000000000000	0	0	0	0	0	0	0	0
$1	1644	4214	1	0	1573	2.00	980	22.02.09	16:39	2	30	980	980	00	0000007015731	0	0	0	0	0	0	0	0
$1	1644	4215	1	0	2429	1.00	2890	22.02.09	16:50	1	30	2890	2890	00	0000016024298	0	0	0	0	0	0	0	0
$1	1644	4215	2	0	2360	1.00	2950	22.02.09	16:50	1	30	2950	2950	00	0000016023604	0	0	0	0	0	0	0	0
$1	1644	4216	1	0	3462	1.00	4950	22.02.09	16:56	1	30	4950	4950	00	0000014034626	0	0	0	0	0	0	0	0
$10	1645	4219	1	0	0603	1.00	4150	22.02.10	09:55	1	30	4150	4150	00	5902249011074	0	0	0	0	0	0	0	0
$1	1645	4219	1	0	0604	1.00	4050	22.02.10	09:55	1	30	4050	4050	00	5902249011081	0	0	0	0	0	0	0	0
$1	1645	4219	2	0	2350	1.00	700	22.02.10	09:55	1	30	700	700	00	0000015023506	0	0	0	0	0	0	0	0
$1	1645	4219	3	0	0987	1.00	950	22.02.10	09:55	1	30	950	950	00	0000005009879	0	0	0	0	0	0	0	0
$1	1645	4219	4	0	0002	1.000	780	22.02.10	09:55	1	30	780	780	00	0000000000000	0	0	0	0	0	0	0	0
$1	1645	4220	1	0	0041	1.000	1750	22.02.10	10:38	1	30	1750	1750	00	0000000000000	0	0	0	0	0	0	0	0
$1	1645	4220	2	0	2053	1.00	2550	22.02.10	10:38	1	30	2550	2550	00	0000011020530	0	0	0	0	0	0	0	0
$1	1645	4221	1	0	1800	1.00	2650	22.02.10	10:43	1	30	2650	2650	00	0000008018007	0	0	0	0	0	0	0	0
$1	1645	4221	2	0	1799	1.00	2590	22.02.10	10:43	1	30	2590	2590	00	0000008017994	0	0	0	0	0	0	0	0
$1	1645	4222	1	0	1165	1.00	490	22.02.10	10:46	2	30	490	490	00	5909994311169	0	0	0	0	0	0	0	0
$1	1645	4223	1	0	3019	1.00	2650	22.02.10	10:55	1	30	2650	2650	00	0000016030190	0	0	0	0	0	0	0	0
$1	1645	4224	1	0	3798	1.00	2000	22.02.10	11:08	1	30	2000	2890	00	0000025037982	0	0	0	0	0	0	0	1
$1	1645	4225	1	0	3699	1.00	2000	22.02.10	11:08	1	30	2000	2890	00	0000025036992	0	0	0	0	0	0	0	1
$1	1645	4226	1	0	0002	1.000	660	22.02.10	11:23	1	30	660	660	00	0000000000000	0	0	0	0	0	0	0	0
$1	1645	4227	1	0	1398	1.00	2950	22.02.10	11:57	2	30	2950	2950	00	0000006013981	0	0	0	0	0	0	0	0
$1	1645	4228	1	0	2955	1.00	4590	22.02.10	12:18	1	30	4590	4590	00	0000001029550	0	0	0	0	0	0	0	0
$10	1645	4229	1	0	1230	2.00	900	22.02.10	12:54	2	30	900	900	00	5909994310766	0	0	0	0	0	0	0	0
$1	1645	4229	1	0	1191	2.00	900	22.02.10	12:54	2	30	900	900	00	5909990628490	0	0	0	0	0	0	0	0
$1	1645	4229	2	0	1230	1.00	450	22.02.10	12:54	2	30	450	450	00	5909994310766	0	0	0	0	0	0	0	0
$1	1645	4229	3	0	3901	1.00	950	22.02.10	12:54	1	30	950	950	00	0000028039013	0	0	0	0	0	0	0	0
$1	1645	4230	1	0	2391	2.00	5780	22.02.10	13:15	1	30	5780	5780	00	0000016023918	0	0	0	0	0	0	0	0
$1	1645	4231	1	0	2053	2.00	5100	22.02.10	13:38	1	30	5100	5100	00	0000011020530	0	0	0	0	0	0	0	0
$1	1645	4231	2	0	2050	1.00	2550	22.02.10	13:38	1	30	2550	2550	00	0000011020509	0	0	0	0	0	0	0	0
$1	1645	4232	1	0	0550	1.00	259	22.02.10	13:58	1	30	259	2590	00	5902249010367	0	0	0	0	0	0	0	1
$1	1645	4233	1	0	2433	1.00	2850	22.02.10	14:07	1	30	2850	2850	00	0000016024335	0	0	0	0	0	0	0	0
$1	1645	4233	2	0	3446	1.00	3550	22.02.10	14:07	1	30	3550	3550	00	0000016034464	0	0	0	0	0	0	0	0
$1	1645	4233	3	0	1589	1.00	1350	22.02.10	14:07	1	30	1350	1350	00	0000007015892	0	0	0	0	0	0	0	0
$1	1645	4234	1	0	0988	2.00	1580	22.02.10	14:11	1	30	1580	1580	00	0000005009886	0	0	0	0	0	0	0	0
$1	1645	4235	1	0	2053	2.00	5100	22.02.10	14:20	1	30	5100	5100	00	0000011020530	0	0	0	0	0	0	0	0
$1	1645	4235	2	0	1374	1.00	1850	22.02.10	14:20	1	30	1850	1850	00	0000006013745	0	0	0	0	0	0	0	0
$1	1645	4236	1	0	3999	1.00	2750	22.02.10	14:30	1	30	2750	2750	00	0000031039994	0	0	0	0	0	0	0	0
$1	1645	4237	1	0	1055	1.00	950	22.02.10	14:32	3	30	950	950	00	0000005010554	0	0	0	0	0	0	0	0
$1	1645	4238	1	0	3487	1.00	1890	22.02.10	14:45	1	30	1890	1890	00	0000001034875	0	0	0	0	0	0	0	0
$1	1645	4238	2	0	0738	1.00	7600	22.02.10	14:45	1	30	7600	7600	00	0000003007389	0	0	0	0	0	0	0	0
$1	1645	4238	3	0	0571	1.00	1290	22.02.10	14:45	1	30	1290	1290	00	5902249011142	0	0	0	0	0	0	0	0
$1	1645	4238	4	0	3462	1.00	4950	22.02.10	14:45	1	30	4950	4950	00	0000014034626	0	0	0	0	0	0	0	0
$1	1645	4239	1	0	1629	1.00	2690	22.02.10	14:58	1	30	2690	2690	00	0000007016295	0	0	0	0	0	0	0	0
$1	1645	4239	2	0	0012	1.000	1640	22.02.10	14:58	1	30	1640	1640	00	0000000000000	0	0	0	0	0	0	0	0
$1	1645	4239	3	0	3013	1.00	1890	22.02.10	14:58	1	30	1890	1890	00	5900168908093	0	0	0	0	0	0	0	0
$1	1645	4240	1	0	2293	1.00	3950	22.02.10	15:07	1	30	3950	3950	00	0000014022937	0	0	0	0	0	0	0	0
$1	1645	4240	2	0	3337	1.00	1850	22.02.10	15:07	1	30	1850	1850	00	5900168908192	0	0	0	0	0	0	0	0
$1	1645	4241	1	0	0816	1.00	6590	22.02.10	15:33	1	30	6590	6590	00	0000024008167	0	0	0	0	0	0	0	0
$1	1645	4242	1	0	3642	1.00	8950	22.02.10	16:48	1	30	8950	8950	00	0000018036428	0	0	0	0	0	0	0	0
$1	1645	4242	2	0	3231	1.00	10900	22.02.10	16:48	1	30	10900	10900	00	0000018032314	0	0	0	0	0	0	0	0
$1	1645	4242	3	0	0881	1.00	5490	22.02.10	16:48	1	30	5490	5490	00	0000004008811	0	0	0	0	0	0	0	0
$1	1645	4243	1	0	1291	1.00	5450	22.02.10	16:53	3	30	5450	5450	00	0000006012915	0	0	0	0	0	0	0	0
$1	1645	4243	2	0	0002	1.000	2950	22.02.10	16:53	1	30	2950	2950	00	0000000000000	0	0	0	0	0	0	0	0
$1	1645	4243	3	0	3939	1.00	1490	22.02.10	16:53	1	30	1490	1490	00	0000031039390	0	0	0	0	0	0	0	0
$1	1645	4243	4	0	0774	1.00	3700	22.02.10	16:53	1	30	3700	3700	00	0000003007747	0	0	0	0	0	0	0	0
$1	1645	4244	1	0	1291	1.00	5450	22.02.10	16:56	3	30	5450	5450	00	0000006012915	0	0	0	0	0	0	0	0
$1	1645	4244	2	0	3651	1.00	2712	22.02.10	16:56	1	30	2712	3190	00	0000009036512	0	0	0	0	0	0	0	1
$1	1645	4245	1	0	0728	1.00	56	22.02.10	17:32	1	30	5590	5590	00	0000003007280	0	1	0	0	0	0	0	0
$1	1645	4245	2	0	2754	1.00	44	22.02.10	17:32	1	30	4400	4400	00	0000024027540	0	1	0	0	0	0	0	0
$1	1645	4245	3	0	2754	1.00	44	22.02.10	17:32	1	30	4400	4400	00	0000024027540	0	1	0	0	0	0	0	0
$1	1645	4245	4	0	0727	1.00	83	22.02.10	17:32	1	30	8250	8250	00	0000003007273	0	1	0	0	0	0	0	0
$1	1645	4245	5	0	0787	1.00	40	22.02.10	17:32	1	30	3950	3950	00	0000003007877	0	1	0	0	0	0	0	0
$1	1645	4245	6	0	0734	1.00	48	22.02.10	17:32	1	30	4750	4750	00	0000003007341	0	1	0	0	0	0	0	0
$1	1645	4245	7	0	0463	1.00	25	22.02.10	17:32	1	30	2450	2450	00	5907502687249	0	1	0	0	0	0	0	0
$1	1645	4245	8	0	0528	1.00	23	22.02.10	17:32	1	30	2290	2290	00	5907502687881	0	1	0	0	0	0	0	0
$1	1645	4245	9	0	3464	1.00	59	22.02.10	17:32	1	30	5900	5900	00	0000003034644	0	1	0	0	0	0	0	0
$1	1646	4247	1	0	1183	1.00	650	22.02.11	10:00	2	30	650	650	00	5909990628414	0	0	0	0	0	0	0	0
$1	1646	4247	2	0	1249	1.00	790	22.02.11	10:00	2	30	790	790	00	5909994310667	0	0	0	0	0	0	0	0
$1	1646	4248	1	0	0231	1.000	300	22.02.11	10:46	1	30	300	300	00	0000000000000	0	0	0	0	0	0	0	0
$1	1646	4249	1	0	3462	1.00	4950	22.02.11	11:16	1	30	4950	4950	00	0000014034626	0	0	0	0	0	0	0	0
$1	1646	4250	1	0	1375	1.00	1850	22.02.11	12:33	1	30	1850	1850	00	0000006013752	0	0	0	0	0	0	0	0
$1	1646	4251	1	0	3901	1.00	95	22.02.11	14:54	1	30	95	950	00	0000028039013	0	0	0	0	0	0	0	1
$1	1646	4252	1	0	0710	1.00	2150	22.02.11	16:06	1	30	2150	2150	00	0000003007105	0	0	0	0	0	0	0	0
$1	1646	4253	1	0	1537	1.00	1850	22.02.11	16:14	3	30	1850	1850	00	5907804205035	0	0	0	0	0	0	0	0
$1	1646	4253	2	0	1543	1.00	4750	22.02.11	16:14	3	30	4750	4750	00	5907804205073	0	0	0	0	0	0	0	0
$1	1646	4253	3	0	1574	1.00	490	22.02.11	16:14	2	30	490	490	00	5906660817215	0	0	0	0	0	0	0	0
$12	1646	1	1	0	3152	1.00	2490	22.02.11	16:42	1	30	2490	2490	00	5902249015775	0	0	0	0	0	0	0	0
$12	1646	1	2	0	0557	1.00	140	22.02.11	16:42	1	30	140	2590	00	5902249010411	0	0	0	0	0	0	0	1
$12	1646	1	3	0	3651	1.00	2712	22.02.11	16:42	1	30	2712	3190	00	0000009036512	0	0	0	0	0	0	0	1
$10	1646	4255	1	0	3651	1.00	2712	22.02.11	16:44	1	30	2712	3190	00	0000009036512	0	0	0	0	0	0	0	1
$10	1646	4255	2	0	0557	1.00	100	22.02.11	16:44	1	30	100	2590	00	5902249010411	0	0	0	0	0	0	0	1
$1	1646	4255	1	0	3651	1.00	2712	22.02.11	16:44	1	30	2712	3190	00	0000009036512	0	0	0	0	0	0	0	1
$1	1646	4255	2	0	3152	1.00	2490	22.02.11	16:44	1	30	2490	2490	00	5902249015775	0	0	0	0	0	0	0	0
$1	1646	4255	3	0	0041	1.000	100	22.02.11	16:44	1	30	100	100	00	0000000000000	0	0	0	0	0	0	0	0
$1	1646	4256	1	0	0305	1.00	225	22.02.11	17:25	1	30	225	2250	00	5900168901544	0	0	0	0	0	0	0	1
$1	1647	4258	1	0	1850	1.00	9990	22.02.12	10:08	1	30	9990	9990	00	0000008018502	0	0	0	0	0	0	0	0
$1	1647	4259	1	0	3466	1.00	3750	22.02.12	10:28	1	30	3750	3750	00	0000024034661	0	0	0	0	0	0	0	0
$1	1647	4260	1	0	0065	1.000	300	22.02.12	10:49	1	30	300	300	00	0000000000000	0	0	0	0	0	0	0	0
$1	1647	4260	2	0	1230	1.00	450	22.02.12	10:49	2	30	450	450	00	5909994310766	0	0	0	0	0	0	0	0
$1	1647	4260	3	0	0603	1.00	4150	22.02.12	10:49	1	30	4150	4150	00	5902249011074	0	0	0	0	0	0	0	0
$1	1647	4260	4	0	0606	1.00	4290	22.02.12	10:49	1	30	4290	4290	00	5902249011104	0	0	0	0	0	0	0	0
$10	1647	4261	1	0	3776	1.00	1990	22.02.12	11:19	1	30	1990	1990	00	0000025037760	0	0	0	0	0	0	0	0
$1	1647	4261	1	0	2408	1.00	2950	22.02.12	11:19	1	30	2950	2950	00	0000016024083	0	0	0	0	0	0	0	0
$1	1647	4262	1	0	1183	1.00	650	22.02.12	11:34	2	30	650	650	00	5909990628414	0	0	0	0	0	0	0	0
$1	1647	4263	1	0	0938	1.00	2590	22.02.12	11:50	1	30	2590	2590	00	0000004009382	0	0	0	0	0	0	0	0
$1	1647	4264	1	0	0038	1.000	1290	22.02.12	11:55	1	30	1290	1290	00	0000000000000	0	0	0	0	0	0	0	0
$1	1647	4265	1	0	2433	1.00	2850	22.02.12	12:07	1	30	2850	2850	00	0000016024335	0	0	0	0	0	0	0	0
$1	1647	4266	1	0	0895	1.00	4400	22.02.12	12:24	1	30	4400	4400	00	0000004008958	0	0	0	0	0	0	0	0
$1	1647	4266	2	0	0894	1.00	4500	22.02.12	12:24	1	30	4500	4500	00	5902596416300	0	0	0	0	0	0	0	0
$1	1647	4267	1	0	1257	6.00	19800	22.02.12	12:28	1	30	19800	19800	00	0000024012577	0	0	0	0	0	0	0	0
$1	1647	4267	2	0	3501	6.00	17340	22.02.12	12:28	1	30	17340	17340	00	0000024035019	0	0	0	0	0	0	0	0
$1	1647	4268	1	0	3776	1.00	1990	22.02.12	12:30	1	30	1990	1990	00	0000025037760	0	0	0	0	0	0	0	0
$1	1647	4269	1	0	0460	1.00	2490	22.02.12	12:36	1	30	2490	2490	00	0000002004600	0	0	0	0	0	0	0	0
$1	1647	4269	2	0	1460	1.00	1950	22.02.12	12:36	1	30	1950	1950	00	0000034014608	0	0	0	0	0	0	0	0
$1	1647	4269	3	0	3652	1.00	2712	22.02.12	12:36	1	30	2712	3190	00	0000009036529	0	0	0	0	0	0	0	1
$1	1647	4269	4	0	1167	1.00	590	22.02.12	12:36	2	30	590	590	00	0000005011674	0	0	0	0	0	0	0	0
$1	1647	4269	5	0	0977	1.00	690	22.02.12	12:36	2	30	690	690	00	0000005009770	0	0	0	0	0	0	0	0
$1	1647	4270	1	0	2530	1.00	2250	22.02.12	12:42	2	30	2250	2250	00	0000017025300	0	0	0	0	0	0	0	0
$1	1647	4270	2	0	2350	2.00	1400	22.02.12	12:42	1	30	1400	1400	00	0000015023506	0	0	0	0	0	0	0	0
$1	1647	4270	3	0	0971	1.00	790	22.02.12	12:42	2	30	790	790	00	0000005009718	0	0	0	0	0	0	0	0
$1	1647	4270	4	0	1040	1.00	450	22.02.12	12:42	2	30	450	450	00	5906365702847	0	0	0	0	0	0	0	0
$1	1647	4270	5	0	1000	1.00	590	22.02.12	12:42	2	30	590	590	00	5906365702922	0	0	0	0	0	0	0	0
$1	1647	4270	6	0	1170	1.00	490	22.02.12	12:42	2	30	490	490	00	5909994311565	0	0	0	0	0	0	0	0
$1	1647	4270	7	0	1170	1.00	490	22.02.12	12:42	2	30	490	490	00	5909994311565	0	0	0	0	0	0	0	0
$1	1647	4270	8	0	1018	1.00	2290	22.02.12	12:42	2	30	2290	2290	00	5907752643019	0	0	0	0	0	0	0	0
$1	1647	4270	9	0	1018	1.00	2290	22.02.12	12:42	2	30	2290	2290	00	5907752643019	0	0	0	0	0	0	0	0
$1	1647	4270	10	0	0982	1.00	490	22.02.12	12:42	2	30	490	490	00	5907752643385	0	0	0	0	0	0	0	0
$1	1647	4271	1	0	2943	1.00	750	22.02.12	12:47	2	30	750	750	00	0000020029432	0	0	0	0	0	0	0	0
$1	1647	4272	1	0	3693	1.00	195	22.02.12	13:25	1	30	195	1950	00	0000025036930	0	0	0	0	0	0	0	1
$1	1648	4274	1	0	1689	1.00	2890	22.02.14	10:20	1	30	2890	2890	00	0000007016899	0	0	0	0	0	0	0	0
$1	1648	4274	2	0	0002	1.000	2990	22.02.14	10:20	1	30	2990	2990	00	0000000000000	0	0	0	0	0	0	0	0
$1	1648	4275	1	0	3651	1.00	2712	22.02.14	10:30	1	30	2712	3190	00	0000009036512	0	0	0	0	0	0	0	1
$1	1648	4275	2	0	3651	1.00	2712	22.02.14	10:30	1	30	2712	3190	00	0000009036512	0	0	0	0	0	0	0	1
$1	1648	4275	3	0	1573	2.00	980	22.02.14	10:30	2	30	980	980	00	5906660817208	0	0	0	0	0	0	0	0
$1	1648	4275	4	0	2944	2.00	1980	22.02.14	10:30	1	30	1980	1980	00	0000031029445	0	0	0	0	0	0	0	0
$1	1648	4276	1	0	1055	1.00	950	22.02.14	11:25	3	30	950	950	00	0000005010554	0	0	0	0	0	0	0	0
$1	1648	4277	1	0	0451	1.00	4250	22.02.14	11:30	1	30	4250	4250	00	5907502687102	0	0	0	0	0	0	0	0
$1	1648	4277	2	0	0470	1.00	3850	22.02.14	11:30	1	30	3850	3850	00	5907502687263	0	0	0	0	0	0	0	0
$1	1648	4277	3	0	3346	1.00	100	22.02.14	11:30	1	30	100	2890	00	5902249015850	0	0	0	0	0	0	0	1
$1	1648	4278	1	0	1574	1.00	490	22.02.14	11:32	2	30	490	490	00	5906660817215	0	0	0	0	0	0	0	0
$1	1648	4279	1	0	0012	1.000	1240	22.02.14	12:02	1	30	1240	1240	00	0000000000000	0	0	0	0	0	0	0	0
$1	1648	4280	1	0	3797	1.00	2000	22.02.14	12:49	1	30	2000	2790	00	0000025037975	0	0	0	0	0	0	0	1
$1	1648	4280	2	0	3793	1.00	350	22.02.14	12:49	1	30	350	350	00	0000025037937	0	0	0	0	0	0	0	0
$1	1648	4281	1	0	0002	1.000	1550	22.02.14	13:24	1	30	1550	1550	00	0000000000000	0	0	0	0	0	0	0	0
$1	1648	4281	2	0	1231	1.00	490	22.02.14	13:24	2	30	490	490	00	5909994310469	0	0	0	0	0	0	0	0
$1	1648	4281	3	0	3254	1.00	1190	22.02.14	13:24	1	30	1190	1190	00	0000022032546	0	0	0	0	0	0	0	0
$1	1648	4281	4	0	0684	1.00	4190	22.02.14	13:24	1	30	4190	4190	00	0000024006842	0	0	0	0	0	0	0	0
$1	1648	4282	1	0	2053	1.00	2550	22.02.14	13:29	1	30	2550	2550	00	0000011020530	0	0	0	0	0	0	0	0
$1	1648	4282	2	0	2350	1.00	700	22.02.14	13:29	1	30	700	700	00	0000015023506	0	0	0	0	0	0	0	0
$1	1648	4283	1	0	2323	1.00	45	22.02.14	13:30	1	30	45	4500	00	0000014023231	0	0	0	0	0	0	0	1
$1	1648	4284	1	0	3901	1.00	808	22.02.14	13:34	1	30	808	950	00	0000028039013	0	0	0	0	0	0	0	1
$1	1648	4284	2	0	3901	1.00	808	22.02.14	13:34	1	30	808	950	00	0000028039013	0	0	0	0	0	0	0	1
$1	1648	4284	3	0	3901	2.00	1900	22.02.14	13:34	1	30	1900	1900	00	0000028039013	0	0	0	0	0	0	0	0
$1	1648	4285	1	0	0526	1.00	3650	22.02.14	13:57	1	30	3650	3650	00	0000002005263	0	0	0	0	0	0	0	0
$1	1648	4285	2	0	0525	1.00	3650	22.02.14	13:57	1	30	3650	3650	00	5907502687676	0	0	0	0	0	0	0	0
$1	1648	4286	1	0	1044	1.00	450	22.02.14	14:13	3	30	450	450	00	5907752643552	0	0	0	0	0	0	0	0
$1	1648	4286	2	0	1170	1.00	490	22.02.14	14:13	2	30	490	490	00	5909994311565	0	0	0	0	0	0	0	0
$1	1648	4286	3	0	1183	1.00	650	22.02.14	14:13	2	30	650	650	00	5909990628414	0	0	0	0	0	0	0	0
$1	1648	4286	4	0	1179	1.00	800	22.02.14	14:13	2	30	800	800	00	5909994309524	0	0	0	0	0	0	0	0
$1	1648	4286	5	0	0996	1.00	590	22.02.14	14:13	2	30	590	590	00	5906365702076	0	0	0	0	0	0	0	0
$1	1648	4286	6	0	1233	1.00	700	22.02.14	14:13	2	30	700	700	00	5909990628223	0	0	0	0	0	0	0	0
$1	1648	4286	7	0	1012	1.00	890	22.02.14	14:13	2	30	890	890	00	5909994310865	0	0	0	0	0	0	0	0
$1	1648	4286	8	0	1179	1.00	800	22.02.14	14:13	2	30	800	800	00	5909994309524	0	0	0	0	0	0	0	0
$1	1648	4286	9	0	1181	1.00	450	22.02.14	14:13	2	30	450	450	00	5909994310964	0	0	0	0	0	0	0	0
$1	1648	4286	10	0	1230	1.00	450	22.02.14	14:13	2	30	450	450	00	5909994310766	0	0	0	0	0	0	0	0
$1	1648	4286	11	0	1170	1.00	490	22.02.14	14:13	2	30	490	490	00	5909994311565	0	0	0	0	0	0	0	0
$1	1648	4286	12	0	2464	1.00	390	22.02.14	14:13	3	30	390	390	00	0000020024642	0	0	0	0	0	0	0	0
$1	1648	4286	13	0	1179	1.00	800	22.02.14	14:13	2	30	800	800	00	5909994309524	0	0	0	0	0	0	0	0
$1	1648	4286	14	0	1165	1.00	490	22.02.14	14:13	2	30	490	490	00	5909994311169	0	0	0	0	0	0	0	0
$1	1648	4286	15	0	0951	1.00	550	22.02.14	14:13	3	30	550	550	00	5907752643569	0	0	0	0	0	0	0	0
$1	1648	4286	16	0	1230	1.00	450	22.02.14	14:13	2	30	450	450	00	5909994310766	0	0	0	0	0	0	0	0
$1	1648	4286	17	0	0996	2.00	1180	22.02.14	14:13	2	30	1180	1180	00	5906365702076	0	0	0	0	0	0	0	0
$1	1648	4287	1	0	2167	1.00	792	22.02.14	14:33	1	30	792	990	00	0000013021672	0	0	0	0	0	0	0	1
$10	1648	4288	1	0	0012	1.000	1440	22.02.14	14:37	1	30	1440	1440	00	0000000000000	0	0	0	0	0	0	0	0
$1	1648	4288	1	0	0012	1.000	1240	22.02.14	14:37	1	30	1240	1240	00	0000000000000	0	0	0	0	0	0	0	0
$1	1648	4289	1	0	3757	1.00	2000	22.02.14	15:54	1	30	2000	2850	00	0000025037579	0	0	0	0	0	0	0	1
$1	1648	4289	2	0	0462	1.00	2490	22.02.14	15:54	1	30	2490	2490	00	0000002004624	0	0	0	0	0	0	0	0
$1	1648	4289	3	0	0472	1.00	1290	22.02.14	15:54	1	30	1290	1290	00	5907502687300	0	0	0	0	0	0	0	0
$1	1648	4290	1	0	2759	1.00	2490	22.02.14	16:09	1	30	2490	2490	00	0000036027590	0	0	0	0	0	0	0	0
$1	1648	4290	2	0	4032	1.00	1090	22.02.14	16:09	1	30	1090	1090	00	0000031040327	0	0	0	0	0	0	0	0
$1	1648	4290	3	0	3483	1.00	1890	22.02.14	16:09	1	30	1890	1890	00	0000001034837	0	0	0	0	0	0	0	0
$1	1648	4290	4	0	2293	1.00	3950	22.02.14	16:09	1	30	3950	3950	00	0000014022937	0	0	0	0	0	0	0	0
$1	1648	4290	5	0	2024	1.00	2490	22.02.14	16:09	1	30	2490	2490	00	0000010020241	0	0	0	0	0	0	0	0
$1	1648	4291	1	0	2663	1.00	590	22.02.14	16:31	3	30	590	590	00	0000017026635	0	0	0	0	0	0	0	0
$1	1648	4292	1	0	0520	1.00	2990	22.02.14	16:38	1	30	2990	2990	00	5907502687737	0	0	0	0	0	0	0	0
$1	1648	4292	2	0	3346	1.00	100	22.02.14	16:38	1	30	100	2890	00	5902249015850	0	0	0	0	0	0	0	1
$1	1648	4293	1	0	2729	1.00	3390	22.02.14	16:39	2	30	3390	3390	00	0000017027298	0	0	0	0	0	0	0	0
$1	1648	4294	1	0	2051	1.00	9800	22.02.14	17:01	1	30	9800	9800	00	0000011020516	0	0	0	0	0	0	0	0
$1	1648	4294	2	0	2050	1.00	2550	22.02.14	17:01	1	30	2550	2550	00	0000011020509	0	0	0	0	0	0	0	0
$1	1648	4294	3	0	0664	1.00	2590	22.02.14	17:01	1	30	2590	2590	00	5902249014938	0	0	0	0	0	0	0	0
$1	1648	4294	4	0	0557	1.00	100	22.02.14	17:01	1	30	100	2590	00	5902249010411	0	0	0	0	0	0	0	1
$1	1648	4295	1	0	1586	1.00	1350	22.02.14	17:02	1	30	1350	1350	00	0000007015861	0	0	0	0	0	0	0	0
$1	1648	4295	2	0	2050	1.00	2550	22.02.14	17:02	1	30	2550	2550	00	0000011020509	0	0	0	0	0	0	0	0
$1	1648	4296	1	0	3319	1.00	1890	22.02.14	17:03	2	30	1890	1890	00	0000022033192	0	0	0	0	0	0	0	0
$1	1648	4297	1	0	3230	1.00	49	22.02.14	17:15	1	30	4850	4850	00	0000004032304	0	1	0	0	0	0	0	0
$1	1648	4297	2	0	3227	1.00	59	22.02.14	17:15	1	30	5850	5850	00	0000004032274	0	1	0	0	0	0	0	0
$1	1648	4298	1	0	2721	1.00	29	22.02.14	17:17	3	30	29	2890	00	0000017027212	0	0	0	0	0	0	0	1
$1	1649	4300	1	0	1231	1.00	490	22.02.15	09:37	2	30	490	490	00	5909994310469	0	0	0	0	0	0	0	0
$1	1649	4301	1	0	1011	2.00	1100	22.02.15	10:11	2	30	1100	1100	00	5906365702755	0	0	0	0	0	0	0	0
$1	1649	4301	2	0	2692	1.00	1050	22.02.15	10:11	3	30	1050	1050	00	0000017026925	0	0	0	0	0	0	0	0
$1	1649	4301	3	0	1560	1.00	4250	22.02.15	10:11	3	30	4250	4250	00	5907804205363	0	0	0	0	0	0	0	0
$1	1649	4301	4	0	1495	1.00	6950	22.02.15	10:11	3	30	6950	6950	00	0000007014956	0	0	0	0	0	0	0	0
$1	1649	4301	5	0	0182	1.000	780	22.02.15	10:11	2	30	780	780	00	0000000000000	0	0	0	0	0	0	0	0
$1	1649	4301	6	0	1189	1.00	590	22.02.15	10:11	2	30	590	590	00	5909994310711	0	0	0	0	0	0	0	0
$1	1649	4301	7	0	1203	1.00	590	22.02.15	10:11	2	30	590	590	00	0000005012039	0	0	0	0	0	0	0	0
$1	1649	4301	8	0	1218	2.00	1180	22.02.15	10:11	2	30	1180	1180	00	0000005012183	0	0	0	0	0	0	0	0
$1	1649	4302	1	0	3901	1.00	808	22.02.15	10:43	1	30	808	950	00	0000028039013	0	0	0	0	0	0	0	1
$1	1649	4302	2	0	3901	1.00	950	22.02.15	10:43	1	30	950	950	00	0000028039013	0	0	0	0	0	0	0	0
$1	1649	4302	3	0	1437	1.00	2850	22.02.15	10:43	1	30	2850	2850	00	0000034014370	0	0	0	0	0	0	0	0
$1	1649	4302	4	0	1714	1.00	4250	22.02.15	10:43	1	30	4250	4250	00	0000034017142	0	0	0	0	0	0	0	0
$1	1649	4302	5	0	0051	1.000	3650	22.02.15	10:43	1	30	3650	3650	00	0000000000000	0	0	0	0	0	0	0	0
$1	1649	4303	1	0	1341	1.00	1390	22.02.15	10:53	3	30	1390	1390	00	0000006013417	0	0	0	0	0	0	0	0
$1	1649	4304	1	0	1574	1.00	490	22.02.15	11:35	2	30	490	490	00	5906660817215	0	0	0	0	0	0	0	0
$1	1649	4304	2	0	1574	1.00	490	22.02.15	11:35	2	30	490	490	00	5906660817215	0	0	0	0	0	0	0	0
$1	1649	4304	3	0	1574	1.00	490	22.02.15	11:35	2	30	490	490	00	5906660817215	0	0	0	0	0	0	0	0
$1	1649	4304	4	0	1574	1.00	490	22.02.15	11:35	2	30	490	490	00	5906660817215	0	0	0	0	0	0	0	0
$1	1649	4305	1	0	3634	1.00	3650	22.02.15	11:53	1	30	3650	3650	00	0000008036346	0	0	0	0	0	0	0	0
$1	1649	4306	1	0	0468	1.00	1832	22.02.15	12:14	1	30	1832	2290	00	5907502687287	0	0	0	0	0	0	0	1
$1	1649	4307	1	0	2291	1.00	2390	22.02.15	12:41	1	30	2390	2390	00	0000014022913	0	0	0	0	0	0	0	0
$1	1649	4308	1	0	0617	1.00	2190	22.02.15	12:47	1	30	2190	2190	00	5902249011265	0	0	0	0	0	0	0	0
$1	1649	4308	2	0	2053	1.00	2550	22.02.15	12:47	1	30	2550	2550	00	0000011020530	0	0	0	0	0	0	0	0
$1	1649	4309	1	0	1249	2.00	1580	22.02.15	12:50	2	30	1580	1580	00	5909994310667	0	0	0	0	0	0	0	0
$1	1649	4310	1	0	0002	2.000	128	22.02.15	13:03	1	30	128	1280	00	0000000000000	0	0	0	0	0	0	0	1
$1	1649	4311	1	0	0002	1.000	660	22.02.15	13:31	1	30	660	660	00	0000000000000	0	0	0	0	0	0	0	0
$1	1649	4311	2	0	0002	1.000	560	22.02.15	13:31	1	30	560	560	00	0000000000000	0	0	0	0	0	0	0	0
$1	1649	4311	3	0	2350	3.00	2100	22.02.15	13:31	1	30	2100	2100	00	0000015023506	0	0	0	0	0	0	0	0
$1	1649	4312	1	0	1215	1.00	650	22.02.15	13:35	2	30	650	650	00	0000005012152	0	0	0	0	0	0	0	0
$10	1649	4313	1	0	1573	1.00	490	22.02.15	13:56	2	30	490	490	00	5906660817208	0	0	0	0	0	0	0	0
$10	1649	4313	2	0	1573	2.00	980	22.02.15	13:56	2	30	980	980	00	5906660817208	0	0	0	0	0	0	0	0
$1	1649	4313	1	0	1573	2.00	980	22.02.15	13:56	2	30	980	980	00	5906660817208	0	0	0	0	0	0	0	0
$1	1649	4314	1	0	3985	1.00	1250	22.02.15	14:37	1	30	1250	1250	00	0000031039857	0	0	0	0	0	0	0	0
$1	1649	4314	2	0	1107	1.00	450	22.02.15	14:37	2	30	450	450	00	5909994311466	0	0	0	0	0	0	0	0
$1	1649	4314	3	0	1055	2.00	1900	22.02.15	14:37	3	30	1900	1900	00	0000005010554	0	0	0	0	0	0	0	0
$1	1649	4315	1	0	0587	1.00	1290	22.02.15	14:49	1	30	1290	1290	00	5902249011166	0	0	0	0	0	0	0	0
$1	1649	4316	1	0	2814	1.00	6990	22.02.15	15:26	1	30	6990	6990	00	0000018028140	0	0	0	0	0	0	0	0
$1	1649	4316	2	0	0977	1.00	690	22.02.15	15:26	2	30	690	690	00	0000005009770	0	0	0	0	0	0	0	0
$1	1649	4317	1	0	1712	1.00	5990	22.02.15	15:34	1	30	5990	5990	00	0000034017128	0	0	0	0	0	0	0	0
$1	1650	4319	1	0	3445	1.00	4450	22.02.16	10:28	1	30	4450	4450	00	0000016034457	0	0	0	0	0	0	0	0
$1	1650	4320	1	0	3507	1.00	3550	22.02.16	10:42	1	30	3550	3550	00	0000024035071	0	0	0	0	0	0	0	0
$1	1650	4321	1	0	1716	1.00	3550	22.02.16	11:33	1	30	3550	3550	00	0000034017166	0	0	0	0	0	0	0	0
$1	1650	4321	2	0	1436	1.00	2850	22.02.16	11:33	1	30	2850	2850	00	0000034014363	0	0	0	0	0	0	0	0
$1	1650	4322	1	0	2228	1.00	1480	22.02.16	11:44	1	30	1480	1850	00	0000013022280	0	0	0	0	0	0	0	1
$1	1650	4323	1	0	3494	1.00	3650	22.02.16	12:15	1	30	3650	3650	00	0000024034944	0	0	0	0	0	0	0	0
$1	1650	4324	1	0	1215	2.00	1300	22.02.16	12:20	2	30	1300	1300	00	0000005012152	0	0	0	0	0	0	0	0
$1	1650	4324	2	0	1013	1.00	550	22.02.16	12:20	2	30	550	550	00	5909990628438	0	0	0	0	0	0	0	0
$1	1650	4324	3	0	2260	1.00	350	22.02.16	12:20	3	30	350	350	00	0000020022600	0	0	0	0	0	0	0	0
$1	1650	4325	1	0	0932	1.00	2600	22.02.16	12:40	1	30	2600	2600	00	0000004009320	0	0	0	0	0	0	0	0
$1	1650	4326	1	0	0012	1.000	1390	22.02.16	12:45	1	30	1390	1390	00	0000000000000	0	0	0	0	0	0	0	0
$1	1650	4327	1	0	2350	2.00	1400	22.02.16	13:10	1	30	1400	1400	00	0000015023506	0	0	0	0	0	0	0	0
$1	1650	4328	1	0	0601	1.00	2790	22.02.16	13:22	1	30	2790	2790	00	5902249010992	0	0	0	0	0	0	0	0
$1	1650	4329	1	0	1222	1.00	1190	22.02.16	13:28	2	30	1190	1190	00	5909990195626	0	0	0	0	0	0	0	0
$1	1650	4330	1	0	0471	1.00	3400	22.02.16	13:38	1	30	3400	3400	00	5907502687270	0	0	0	0	0	0	0	0
$1	1650	4330	2	0	2947	1.00	1690	22.02.16	13:38	1	30	1690	1690	00	0000031029476	0	0	0	0	0	0	0	0
$1	1650	4330	3	0	3239	1.00	850	22.02.16	13:38	1	30	850	850	00	0000025032390	0	0	0	0	0	0	0	0
$1	1650	4330	4	0	3346	1.00	100	22.02.16	13:38	1	30	100	2890	00	5902249015850	0	0	0	0	0	0	0	1
$1	1650	4331	1	0	3901	1.00	808	22.02.16	13:39	1	30	808	950	00	0000028039013	0	0	0	0	0	0	0	1
$1	1650	4332	1	0	3231	1.00	10900	22.02.16	14:30	1	30	10900	10900	00	0000018032314	0	0	0	0	0	0	0	0
$1	1650	4333	1	0	1040	2.00	900	22.02.16	14:56	2	30	900	900	00	5906365702847	0	0	0	0	0	0	0	0
$10	1650	4334	1	0	0624	1.00	3250	22.02.16	15:00	1	30	3250	3250	00	5902249011296	0	0	0	0	0	0	0	0
$10	1650	4334	2	0	3873	29.50	79355	22.02.16	15:00	1	30	79355	79355	00	5907618131018	0	0	0	0	0	0	0	0
$10	1650	4334	3	0	0026	1.000	2290	22.02.16	15:00	1	30	2290	2290	00	0000000000000	0	0	0	0	0	0	0	0
$1	1650	4334	1	0	0624	1.00	3250	22.02.16	15:00	1	30	3250	3250	00	5902249011296	0	0	0	0	0	0	0	0
$1	1650	4334	2	0	0026	1.000	2290	22.02.16	15:00	1	30	2290	2290	00	0000000000000	0	0	0	0	0	0	0	0
$1	1650	4334	3	0	3873	1.00	2690	22.02.16	15:00	1	30	2690	2690	00	5907618131018	0	0	0	0	0	0	0	0
$1	1650	4335	1	0	0467	1.00	2290	22.02.16	15:06	1	30	2290	2290	00	5907502687096	0	0	0	0	0	0	0	0
$1	1650	4335	2	0	0038	1.000	650	22.02.16	15:06	1	30	650	650	00	0000000000000	0	0	0	0	0	0	0	0
$1	1650	4335	3	0	0140	1.000	2770	22.02.16	15:06	1	30	2770	2770	00	0000000000000	0	0	0	0	0	0	0	0
$1	1650	4335	4	0	1854	1.00	9990	22.02.16	15:06	1	30	9990	9990	00	0000008018540	0	0	0	0	0	0	0	0
$1	1650	4335	5	0	3652	1.00	2712	22.02.16	15:06	1	30	2712	3190	00	0000009036529	0	0	0	0	0	0	0	1
$1	1650	4336	1	0	3720	1.00	1750	22.02.16	15:33	1	30	1750	1750	00	8691190965426	0	0	0	0	0	0	0	0
$1	1650	4336	2	0	0002	1.000	890	22.02.16	15:33	1	30	890	890	00	0000000000000	0	0	0	0	0	0	0	0
$1	1650	4336	3	0	3371	1.00	600	22.02.16	15:33	2	30	600	600	00	0000005033713	0	0	0	0	0	0	0	0
$1	1650	4337	1	0	3390	1.00	3090	22.02.16	16:00	1	30	3090	3090	00	0000023033900	0	0	0	0	0	0	0	0
$1	1650	4337	2	0	0647	1.00	3090	22.02.16	16:00	1	30	3090	3090	00	5902249012125	0	0	0	0	0	0	0	0
$1	1650	4337	3	0	3482	1.00	1890	22.02.16	16:00	1	30	1890	1890	00	0000001034820	0	0	0	0	0	0	0	0
$1	1650	4337	4	0	0001	1.000	790	22.02.16	16:00	1	30	790	790	00	0000000000000	0	0	0	0	0	0	0	0
$1	1650	4338	1	0	1495	1.00	695	22.02.16	16:36	3	30	6950	6950	00	0000007014956	0	1	0	0	0	0	0	0
$1	1650	4338	2	0	2729	1.00	339	22.02.16	16:36	2	30	3390	3390	00	0000017027298	0	1	0	0	0	0	0	0
$1	1650	4338	3	0	1112	1.00	69	22.02.16	16:36	2	30	690	690	00	5906365702267	0	1	0	0	0	0	0	0
$1	1650	4338	4	0	0972	1.00	45	22.02.16	16:36	3	30	450	450	00	5906365702359	0	1	0	0	0	0	0	0
$1	1650	4338	5	0	2476	1.00	39	22.02.16	16:36	2	30	390	390	00	0000020024765	0	1	0	0	0	0	0	0
$1	1650	4339	1	0	0209	1.000	3990	22.02.16	16:47	1	30	3990	3990	00	0000000000000	0	0	0	0	0	0	0	0
$1	1650	4339	2	0	0868	1.00	5490	22.02.16	16:47	1	30	5490	5490	00	0000004008682	0	0	0	0	0	0	0	0
$1	1650	4339	3	0	2053	4.00	10200	22.02.16	16:47	1	30	10200	10200	00	0000011020530	0	0	0	0	0	0	0	0
$1	1650	4340	1	0	0182	1.000	760	22.02.16	17:19	2	30	760	760	00	0000000000000	0	0	0	0	0	0	0	0
$1	1650	4340	2	0	0182	1.000	720	22.02.16	17:19	2	30	720	720	00	0000000000000	0	0	0	0	0	0	0	0
$1	1651	4344	1	0	1226	1.00	490	22.02.17	09:33	2	30	490	490	00	5909990219025	0	0	0	0	0	0	0	0
$1	1651	4344	2	0	1226	1.00	490	22.02.17	09:33	2	30	490	490	00	5909990219025	0	0	0	0	0	0	0	0
$1	1651	4345	1	0	0372	1.00	15	22.02.17	09:50	1	30	15	1450	00	5906874565278	0	0	0	0	0	0	0	1
$1	1651	4346	1	0	1199	2.00	1180	22.02.17	10:13	2	30	1180	1180	00	5909990195527	0	0	0	0	0	0	0	0
$1	1651	4346	2	0	1170	2.00	980	22.02.17	10:13	2	30	980	980	00	5909994311565	0	0	0	0	0	0	0	0
$1	1651	4346	3	0	1093	1.00	700	22.02.17	10:13	2	30	700	700	00	5906365702212	0	0	0	0	0	0	0	0
$1	1651	4347	1	0	3780	1.00	2050	22.02.17	11:42	1	30	2050	2050	00	0000025037807	0	0	0	0	0	0	0	0
$1	1651	4348	1	0	0463	1.00	2450	22.02.17	11:46	1	30	2450	2450	00	5907502687249	0	0	0	0	0	0	0	0
$1	1651	4348	2	0	2053	1.00	2550	22.02.17	11:46	1	30	2550	2550	00	0000011020530	0	0	0	0	0	0	0	0
$1	1651	4349	1	0	2350	2.00	1400	22.02.17	12:06	1	30	1400	1400	00	0000015023506	0	0	0	0	0	0	0	0
$10	1651	4350	1	0	1011	1.00	550	22.02.17	12:53	2	30	550	550	00	5906365702755	0	0	0	0	0	0	0	0
$10	1651	4350	2	0	1212	1.00	590	22.02.17	12:53	2	30	590	590	00	5909994310629	0	0	0	0	0	0	0	0
$10	1651	4350	3	0	1154	1.00	550	22.02.17	12:53	2	30	550	550	00	5909994312067	0	0	0	0	0	0	0	0
$1	1651	4350	1	0	1154	1.00	550	22.02.17	12:53	2	30	550	550	00	5909994312067	0	0	0	0	0	0	0	0
$1	1651	4350	2	0	1212	1.00	590	22.02.17	12:53	2	30	590	590	00	5909994310629	0	0	0	0	0	0	0	0
$1	1651	4351	1	0	3464	1.00	5900	22.02.17	14:56	1	30	5900	5900	00	0000003034644	0	0	0	0	0	0	0	0
$1	1651	4351	2	0	1765	1.00	6050	22.02.17	14:56	1	30	6050	6050	00	5711914159436	0	0	0	0	0	0	0	0
$1	1651	4351	3	0	1751	1.00	4550	22.02.17	14:56	1	30	4550	4550	00	0000008017512	0	0	0	0	0	0	0	0
$1	1651	4351	4	0	0112	1.000	740	22.02.17	14:56	1	30	740	740	00	0000000000000	0	0	0	0	0	0	0	0
$1	1651	4351	5	0	0231	1.000	300	22.02.17	14:56	1	30	300	300	00	0000000000000	0	0	0	0	0	0	0	0
$1	1651	4351	6	0	1718	1.00	3650	22.02.17	14:56	1	30	3650	3650	00	0000034017180	0	0	0	0	0	0	0	0
$1	1651	4352	1	0	3901	1.00	950	22.02.17	15:52	1	30	950	950	00	0000028039013	0	0	0	0	0	0	0	0
$1	1651	4353	1	0	0787	1.00	40	22.02.17	16:35	1	30	3950	3950	00	0000003007877	0	1	0	0	0	0	0	0
$1	1651	4353	2	0	0778	1.00	39	22.02.17	16:35	1	30	3900	3900	00	0000003007785	0	1	0	0	0	0	0	0
$1	1651	4353	3	0	0532	1.00	28	22.02.17	16:35	1	30	2790	2790	00	5907502687874	0	1	0	0	0	0	0	0
$1	1651	4353	4	0	1762	1.00	64	22.02.17	16:35	1	30	6350	6350	00	5711914160036	0	1	0	0	0	0	0	0
$1	1651	4353	5	0	3345	1.00	23	22.02.17	16:35	1	30	2290	2290	00	5902249015966	0	1	0	0	0	0	0	0
$1	1652	4355	1	0	3694	1.00	2000	22.02.18	09:34	1	30	2000	2650	00	0000025036947	0	0	0	0	0	0	0	1
$1	1652	4356	1	0	0456	1.00	4350	22.02.18	09:37	1	30	4350	4350	00	5907502687195	0	0	0	0	0	0	0	0
$1	1652	4357	1	0	2607	1.00	1990	22.02.18	10:04	2	30	1990	1990	00	0000017026079	0	0	0	0	0	0	0	0
$1	1652	4358	1	0	0541	1.00	2990	22.02.18	10:07	1	30	2990	2990	00	0000002005416	0	0	0	0	0	0	0	0
$1	1652	4359	1	0	0962	2.00	2100	22.02.18	12:28	2	30	2100	2100	00	0000005009626	0	0	0	0	0	0	0	0
$1	1652	4359	2	0	2663	1.00	590	22.02.18	12:28	3	30	590	590	00	0000017026635	0	0	0	0	0	0	0	0
$1	1652	4359	3	0	0467	1.00	2290	22.02.18	12:28	1	30	2290	2290	00	5907502687096	0	0	0	0	0	0	0	0
$1	1652	4359	4	0	1689	1.00	2890	22.02.18	12:28	1	30	2890	2890	00	0000007016899	0	0	0	0	0	0	0	0
$1	1652	4359	5	0	3652	1.00	2712	22.02.18	12:28	1	30	2712	3190	00	0000009036529	0	0	0	0	0	0	0	1
$1	1652	4360	1	0	3913	1.00	2890	22.02.18	12:32	1	30	2890	2890	00	5902249016116	0	0	0	0	0	0	0	0
$1	1652	4361	1	0	3794	1.00	1350	22.02.18	12:41	1	30	1350	1350	00	0000025037944	0	0	0	0	0	0	0	0
$1	1652	4362	1	0	0541	1.00	2990	22.02.18	13:43	1	30	2990	2990	00	0000002005416	0	0	0	0	0	0	0	0
$1	1652	4362	2	0	0540	1.00	2490	22.02.18	13:43	1	30	2490	2490	00	5902249010091	0	0	0	0	0	0	0	0
$1	1652	4363	1	0	2952	1.00	1750	22.02.18	14:53	1	30	1750	1750	00	0000001029529	0	0	0	0	0	0	0	0
$1	1652	4363	2	0	0361	1.00	1150	22.02.18	14:53	1	30	1150	1150	00	5905279370128	0	0	0	0	0	0	0	0
$1	1652	4363	3	0	2024	1.00	2490	22.02.18	14:53	1	30	2490	2490	00	0000010020241	0	0	0	0	0	0	0	0
$1	1652	4363	4	0	2053	1.00	2168	22.02.18	14:53	1	30	2168	2550	00	0000011020530	0	0	0	0	0	0	0	1
$1	1652	4363	5	0	2053	1.00	2168	22.02.18	14:53	1	30	2168	2550	00	0000011020530	0	0	0	0	0	0	0	1
$1	1652	4364	1	0	3138	1.00	890	22.02.18	15:45	2	30	890	890	00	0000020031381	0	0	0	0	0	0	0	0
$1	1652	4365	1	0	1185	1.00	590	22.02.18	16:08	2	30	590	590	00	5909990628391	0	0	0	0	0	0	0	0
$1	1652	4366	1	0	1133	1.00	750	22.02.18	16:27	4	30	750	750	00	0000005011339	0	0	0	0	0	0	0	0
$1	1652	4367	1	0	1443	1.00	1790	22.02.18	16:37	1	30	1790	1790	00	0000034014431	0	0	0	0	0	0	0	0
$1	1652	4367	2	0	0472	1.00	1290	22.02.18	16:37	1	30	1290	1290	00	5907502687300	0	0	0	0	0	0	0	0
$1	1653	4372	1	0	1881	1.00	4950	22.02.19	09:32	1	30	4950	4950	00	0000008018816	0	0	0	0	0	0	0	0
$1	1653	4373	1	0	3516	1.00	3590	22.02.19	10:45	1	30	3590	3590	00	0000024035163	0	0	0	0	0	0	0	0
$1	1653	4373	2	0	1254	1.00	3650	22.02.19	10:45	1	30	3650	3650	00	0000024012546	0	0	0	0	0	0	0	0
$1	1653	4373	3	0	0373	1.00	1450	22.02.19	10:45	1	30	1450	1450	00	5906874565285	0	0	0	0	0	0	0	0
$1	1653	4373	4	0	3100	1.00	590	22.02.19	10:45	2	30	590	590	00	0000020031008	0	0	0	0	0	0	0	0
$1	1653	4373	5	0	1529	1.00	5590	22.02.19	10:45	3	30	5590	5590	00	0000007015298	0	0	0	0	0	0	0	0
$1	1653	4374	1	0	0698	1.00	4690	22.02.19	10:49	1	30	4690	4690	00	0000024006989	0	0	0	0	0	0	0	0
$1	1653	4374	2	0	1462	1.00	1590	22.02.19	10:49	1	30	1590	1590	00	0000034014622	0	0	0	0	0	0	0	0
$1	1653	4374	3	0	2947	1.00	1690	22.02.19	10:49	1	30	1690	1690	00	0000031029476	0	0	0	0	0	0	0	0
$1	1653	4375	1	0	1151	1.00	490	22.02.19	11:10	2	30	490	490	00	5909990468126	0	0	0	0	0	0	0	0
$1	1653	4375	2	0	1149	1.00	490	22.02.19	11:10	2	30	490	490	00	5909994311961	0	0	0	0	0	0	0	0
$1	1653	4375	3	0	1106	1.00	550	22.02.19	11:10	2	30	550	550	00	5906365702960	0	0	0	0	0	0	0	0
$1	1653	4375	4	0	1106	1.00	550	22.02.19	11:10	2	30	550	550	00	5906365702960	0	0	0	0	0	0	0	0
$1	1653	4375	5	0	1149	1.00	490	22.02.19	11:10	2	30	490	490	00	5909994311961	0	0	0	0	0	0	0	0
$1	1653	4375	6	0	1249	1.00	790	22.02.19	11:10	2	30	790	790	00	5909994310667	0	0	0	0	0	0	0	0
$1	1653	4375	7	0	1220	1.00	1450	22.02.19	11:10	2	30	1450	1450	00	5909994338326	0	0	0	0	0	0	0	0
$1	1653	4375	8	0	1220	1.00	1450	22.02.19	11:10	2	30	1450	1450	00	5909994338326	0	0	0	0	0	0	0	0
$1	1653	4376	1	0	2350	2.00	1400	22.02.19	11:13	1	30	1400	1400	00	0000015023506	0	0	0	0	0	0	0	0
$1	1653	4377	1	0	2350	3.00	2100	22.02.19	11:26	1	30	2100	2100	00	0000015023506	0	0	0	0	0	0	0	0
$1	1653	4378	1	0	3067	1.00	1350	22.02.19	11:54	1	30	1350	1350	00	0000020030674	0	0	0	0	0	0	0	0
$1	1653	4378	2	0	0182	1.000	1240	22.02.19	11:54	2	30	1240	1240	00	0000000000000	0	0	0	0	0	0	0	0
$1	1653	4378	3	0	1815	1.00	2150	22.02.19	11:54	1	30	2150	2150	00	5711914066239	0	0	0	0	0	0	0	0
$1	1653	4379	1	0	0501	1.00	2590	22.02.19	11:58	1	30	2590	2590	00	5907502687577	0	0	0	0	0	0	0	0
$1	1653	4379	2	0	3346	1.00	100	22.02.19	11:58	1	30	100	2890	00	5902249015850	0	0	0	0	0	0	0	1
$1	1653	4379	3	0	3901	1.00	950	22.02.19	11:58	1	30	950	950	00	0000028039013	0	0	0	0	0	0	0	0
$1	1653	4379	4	0	3931	1.00	1350	22.02.19	11:58	1	30	1350	1350	00	0000031039314	0	0	0	0	0	0	0	0
$1	1653	4379	5	0	0203	1.000	1318	22.02.19	11:58	1	30	1318	1550	00	0000000000000	0	0	0	0	0	0	0	1
$1	1653	4380	1	0	2053	2.00	5100	22.02.19	12:02	1	30	5100	5100	00	0000011020530	0	0	0	0	0	0	0	0
$1	1653	4380	2	0	0563	1.00	3250	22.02.19	12:02	1	30	3250	3250	00	0000002005638	0	0	0	0	0	0	0	0
$1	1653	4381	1	0	0314	1.00	1701	22.02.19	12:13	1	30	1890	1890	00	5900168905658	0	1	0	0	0	0	0	0
$1	1653	4381	2	0	0310	1.00	1665	22.02.19	12:13	1	30	1850	1850	00	5903111747015	0	1	0	0	0	0	0	0
$1	1653	4381	3	0	3345	1.00	2061	22.02.19	12:13	1	30	2290	2290	00	5902249015966	0	1	0	0	0	0	0	0
$1	1653	4381	4	0	0499	1.00	2655	22.02.19	12:13	1	30	2950	2950	00	5907502687553	0	1	0	0	0	0	0	0
$1	1653	4381	5	0	0046	1.000	1431	22.02.19	12:13	1	30	1590	1590	00	0000000000000	0	1	0	0	0	0	0	0
$1	1653	4381	6	0	0038	1.000	1278	22.02.19	12:13	1	30	1420	1420	00	0000000000000	0	1	0	0	0	0	0	0
$1	1653	4381	7	0	0502	1.00	2151	22.02.19	12:13	1	30	2390	2390	00	5907502687522	0	1	0	0	0	0	0	0
$1	1653	4381	8	0	0503	1.00	2151	22.02.19	12:13	1	30	2390	2390	00	5907502687539	0	1	0	0	0	0	0	0
$1	1653	4381	9	0	1833	1.00	1935	22.02.19	12:13	1	30	2150	2150	00	0000008018335	0	1	0	0	0	0	0	0
$1	1653	4381	10	0	3363	1.00	441	22.02.19	12:13	2	30	490	490	00	0000022033635	0	1	0	0	0	0	0	0
$1	1653	4381	11	0	2697	1.00	2565	22.02.19	12:13	3	30	2850	2850	00	0000017026970	0	1	0	0	0	0	0	0
$1	1653	4381	12	0	2759	1.00	2241	22.02.19	12:13	1	30	2490	2490	00	0000036027590	0	1	0	0	0	0	0	0
$1	1653	4381	13	0	1881	1.00	4455	22.02.19	12:13	1	30	4950	4950	00	5711914172794	0	1	0	0	0	0	0	0
$1	1653	4381	14	0	0972	1.00	351	22.02.19	12:13	4	30	390	390	00	5906365702359	0	1	0	0	0	0	0	0
$1	1653	4381	15	0	0243	1.000	1071	22.02.19	12:13	1	30	1190	1190	00	0000000000000	0	1	0	0	0	0	0	0
$1	1653	4381	16	0	0049	1.000	243	22.02.19	12:13	1	30	270	270	00	0000000000000	0	1	0	0	0	0	0	0
$1	1653	4381	17	0	2828	1.00	9945	22.02.19	12:13	1	30	11050	11050	00	6412600802283	0	1	0	0	0	0	0	0
$1	1653	4381	18	0	2826	1.00	9081	22.02.19	12:13	1	30	10090	10090	00	6412600802207	0	1	0	0	0	0	0	0
$1	1653	4381	19	0	3993	1.00	1845	22.02.19	12:13	1	30	2050	2050	00	0000031039932	0	1	0	0	0	0	0	0
$1	1653	4381	20	0	1731	1.00	7605	22.02.19	12:13	1	30	8450	8450	00	0000008017314	0	1	0	0	0	0	0	0
$1	1653	4381	21	0	3985	1.00	1125	22.02.19	12:13	1	30	1250	1250	00	0000031039857	0	1	0	0	0	0	0	0
$1	1653	4381	22	0	3999	1.00	2475	22.02.19	12:13	1	30	2750	2750	00	0000031039994	0	1	0	0	0	0	0	0
$1	1653	4381	23	0	3969	1.00	1215	22.02.19	12:13	1	30	1350	1350	00	0000031039697	0	1	0	0	0	0	0	0
$1	1653	4382	1	0	3154	1.00	3550	22.02.19	12:20	1	30	3550	3550	00	5902249015904	0	0	0	0	0	0	0	0
$1	1653	4382	2	0	0494	1.00	3500	22.02.19	12:20	1	30	3500	3500	00	5907502687409	0	0	0	0	0	0	0	0
$1	1653	4383	1	0	0445	1.00	2650	22.02.19	12:24	1	30	2650	2650	00	0000024004459	0	0	0	0	0	0	0	0
$1	1653	4383	2	0	0445	1.00	2650	22.02.19	12:24	1	30	2650	2650	00	0000024004459	0	0	0	0	0	0	0	0
$1	1653	4384	1	0	3456	1.00	2950	22.02.19	12:26	1	30	2950	2950	00	0000001034561	0	0	0	0	0	0	0	0
$1	1653	4384	2	0	2759	1.00	2490	22.02.19	12:26	1	30	2490	2490	00	0000036027590	0	0	0	0	0	0	0	0
$1	1653	4384	3	0	0864	1.00	5900	22.02.19	12:26	1	30	5900	5900	00	0000004008644	0	0	0	0	0	0	0	0
$1	1653	4385	1	0	2433	1.00	2850	22.02.19	12:44	1	30	2850	2850	00	0000016024335	0	0	0	0	0	0	0	0
$1	1653	4385	2	0	0317	1.00	1850	22.02.19	12:44	1	30	1850	1850	00	5905279370043	0	0	0	0	0	0	0	0
$1	1653	4385	3	0	2954	1.00	1750	22.02.19	12:44	1	30	1750	1750	00	5903760201234	0	0	0	0	0	0	0	0
$1	1653	4385	4	0	3650	1.00	2712	22.02.19	12:44	1	30	2712	3190	00	0000009036505	0	0	0	0	0	0	0	1
$1	1653	4386	1	0	2932	1.00	6950	22.02.19	12:55	1	30	6950	6950	00	0000034029329	0	0	0	0	0	0	0	0
$1	1653	4387	1	0	0012	1.000	1240	22.02.19	13:22	1	30	1240	1240	00	0000000000000	0	0	0	0	0	0	0	0
$1	1653	4388	1	0	0553	1.00	26	22.02.19	14:25	1	30	2590	2590	00	5902249010435	0	1	0	0	0	0	0	0
$1	1653	4388	2	0	0604	1.00	41	22.02.19	14:25	1	30	4050	4050	00	5902249011081	0	1	0	0	0	0	0	0
$1	1653	4388	3	0	0539	1.00	26	22.02.19	14:25	1	30	2590	2590	00	5902249010084	0	1	0	0	0	0	0	0
$1	1653	4388	4	0	0602	1.00	28	22.02.19	14:25	1	30	2790	2790	00	5902249010978	0	1	0	0	0	0	0	0
$1	1653	4388	5	0	3846	1.00	30	22.02.19	14:25	1	30	2990	2990	00	0000026038469	0	1	0	0	0	0	0	0
$1	1654	4392	1	0	1203	2.00	1180	22.02.22	09:36	2	30	1180	1180	00	5909990219612	0	0	0	0	0	0	0	0
$1	1654	4392	2	0	0977	2.00	1380	22.02.22	09:36	2	30	1380	1380	00	0000005009770	0	0	0	0	0	0	0	0
$1	1654	4393	1	0	2053	1.00	2550	22.02.22	09:48	1	30	2550	2550	00	0000011020530	0	0	0	0	0	0	0	0
$1	1654	4394	1	0	0034	1.000	1590	22.02.22	10:15	1	30	1590	1590	00	0000000000000	0	0	0	0	0	0	0	0
$1	1654	4395	1	0	0209	1.000	990	22.02.22	10:38	1	30	990	990	00	0000000000000	0	0	0	0	0	0	0	0
$1	1654	4395	2	0	1632	1.00	2390	22.02.22	10:38	1	30	2390	2390	00	0000007016325	0	0	0	0	0	0	0	0
$1	1654	4396	1	0	0996	1.00	590	22.02.22	10:50	2	30	590	590	00	5906365702076	0	0	0	0	0	0	0	0
$1	1654	4396	2	0	1232	1.00	450	22.02.22	10:50	2	30	450	450	00	5909990219520	0	0	0	0	0	0	0	0
$1	1654	4397	1	0	1011	1.00	550	22.02.22	11:04	2	30	550	550	00	5906365702755	0	0	0	0	0	0	0	0
$1	1654	4397	2	0	1054	1.00	490	22.02.22	11:04	4	30	490	490	00	5907752643873	0	0	0	0	0	0	0	0
$1	1654	4397	3	0	1112	2.00	1380	22.02.22	11:04	2	30	1380	1380	00	5906365702267	0	0	0	0	0	0	0	0
$1	1654	4397	4	0	1107	3.00	1350	22.02.22	11:04	2	30	1350	1350	00	5909994311466	0	0	0	0	0	0	0	0
$1	1654	4398	1	0	0441	1.00	2750	22.02.22	11:28	1	30	2750	2750	00	0000024004411	0	0	0	0	0	0	0	0
$1	1654	4398	2	0	1133	1.00	750	22.02.22	11:28	4	30	750	750	00	0000005011339	0	0	0	0	0	0	0	0
$1	1654	4398	3	0	2484	1.00	390	22.02.22	11:28	3	30	390	390	00	0000020024840	0	0	0	0	0	0	0	0
$1	1654	4398	4	0	2350	1.00	700	22.02.22	11:28	1	30	700	700	00	0000015023506	0	0	0	0	0	0	0	0
$1	1654	4399	1	0	1191	2.00	90	22.02.22	11:54	2	30	900	900	00	5909990628490	0	1	0	0	0	0	0	0
$1	1654	4399	2	0	0976	1.00	159	22.02.22	11:54	2	30	1590	1590	00	0000005009763	0	1	0	0	0	0	0	0
$1	1654	4400	1	0	2933	1.00	6950	22.02.22	12:25	1	30	6950	6950	00	0000034029336	0	0	0	0	0	0	0	0
$1	1654	4400	2	0	3464	1.00	5900	22.02.22	12:25	1	30	5900	5900	00	0000003034644	0	0	0	0	0	0	0	0
$1	1654	4400	3	0	0203	1.000	2990	22.02.22	12:25	1	30	2990	2990	00	0000000000000	0	0	0	0	0	0	0	0
$1	1654	4400	4	0	0041	1.000	2190	22.02.22	12:25	1	30	2190	2190	00	0000000000000	0	0	0	0	0	0	0	0
$1	1654	4400	5	0	2759	1.00	2490	22.02.22	12:25	1	30	2490	2490	00	0000036027590	0	0	0	0	0	0	0	0
$1	1654	4400	6	0	2024	1.00	1990	22.02.22	12:25	1	30	1990	2490	00	0000010020241	0	0	0	0	0	0	0	1
$1	1654	4400	7	0	2024	1.00	1990	22.02.22	12:25	1	30	1990	2490	00	0000010020241	0	0	0	0	0	0	0	1
$1	1654	4401	1	0	0182	1.000	690	22.02.22	12:45	2	30	690	690	00	0000000000000	0	0	0	0	0	0	0	0
$1	1654	4401	2	0	0182	1.000	670	22.02.22	12:45	2	30	670	670	00	0000000000000	0	0	0	0	0	0	0	0
$1	1654	4402	1	0	0230	1.000	1190	22.02.22	12:52	1	30	1190	1190	00	0000000000000	0	0	0	0	0	0	0	0
$1	1654	4403	1	0	2024	1.00	1990	22.02.22	13:17	1	30	1990	2490	00	0000010020241	0	0	0	0	0	0	0	1
$1	1654	4403	2	0	2024	1.00	1990	22.02.22	13:17	1	30	1990	2490	00	0000010020241	0	0	0	0	0	0	0	1
$1	1654	4404	1	0	2024	1.00	1990	22.02.22	13:47	1	30	1990	2490	00	0000010020241	0	0	0	0	0	0	0	1
$1	1654	4404	2	0	2024	1.00	1990	22.02.22	13:47	1	30	1990	2490	00	0000010020241	0	0	0	0	0	0	0	1
$1	1654	4404	3	0	3729	1.00	750	22.02.22	13:47	1	30	750	750	00	0000025037296	0	0	0	0	0	0	0	0
$1	1654	4405	1	0	2940	1.00	2990	22.02.22	14:18	1	30	2990	2990	00	0000028029403	0	0	0	0	0	0	0	0
$1	1654	4405	2	0	2350	3.00	2100	22.02.22	14:18	1	30	2100	2100	00	0000015023506	0	0	0	0	0	0	0	0
$1	1654	4406	1	0	2272	1.00	4390	22.02.22	14:28	1	30	4390	4390	00	0000014022722	0	0	0	0	0	0	0	0
$1	1654	4406	2	0	0026	1.000	1490	22.02.22	14:28	1	30	1490	1490	00	0000000000000	0	0	0	0	0	0	0	0
$1	1654	4406	3	0	1341	1.00	1390	22.02.22	14:28	3	30	1390	1390	00	0000006013417	0	0	0	0	0	0	0	0
$1	1654	4406	4	0	0501	1.00	2590	22.02.22	14:28	1	30	2590	2590	00	5907502687577	0	0	0	0	0	0	0	0
$1	1654	4406	5	0	3346	1.00	100	22.02.22	14:28	1	30	100	2890	00	5902249015850	0	0	0	0	0	0	0	1
$1	1654	4407	1	0	0691	1.00	4950	22.02.22	14:32	1	30	4950	4950	00	0000024006910	0	0	0	0	0	0	0	0
$1	1654	4407	2	0	3496	1.00	3750	22.02.22	14:32	1	30	3750	3750	00	0000024034968	0	0	0	0	0	0	0	0
$1	1654	4408	1	0	0556	1.00	2790	22.02.22	14:36	1	30	2790	2790	00	5902249010404	0	0	0	0	0	0	0	0
$1	1654	4408	2	0	0557	1.00	100	22.02.22	14:36	1	30	100	2590	00	5902249010411	0	0	0	0	0	0	0	1
$1	1654	4409	1	0	3874	1.00	1250	22.02.22	14:41	1	30	1250	1250	00	0000026038742	0	0	0	0	0	0	0	0
$1	1654	4409	2	0	0026	1.000	1490	22.02.22	14:41	1	30	1490	1490	00	0000000000000	0	0	0	0	0	0	0	0
$1	1654	4410	1	0	1028	1.00	950	22.02.22	15:14	2	30	950	950	00	0000005010288	0	0	0	0	0	0	0	0
$1	1654	4411	1	0	3901	1.00	950	22.02.22	16:05	1	30	950	950	00	0000028039013	0	0	0	0	0	0	0	0
$1	1654	4411	2	0	3901	3.00	2850	22.02.22	16:05	1	30	2850	2850	00	0000028039013	0	0	0	0	0	0	0	0
$1	1654	4411	3	0	0331	1.00	1850	22.02.22	16:05	1	30	1850	1850	00	5900168908130	0	0	0	0	0	0	0	0
$1	1654	4412	1	0	0816	1.00	6590	22.02.22	16:29	1	30	6590	6590	00	0000024008167	0	0	0	0	0	0	0	0
$1	1654	4412	2	0	3540	1.00	5450	22.02.22	16:29	1	30	5450	5450	00	0000024035408	0	0	0	0	0	0	0	0
$1	1654	4412	3	0	3496	1.00	3750	22.02.22	16:29	1	30	3750	3750	00	0000024034968	0	0	0	0	0	0	0	0
$1	1654	4412	4	0	3496	1.00	3750	22.02.22	16:29	1	30	3750	3750	00	0000024034968	0	0	0	0	0	0	0	0
$1	1654	4412	5	0	1491	1.00	2790	22.02.22	16:29	3	30	2790	2790	00	5907804205301	0	0	0	0	0	0	0	0
$1	1654	4413	1	0	3791	1.00	1250	22.02.22	17:07	1	30	1250	1250	00	8691190069797	0	0	0	0	0	0	0	0
$1	1654	4414	1	0	0727	1.00	8250	22.02.22	17:33	1	30	8250	8250	00	0000003007273	0	0	0	0	0	0	0	0
$1	1654	4414	2	0	2390	1.00	1090	22.02.22	17:33	1	30	1090	1090	00	0000016023901	0	0	0	0	0	0	0	0
$1	1655	4417	1	0	1231	1.00	490	22.02.23	09:35	2	30	490	490	00	5909994310469	0	0	0	0	0	0	0	0
$1	1655	4418	1	0	1319	1.00	3850	22.02.23	09:36	1	30	3850	3850	00	0000006013196	0	0	0	0	0	0	0	0
$1	1655	4419	1	0	1112	1.00	690	22.02.23	10:07	2	30	690	690	00	5906365702267	0	0	0	0	0	0	0	0
$1	1655	4420	1	0	0026	1.000	1490	22.02.23	10:24	1	30	1490	1490	00	0000000000000	0	0	0	0	0	0	0	0
$1	1655	4421	1	0	3722	1.00	790	22.02.23	10:33	1	30	790	790	00	0000025037227	0	0	0	0	0	0	0	0
$1	1655	4422	1	0	1377	1.00	1850	22.02.23	11:42	1	30	1850	1850	00	0000006013776	0	0	0	0	0	0	0	0
$1	1655	4422	2	0	1378	1.00	1990	22.02.23	11:42	1	30	1990	1990	00	0000006013783	0	0	0	0	0	0	0	0
$1	1655	4422	3	0	2491	1.00	390	22.02.23	11:42	2	30	390	390	00	0000020024918	0	0	0	0	0	0	0	0
$1	1655	4422	4	0	3083	1.00	690	22.02.23	11:42	2	30	690	690	00	0000020030834	0	0	0	0	0	0	0	0
$1	1655	4422	5	0	3363	1.00	490	22.02.23	11:42	2	30	490	490	00	0000022033635	0	0	0	0	0	0	0	0
$1	1655	4422	6	0	3137	1.00	890	22.02.23	11:42	2	30	890	890	00	0000020031374	0	0	0	0	0	0	0	0
$1	1655	4422	7	0	2053	1.00	2550	22.02.23	11:42	1	30	2550	2550	00	0000011020530	0	0	0	0	0	0	0	0
$1	1655	4423	1	0	3773	1.00	2290	22.02.23	12:00	1	30	2290	2290	00	8691190121655	0	0	0	0	0	0	0	0
$1	1655	4424	1	0	2024	1.00	2490	22.02.23	12:39	1	30	2490	2490	00	0000010020241	0	0	0	0	0	0	0	0
$1	1655	4425	1	0	2260	2.00	700	22.02.23	13:05	3	30	700	700	00	0000020022600	0	0	0	0	0	0	0	0
$1	1655	4426	1	0	0450	1.00	4250	22.02.23	13:37	1	30	4250	4250	00	5907502687157	0	0	0	0	0	0	0	0
$1	1655	4426	2	0	0549	1.00	2490	22.02.23	13:37	1	30	2490	2490	00	5902249010350	0	0	0	0	0	0	0	0
$1	1655	4427	1	0	1197	1.00	450	22.02.23	14:40	2	30	450	450	00	5909994309128	0	0	0	0	0	0	0	0
$1	1655	4427	2	0	1197	1.00	450	22.02.23	14:40	2	30	450	450	00	5909994309128	0	0	0	0	0	0	0	0
$1	1655	4427	3	0	2969	1.00	2090	22.02.23	14:40	2	30	2090	2090	00	0000019029696	0	0	0	0	0	0	0	0
$1	1655	4427	4	0	1116	1.00	590	22.02.23	14:40	2	30	590	590	00	5906365702335	0	0	0	0	0	0	0	0
$1	1655	4427	5	0	1210	2.00	800	22.02.23	14:40	2	30	800	800	00	5909994310360	0	0	0	0	0	0	0	0
$1	1655	4427	6	0	1181	1.00	450	22.02.23	14:40	2	30	450	450	00	5909994310964	0	0	0	0	0	0	0	0
$1	1655	4427	7	0	1097	1.00	450	22.02.23	14:40	2	30	450	450	00	5909994310568	0	0	0	0	0	0	0	0
$1	1655	4427	8	0	0980	1.00	590	22.02.23	14:40	2	30	590	590	00	5906365702410	0	0	0	0	0	0	0	0
$1	1655	4427	9	0	1159	1.00	490	22.02.23	14:40	2	30	490	490	00	5909994311657	0	0	0	0	0	0	0	0
$1	1655	4427	10	0	1166	2.00	900	22.02.23	14:40	2	30	900	900	00	5909990195329	0	0	0	0	0	0	0	0
$1	1655	4427	11	0	1229	2.00	980	22.02.23	14:40	2	30	980	980	00	5909994309722	0	0	0	0	0	0	0	0
$1	1655	4427	12	0	1195	1.00	450	22.02.23	14:40	2	30	450	450	00	5909990219421	0	0	0	0	0	0	0	0
$1	1655	4427	13	0	1155	1.00	750	22.02.23	14:40	2	30	750	750	00	5909994309029	0	0	0	0	0	0	0	0
$1	1655	4428	1	0	3530	1.00	3550	22.02.23	15:09	1	30	3550	3550	00	0000024035309	0	0	0	0	0	0	0	0
$1	1655	4429	1	0	1825	1.00	2350	22.02.23	15:12	1	30	2350	2350	00	5701278380744	0	0	0	0	0	0	0	0
$1	1655	4430	1	0	1011	1.00	550	22.02.23	15:20	2	30	550	550	00	0000005010110	0	0	0	0	0	0	0	0
$1	1655	4431	1	0	3531	1.00	5750	22.02.23	15:36	1	30	5750	5750	00	0000024035316	0	0	0	0	0	0	0	0
$1	1655	4431	2	0	3550	1.00	3450	22.02.23	15:36	1	30	3450	3450	00	0000008035509	0	0	0	0	0	0	0	0
$1	1655	4431	3	0	3355	1.00	3990	22.02.23	15:36	1	30	3990	3990	00	0000008033550	0	0	0	0	0	0	0	0
$1	1655	4431	4	0	0471	1.00	3400	22.02.23	15:36	1	30	3400	3400	00	5907502687270	0	0	0	0	0	0	0	0
$1	1655	4431	5	0	0557	1.00	100	22.02.23	15:36	1	30	100	2590	00	5902249010411	0	0	0	0	0	0	0	1
$1	1655	4431	6	0	2768	1.00	13990	22.02.23	15:36	1	30	13990	13990	00	0000018027686	0	0	0	0	0	0	0	0
$1	1655	4431	7	0	2921	1.00	11353	22.02.23	15:36	1	30	11353	11950	00	0000018029215	0	0	0	0	0	0	0	1
$1	1655	4432	1	0	3240	1.00	2850	22.02.23	16:43	1	30	2850	2850	00	0000034032404	0	0	0	0	0	0	0	0
$1	1655	4433	1	0	0002	1.000	560	22.02.23	16:47	1	30	560	560	00	0000000000000	0	0	0	0	0	0	0	0
$1	1655	4433	2	0	1231	1.00	490	22.02.23	16:47	2	30	490	490	00	5909994310469	0	0	0	0	0	0	0	0
$1	1655	4434	1	0	1040	1.00	450	22.02.23	17:08	2	30	450	450	00	5906365702847	0	0	0	0	0	0	0	0
$1	1656	4437	1	0	0006	1.000	8850	22.02.24	09:41	1	30	8850	8850	00	0000000000000	0	0	0	0	0	0	0	0
$1	1656	4438	1	0	1249	1.00	790	22.02.24	10:05	2	30	790	790	00	5909994310667	0	0	0	0	0	0	0	0
$1	1656	4438	2	0	1192	1.00	800	22.02.24	10:05	2	30	800	800	00	5909990219322	0	0	0	0	0	0	0	0
$1	1656	4438	3	0	1195	1.00	450	22.02.24	10:05	2	30	450	450	00	5909990219421	0	0	0	0	0	0	0	0
$1	1656	4438	4	0	1182	1.00	700	22.02.24	10:05	2	30	700	700	00	5909990219728	0	0	0	0	0	0	0	0
$1	1656	4438	5	0	1040	1.00	450	22.02.24	10:05	2	30	450	450	00	5906365702847	0	0	0	0	0	0	0	0
$1	1656	4438	6	0	1233	1.00	700	22.02.24	10:05	2	30	700	700	00	5909990628223	0	0	0	0	0	0	0	0
$1	1656	4438	7	0	1251	1.00	550	22.02.24	10:05	2	30	550	550	00	5909994308527	0	0	0	0	0	0	0	0
$1	1656	4439	1	0	2350	3.00	2100	22.02.24	10:11	1	30	2100	2100	00	0000015023506	0	0	0	0	0	0	0	0
$1	1656	4440	1	0	1111	1.00	550	22.02.24	10:19	2	30	550	550	00	5906365702304	0	0	0	0	0	0	0	0
$1	1656	4440	2	0	1068	1.00	650	22.02.24	10:19	2	30	650	650	00	5905279799400	0	0	0	0	0	0	0	0
$1	1656	4440	3	0	1181	1.00	450	22.02.24	10:19	2	30	450	450	00	5909994310964	0	0	0	0	0	0	0	0
$1	1656	4441	1	0	3672	1.00	2990	22.02.24	10:47	1	30	2990	2990	00	0000023036727	0	0	0	0	0	0	0	0
$1	1656	4441	2	0	2014	1.00	4850	22.02.24	10:47	2	30	4850	4850	00	0000009020146	0	0	0	0	0	0	0	0
$1	1656	4441	3	0	3319	1.00	1890	22.02.24	10:47	2	30	1890	1890	00	0000022033192	0	0	0	0	0	0	0	0
$1	1656	4442	1	0	2675	1.00	1090	22.02.24	10:50	1	30	1090	1090	00	0000017026758	0	0	0	0	0	0	0	0
$1	1656	4443	1	0	2053	1.00	2550	22.02.24	10:58	1	30	2550	2550	00	0000011020530	0	0	0	0	0	0	0	0
$1	1656	4443	2	0	2350	2.00	1400	22.02.24	10:58	1	30	1400	1400	00	0000015023506	0	0	0	0	0	0	0	0
$1	1656	4444	1	0	1461	1.00	2850	22.02.24	11:02	1	30	2850	2850	00	0000034014615	0	0	0	0	0	0	0	0
$10	1656	4445	1	0	3720	1.00	1750	22.02.24	11:11	1	30	1750	1750	00	8691190965426	0	0	0	0	0	0	0	0
$1	1656	4445	1	0	3773	1.00	2290	22.02.24	11:11	1	30	2290	2290	00	8691190121655	0	0	0	0	0	0	0	0
$1	1656	4445	2	0	3363	1.00	490	22.02.24	11:11	2	30	490	490	00	0000022033635	0	0	0	0	0	0	0	0
$1	1656	4446	1	0	1427	1.00	499	22.02.24	11:27	1	30	4990	4990	00	0000024014274	0	1	0	0	0	0	0	0
$1	1656	4447	1	0	1817	1.00	2150	22.02.24	11:33	1	30	2150	2150	00	0000008018175	0	0	0	0	0	0	0	0
$1	1656	4447	2	0	3554	1.00	2990	22.02.24	11:33	1	30	2990	2990	00	0000008035547	0	0	0	0	0	0	0	0
$1	1656	4447	3	0	1049	1.00	1350	22.02.24	11:33	3	30	1350	1350	00	0000005010493	0	0	0	0	0	0	0	0
$10	1656	4448	1	0	1785	1.00	5450	22.02.24	11:57	1	30	5450	5450	00	0000008017857	0	0	0	0	0	0	0	0
$10	1656	4448	2	0	1574	1.00	5	22.02.24	11:57	4	30	5	490	00	5906660817215	0	0	0	0	0	0	0	1
$1	1656	4448	1	0	1785	1.00	545	22.02.24	11:57	1	30	545	5450	00	0000008017857	0	0	0	0	0	0	0	1
$1	1656	4449	1	0	1574	1.00	5	22.02.24	11:58	4	30	5	490	00	5906660817215	0	0	0	0	0	0	0	1
$1	1656	4450	1	0	3266	1.00	3750	22.02.24	13:04	1	30	3750	3750	00	0000014032660	0	0	0	0	0	0	0	0
$1	1656	4451	1	0	1202	1.00	650	22.02.24	13:07	2	30	650	650	00	5909994309326	0	0	0	0	0	0	0	0
$1	1656	4451	2	0	1179	1.00	800	22.02.24	13:07	2	30	800	800	00	5909994309524	0	0	0	0	0	0	0	0
$1	1656	4451	3	0	3025	1.00	590	22.02.24	13:07	2	30	590	590	00	0000020030254	0	0	0	0	0	0	0	0
$1	1656	4452	1	0	1574	2.00	980	22.02.24	13:41	4	30	980	980	00	5906660817215	0	0	0	0	0	0	0	0
$1	1656	4452	2	0	3163	1.00	11050	22.02.24	13:41	1	30	11050	11050	00	0000018031638	0	0	0	0	0	0	0	0
$1	1656	4453	1	0	1564	1.00	60	22.02.24	13:51	3	30	60	5990	00	0000007015649	0	0	0	0	0	0	0	1
$1	1656	4454	1	0	1092	1.00	790	22.02.24	14:18	2	30	790	790	00	5905279799561	0	0	0	0	0	0	0	0
$1	1656	4455	1	0	0002	1.000	2500	22.02.24	14:28	1	30	2500	2500	00	0000000000000	0	0	0	0	0	0	0	0
$1	1656	4455	2	0	1016	1.00	450	22.02.24	14:28	4	30	450	450	00	5906365702380	0	0	0	0	0	0	0	0
$1	1656	4456	1	0	2433	1.00	2850	22.02.24	16:38	1	30	2850	2850	00	0000016024335	0	0	0	0	0	0	0	0
$1	1656	4457	1	0	0002	1.000	660	22.02.24	16:41	1	30	660	660	00	0000000000000	0	0	0	0	0	0	0	0
$1	1657	4459	1	0	0373	1.00	15	22.02.25	10:14	1	30	1450	1450	00	5906874565285	0	1	0	0	0	0	0	0
$1	1657	4459	2	0	0313	1.00	19	22.02.25	10:14	1	30	1890	1890	00	5900168907249	0	1	0	0	0	0	0	0
$1	1657	4460	1	0	1519	1.00	4950	22.02.25	10:50	3	30	4950	4950	00	5907804205318	0	0	0	0	0	0	0	0
$1	1657	4460	2	0	1543	1.00	4750	22.02.25	10:50	3	30	4750	4750	00	5907804205073	0	0	0	0	0	0	0	0
$1	1657	4460	3	0	0002	1.000	2500	22.02.25	10:50	1	30	2500	2500	00	0000000000000	0	0	0	0	0	0	0	0
$1	1657	4461	1	0	1605	1.00	790	22.02.25	10:52	1	30	790	790	00	0000007016059	0	0	0	0	0	0	0	0
$1	1657	4461	2	0	1606	1.00	750	22.02.25	10:52	1	30	750	750	00	0000007016066	0	0	0	0	0	0	0	0
$1	1657	4462	1	0	3934	1.00	1090	22.02.25	12:21	1	30	1090	1090	00	8691190967178	0	0	0	0	0	0	0	0
$1	1657	4463	1	0	2053	1.00	2550	22.02.25	12:29	1	30	2550	2550	00	0000011020530	0	0	0	0	0	0	0	0
$1	1657	4463	2	0	1165	1.00	490	22.02.25	12:29	2	30	490	490	00	5909994311169	0	0	0	0	0	0	0	0
$1	1657	4464	1	0	3901	1.00	950	22.02.25	13:12	1	30	950	950	00	0000028039013	0	0	0	0	0	0	0	0
$1	1657	4465	1	0	1573	2.00	980	22.02.25	13:13	4	30	980	980	00	5906660817208	0	0	0	0	0	0	0	0
$1	1657	4466	1	0	1203	1.00	590	22.02.25	13:29	2	30	590	590	00	0000005012039	0	0	0	0	0	0	0	0
$1	1657	4467	1	0	1185	1.00	590	22.02.25	14:21	2	30	590	590	00	5909990628391	0	0	0	0	0	0	0	0
$1	1657	4468	1	0	0982	5.00	2450	22.02.25	14:35	2	30	2450	2450	00	5907752643385	0	0	0	0	0	0	0	0
$1	1657	4468	2	0	1179	1.00	800	22.02.25	14:35	2	30	800	800	00	5909994309524	0	0	0	0	0	0	0	0
$1	1657	4468	3	0	1179	3.00	2400	22.02.25	14:35	2	30	2400	2400	00	5909994309524	0	0	0	0	0	0	0	0
$1	1657	4469	1	0	0594	1.00	2690	22.02.25	14:47	1	30	2690	2690	00	5902249010909	0	0	0	0	0	0	0	0
$1	1657	4469	2	0	1949	1.00	1450	22.02.25	14:47	2	30	1450	1450	00	0000009019492	0	0	0	0	0	0	0	0
$1	1657	4469	3	0	3549	1.00	3990	22.02.25	14:47	1	30	3990	3990	00	0000018035490	0	0	0	0	0	0	0	0
$1	1657	4469	4	0	1795	1.00	2650	22.02.25	14:47	1	30	2650	2650	00	0000008017956	0	0	0	0	0	0	0	0
$1	1657	4469	5	0	3555	1.00	2990	22.02.25	14:47	1	30	2990	2990	00	0000008035554	0	0	0	0	0	0	0	0
$1	1657	4469	6	0	0578	1.00	3090	22.02.25	14:47	1	30	3090	3090	00	5902249010916	0	0	0	0	0	0	0	0
$1	1657	4469	7	0	0557	1.00	100	22.02.25	14:47	1	30	100	2590	00	5902249010411	0	0	0	0	0	0	0	1
$1	1657	4469	8	0	0037	1.000	20000	22.02.25	14:47	1	30	20000	20000	00	0000000000000	0	0	0	0	0	0	0	0
$1	1657	4470	1	0	1054	1.00	490	22.02.25	14:55	4	30	490	490	00	5907752643873	0	0	0	0	0	0	0	0
$1	1657	4471	1	0	2665	1.00	1090	22.02.25	14:57	3	30	1090	1090	00	0000017026659	0	0	0	0	0	0	0	0
$1	1657	4471	2	0	3793	1.00	350	22.02.25	14:57	1	30	350	350	00	0000025037937	0	0	0	0	0	0	0	0
$1	1657	4472	1	0	0549	1.00	2490	22.02.25	15:17	1	30	2490	2490	00	5902249010350	0	0	0	0	0	0	0	0
$1	1657	4473	1	0	2286	1.00	1850	22.02.25	15:24	1	30	1850	1850	00	0000014022869	0	0	0	0	0	0	0	0
$1	1657	4473	2	0	3901	1.00	808	22.02.25	15:24	1	30	808	950	00	0000028039013	0	0	0	0	0	0	0	1
$1	1657	4474	1	0	0086	1.000	610	22.02.25	15:29	1	30	610	610	00	0000000000000	0	0	0	0	0	0	0	0
$1	1657	4474	2	0	3739	1.00	450	22.02.25	15:29	1	30	450	650	00	0000025037395	0	0	0	0	0	0	0	1
$1	1657	4475	1	0	0544	1.00	1290	22.02.25	16:51	1	30	1290	1290	00	5902249011159	0	0	0	0	0	0	0	0
$10	1657	4476	1	0	2663	1.00	590	22.02.25	17:02	3	30	590	590	00	0000017026635	0	0	0	0	0	0	0	0
$10	1657	4476	2	0	0038	1.000	19	22.02.25	17:02	1	30	19	1890	00	0000000000000	0	0	0	0	0	0	0	1
$1	1657	4476	1	0	2663	1.00	6	22.02.25	17:02	3	30	590	590	00	0000017026635	0	1	0	0	0	0	0	0
$1	1657	4476	2	0	0038	1.000	19	22.02.25	17:02	1	30	1890	1890	00	0000000000000	0	1	0	0	0	0	0	0
$1	1657	4477	1	0	1055	1.00	10	22.02.25	17:32	3	30	10	950	00	0000005010554	0	0	0	0	0	0	0	1
$1	1658	4479	1	0	1820	1.00	1990	22.02.26	09:57	1	30	1990	1990	00	0000008018205	0	0	0	0	0	0	0	0
$1	1658	4480	1	0	0027	1.000	910	22.02.26	10:19	1	30	910	910	00	0000000000000	0	0	0	0	0	0	0	0
$1	1658	4480	2	0	0027	1.000	1020	22.02.26	10:19	1	30	1020	1020	00	0000000000000	0	0	0	0	0	0	0	0
$1	1658	4481	1	0	2530	1.00	2250	22.02.26	10:38	2	30	2250	2250	00	0000017025300	0	0	0	0	0	0	0	0
$1	1658	4481	2	0	2946	1.00	2250	22.02.26	10:38	1	30	2250	2250	00	0000031029469	0	0	0	0	0	0	0	0
$1	1658	4481	3	0	2945	1.00	2190	22.02.26	10:38	1	30	2190	2190	00	0000031029452	0	0	0	0	0	0	0	0
$1	1658	4481	4	0	0611	1.00	1290	22.02.26	10:38	1	30	1290	1290	00	5902249011173	0	0	0	0	0	0	0	0
$1	1658	4482	1	0	0993	1.00	490	22.02.26	10:49	2	30	490	490	00	5906365702991	0	0	0	0	0	0	0	0
$1	1658	4483	1	0	2648	1.00	1650	22.02.26	11:04	2	30	1650	1650	00	0000017026482	0	0	0	0	0	0	0	0
$1	1658	4484	1	0	1250	2.00	1300	22.02.26	11:14	2	30	1300	1300	00	5909990628278	0	0	0	0	0	0	0	0
$1	1658	4484	2	0	1168	1.00	450	22.02.26	11:14	2	30	450	450	00	5909994310261	0	0	0	0	0	0	0	0
$1	1658	4484	3	0	1206	1.00	590	22.02.26	11:14	2	30	590	590	00	5909990903115	0	0	0	0	0	0	0	0
$1	1658	4484	4	0	0965	1.00	650	22.02.26	11:14	2	30	650	650	00	5906365702038	0	0	0	0	0	0	0	0
$1	1658	4484	5	0	1081	1.00	550	22.02.26	11:14	3	30	550	550	00	5906365702816	0	0	0	0	0	0	0	0
$1	1658	4484	6	0	1173	1.00	550	22.02.26	11:14	2	30	550	550	00	5909990468225	0	0	0	0	0	0	0	0
$1	1658	4484	7	0	1017	1.00	550	22.02.26	11:14	2	30	550	550	00	5907752643361	0	0	0	0	0	0	0	0
$1	1658	4484	8	0	1230	1.00	450	22.02.26	11:14	2	30	450	450	00	5909994310766	0	0	0	0	0	0	0	0
$1	1658	4484	9	0	1170	1.00	490	22.02.26	11:14	2	30	490	490	00	5909994311565	0	0	0	0	0	0	0	0
$1	1658	4484	10	0	1116	1.00	590	22.02.26	11:14	2	30	590	590	00	5906365702335	0	0	0	0	0	0	0	0
$1	1658	4485	1	0	0370	1.00	1390	22.02.26	11:17	1	30	1390	1390	00	5906874565063	0	0	0	0	0	0	0	0
$1	1658	4485	2	0	3468	1.00	4690	22.02.26	11:17	1	30	4690	4690	00	0000024034685	0	0	0	0	0	0	0	0
$1	1658	4485	3	0	2270	1.00	4190	22.02.26	11:17	1	30	4190	4190	00	0000014022708	0	0	0	0	0	0	0	0
$1	1658	4485	4	0	2432	1.00	2850	22.02.26	11:17	1	30	2850	2850	00	0000016024328	0	0	0	0	0	0	0	0
$1	1658	4485	5	0	2429	1.00	2890	22.02.26	11:17	1	30	2890	2890	00	0000016024298	0	0	0	0	0	0	0	0
$1	1658	4486	1	0	3058	1.00	890	22.02.26	11:29	2	30	890	890	00	0000020030582	0	0	0	0	0	0	0	0
$1	1658	4486	2	0	0835	1.00	5490	22.02.26	11:29	1	30	5490	5490	00	0000024008358	0	0	0	0	0	0	0	0
$1	1658	4487	1	0	1339	1.00	1390	22.02.26	11:36	3	30	1390	1390	00	0000006013394	0	0	0	0	0	0	0	0
$1	1658	4488	1	0	0983	1.00	750	22.02.26	11:44	4	30	750	750	00	0000005009831	0	0	0	0	0	0	0	0
$10	1658	4489	1	0	3652	1.00	2712	22.02.26	11:47	1	30	2712	3190	00	0000009036529	0	0	0	0	0	0	0	1
$10	1658	4489	2	0	3652	1.00	2712	22.02.26	11:47	1	30	2712	3190	00	0000009036529	0	0	0	0	0	0	0	1
$1	1658	4489	1	0	3652	1.00	2393	22.02.26	11:47	1	30	2393	3190	00	0000009036529	0	0	0	0	0	0	0	1
$1	1658	4490	1	0	3494	1.00	3650	22.02.26	11:57	1	30	3650	3650	00	0000024034944	0	0	0	0	0	0	0	0
$1	1658	4491	1	0	1440	1.00	4750	22.02.26	11:58	1	30	4750	4750	00	0000034014400	0	0	0	0	0	0	0	0
$1	1658	4491	2	0	1718	1.00	3650	22.02.26	11:58	1	30	3650	3650	00	0000034017180	0	0	0	0	0	0	0	0
$1	1658	4491	3	0	2936	1.00	3990	22.02.26	11:58	1	30	3990	3990	00	0000034029367	0	0	0	0	0	0	0	0
$1	1658	4492	1	0	0038	2.000	18	22.02.26	13:33	1	30	1780	1780	00	0000000000000	0	1	0	0	0	0	0	0
$1	1658	4492	2	0	0363	1.00	14	22.02.26	13:33	1	30	1390	1390	00	5900168902923	0	1	0	0	0	0	0	0
$1	1658	4492	3	0	3262	1.00	30	22.02.26	13:33	1	30	2950	2950	00	0000001032628	0	1	0	0	0	0	0	0
$1	1658	4492	4	0	0032	1.000	7	22.02.26	13:33	1	30	690	690	00	0000000000000	0	1	0	0	0	0	0	0
$1	1658	4492	5	0	0038	1.000	6	22.02.26	13:33	1	30	640	640	00	0000000000000	0	1	0	0	0	0	0	0
$1	1658	4492	6	0	0358	1.00	18	22.02.26	13:33	1	30	1750	1750	00	0000001003581	0	1	0	0	0	0	0	0
$1	1658	4493	1	0	0182	1.000	8	22.02.26	13:50	2	30	760	760	00	0000000000000	0	1	0	0	0	0	0	0
$1	1658	4493	2	0	0182	1.000	5	22.02.26	13:50	2	30	490	490	00	0000000000000	0	1	0	0	0	0	0	0
$1	1658	4493	3	0	2168	1.00	7	22.02.26	13:50	1	30	650	650	00	0000013021689	0	1	0	0	0	0	0	0
$1	1658	4493	4	0	1190	1.00	6	22.02.26	13:50	2	30	590	590	00	0000005011902	0	1	0	0	0	0	0	0
$1	1658	4493	5	0	0038	1.000	12	22.02.26	13:50	1	30	1240	1240	00	0000000000000	0	1	0	0	0	0	0	0
$1	1658	4493	6	0	0038	1.000	12	22.02.26	13:50	1	30	1240	1240	00	0000000000000	0	1	0	0	0	0	0	0
$1	1658	4493	7	0	3363	1.00	5	22.02.26	13:50	2	30	490	490	00	0000022033635	0	1	0	0	0	0	0	0
$1	1658	4493	8	0	0062	1.000	6	22.02.26	13:50	1	30	590	590	00	0000000000000	0	1	0	0	0	0	0	0
$1	1658	4493	9	0	0082	3.000	21	22.02.26	13:50	1	30	2070	2070	00	0000000000000	0	1	0	0	0	0	0	0
$1	1658	4493	10	0	3823	1.00	15	22.02.26	13:50	1	30	1450	1450	00	0000026038230	0	1	0	0	0	0	0	0
$1	1658	4493	11	0	0038	1.000	9	22.02.26	13:50	1	30	860	860	00	0000000000000	0	1	0	0	0	0	0	0
$1	1658	4493	12	0	0079	1.000	8	22.02.26	13:50	1	30	840	840	00	0000000000000	0	1	0	0	0	0	0	0
$1	1658	4493	13	0	2146	2.00	19	22.02.26	13:50	1	30	1900	1900	00	0000013021467	0	1	0	0	0	0	0	0
$1	1658	4493	14	0	0038	1.000	9	22.02.26	13:50	1	30	890	890	00	0000000000000	0	1	0	0	0	0	0	0
$1	1658	4493	15	0	0038	1.000	9	22.02.26	13:50	1	30	890	890	00	0000000000000	0	1	0	0	0	0	0	0
$1	1658	4493	16	0	0038	1.000	9	22.02.26	13:50	1	30	890	890	00	0000000000000	0	1	0	0	0	0	0	0
$1	1658	4493	17	0	0038	1.000	13	22.02.26	13:50	1	30	1340	1340	00	0000000000000	0	1	0	0	0	0	0	0
$1	1658	4493	18	0	2145	1.00	10	22.02.26	13:50	1	30	950	950	00	0000013021450	0	1	0	0	0	0	0	0
$1	1658	4493	19	0	0038	1.000	14	22.02.26	13:50	1	30	1420	1420	00	0000000000000	0	1	0	0	0	0	0	0
$1	1658	4493	20	0	0061	1.000	7	22.02.26	13:50	1	30	690	690	00	0000000000000	0	1	0	0	0	0	0	0
$1	1658	4493	21	0	0038	1.000	8	22.02.26	13:50	1	30	790	790	00	0000000000000	0	1	0	0	0	0	0	0
$1	1658	4493	22	0	2147	1.00	10	22.02.26	13:50	1	30	950	950	00	0000013021474	0	1	0	0	0	0	0	0
$1	1658	4494	1	0	3276	1.00	79	22.02.26	14:13	1	30	790	790	00	5903850003304	0	1	0	0	0	0	0	0
$1	1658	4494	2	0	0026	1.000	149	22.02.26	14:13	1	30	1490	1490	00	0000000000000	0	1	0	0	0	0	0	0
$1	1659	4496	1	0	2350	2.00	1400	22.03.01	09:46	1	30	1400	1400	00	0000015023506	0	0	0	0	0	0	0	0
$1	1659	4497	1	0	3536	1.00	4650	22.03.01	10:22	1	30	4650	4650	00	0000024035361	0	0	0	0	0	0	0	0
$1	1659	4497	2	0	3590	1.00	2990	22.03.01	10:22	1	30	2990	2990	00	0000024035903	0	0	0	0	0	0	0	0
$1	1659	4497	3	0	3537	1.00	4650	22.03.01	10:22	1	30	4650	4650	00	0000024035378	0	0	0	0	0	0	0	0
$1	1659	4498	1	0	0243	1.000	7	22.03.01	10:26	1	30	7	740	00	0000000000000	0	0	0	0	0	0	0	1
$1	1659	4499	1	0	1817	1.00	2150	22.03.01	10:30	1	30	2150	2150	00	0000008018175	0	0	0	0	0	0	0	0
$1	1659	4500	1	0	3739	1.00	650	22.03.01	11:04	1	30	650	650	00	0000025037395	0	0	0	0	0	0	0	0
$1	1659	4500	2	0	1011	1.00	550	22.03.01	11:04	2	30	550	550	00	5906365702755	0	0	0	0	0	0	0	0
$1	1659	4501	1	0	0002	1.000	660	22.03.01	11:49	1	30	660	660	00	0000000000000	0	0	0	0	0	0	0	0
$1	1659	4501	2	0	3091	1.00	550	22.03.01	11:49	2	30	550	550	00	5902581618177	0	0	0	0	0	0	0	0
$1	1659	4502	1	0	2024	1.00	2490	22.03.01	12:12	1	30	2490	2490	00	0000010020241	0	0	0	0	0	0	0	0
$1	1659	4502	2	0	1881	1.00	4950	22.03.01	12:12	1	30	4950	4950	00	0000008018816	0	0	0	0	0	0	0	0
$1	1659	4503	1	0	1225	1.00	590	22.03.01	12:19	2	30	590	590	00	5909990628667	0	0	0	0	0	0	0	0
$1	1659	4503	2	0	1170	1.00	490	22.03.01	12:19	2	30	490	490	00	5909994311565	0	0	0	0	0	0	0	0
$1	1659	4503	3	0	1199	1.00	590	22.03.01	12:19	2	30	590	590	00	5909990195527	0	0	0	0	0	0	0	0
$1	1659	4503	4	0	0996	1.00	590	22.03.01	12:19	2	30	590	590	00	5906365702076	0	0	0	0	0	0	0	0
$1	1659	4503	5	0	1193	1.00	490	22.03.01	12:19	2	30	490	490	00	5909990195725	0	0	0	0	0	0	0	0
$1	1659	4503	6	0	1159	1.00	490	22.03.01	12:19	2	30	490	490	00	5909994311657	0	0	0	0	0	0	0	0
$1	1659	4503	7	0	1233	1.00	700	22.03.01	12:19	2	30	700	700	00	5909990628223	0	0	0	0	0	0	0	0
$1	1659	4504	1	0	0243	1.000	990	22.03.01	13:14	1	30	990	990	00	0000000000000	0	0	0	0	0	0	0	0
$1	1659	4505	1	0	2440	1.00	2890	22.03.01	13:16	1	30	2890	2890	00	0000016024403	0	0	0	0	0	0	0	0
$1	1659	4505	2	0	2430	1.00	2790	22.03.01	13:16	1	30	2790	2790	00	0000016024304	0	0	0	0	0	0	0	0
$1	1659	4506	1	0	2389	1.00	2590	22.03.01	13:23	1	30	2590	2590	00	0000016023895	0	0	0	0	0	0	0	0
$1	1659	4506	2	0	2389	1.00	2590	22.03.01	13:23	1	30	2590	2590	00	0000016023895	0	0	0	0	0	0	0	0
$1	1659	4507	1	0	1507	1.00	5990	22.03.01	13:24	3	30	5990	5990	00	5907804205233	0	0	0	0	0	0	0	0
$1	1659	4508	1	0	3932	1.00	1590	22.03.01	13:30	1	30	1590	1590	00	0000031039321	0	0	0	0	0	0	0	0
$1	1659	4508	2	0	1817	1.00	2150	22.03.01	13:30	1	30	2150	2150	00	0000008018175	0	0	0	0	0	0	0	0
$1	1659	4508	3	0	2350	1.00	700	22.03.01	13:30	1	30	700	700	00	0000015023506	0	0	0	0	0	0	0	0
$1	1659	4509	1	0	2053	1.00	2550	22.03.01	14:05	1	30	2550	2550	00	0000011020530	0	0	0	0	0	0	0	0
$1	1659	4510	1	0	2050	1.00	2550	22.03.01	14:47	1	30	2550	2550	00	0000011020509	0	0	0	0	0	0	0	0
$1	1659	4511	1	0	1367	1.00	2490	22.03.01	16:29	1	30	2490	2490	00	0000006013677	0	0	0	0	0	0	0	0
$1	1659	4511	2	0	3503	1.00	3050	22.03.01	16:29	1	30	3050	3050	00	0000024035033	0	0	0	0	0	0	0	0
$1	1659	4511	3	0	3539	1.00	2590	22.03.01	16:29	1	30	2590	2590	00	0000024035392	0	0	0	0	0	0	0	0
$1	1659	4512	1	0	0451	1.00	4250	22.03.01	16:46	1	30	4250	4250	00	5907502687102	0	0	0	0	0	0	0	0
$1	1659	4512	2	0	0480	1.00	3550	22.03.01	16:46	1	30	3550	3550	00	5902249010428	0	0	0	0	0	0	0	0
$1	1659	4512	3	0	0026	1.000	590	22.03.01	16:46	1	30	590	590	00	0000000000000	0	0	0	0	0	0	0	0
$1	1659	4513	1	0	1816	1.00	2490	22.03.01	17:00	1	30	2490	2490	00	0000008018168	0	0	0	0	0	0	0	0
$1	1659	4513	2	0	1844	1.00	2490	22.03.01	17:00	1	30	2490	2490	00	0000008018441	0	0	0	0	0	0	0	0
$1	1659	4513	3	0	1261	1.00	5550	22.03.01	17:00	1	30	5550	5550	00	0000024012614	0	0	0	0	0	0	0	0
$1	1659	4513	4	0	1537	1.00	1850	22.03.01	17:00	3	30	1850	1850	00	5907804205035	0	0	0	0	0	0	0	0
$1	1659	4513	5	0	2475	1.00	390	22.03.01	17:00	2	30	390	390	00	5902741003300	0	0	0	0	0	0	0	0
$1	1659	4513	6	0	2053	1.00	2550	22.03.01	17:00	1	30	2550	2550	00	0000011020530	0	0	0	0	0	0	0	0
$1	1659	4514	1	0	1543	1.00	4750	22.03.01	17:03	3	30	4750	4750	00	5907804205073	0	0	0	0	0	0	0	0
$1	1659	4515	1	0	1047	1.00	115	22.03.01	17:24	4	30	115	1150	00	0000005010479	0	0	0	0	0	0	0	1
$1	1660	4518	1	0	2350	1.00	700	22.03.02	10:33	1	30	700	700	00	0000015023506	0	0	0	0	0	0	0	0
$1	1660	4519	1	0	3739	1.00	650	22.03.02	11:39	1	30	650	650	00	0000025037395	0	0	0	0	0	0	0	0
$1	1660	4520	1	0	0231	1.000	300	22.03.02	11:53	1	30	300	300	00	0000000000000	0	0	0	0	0	0	0	0
$1	1660	4521	1	0	1049	1.00	1350	22.03.02	12:00	3	30	1350	1350	00	0000005010493	0	0	0	0	0	0	0	0
$1	1660	4521	2	0	0182	1.000	760	22.03.02	12:00	2	30	760	760	00	0000000000000	0	0	0	0	0	0	0	0
$1	1660	4521	3	0	0231	1.000	300	22.03.02	12:00	1	30	300	300	00	0000000000000	0	0	0	0	0	0	0	0
$1	1660	4522	1	0	0988	2.00	1580	22.03.02	12:02	1	30	1580	1580	00	0000005009886	0	0	0	0	0	0	0	0
$1	1660	4522	2	0	0551	1.00	3450	22.03.02	12:02	1	30	3450	3450	00	5902249010374	0	0	0	0	0	0	0	0
$1	1660	4523	1	0	2350	1.00	700	22.03.02	12:10	1	30	700	700	00	0000015023506	0	0	0	0	0	0	0	0
$1	1660	4524	1	0	3906	1.00	3358	22.03.02	12:22	1	30	3358	3950	00	0000028039068	0	0	0	0	0	0	0	1
$1	1660	4525	1	0	0093	1.000	1390	22.03.02	12:36	3	30	1390	1390	00	0000000000000	0	0	0	0	0	0	0	0
$1	1660	4526	1	0	1574	1.00	490	22.03.02	14:20	4	30	490	490	00	5906660817215	0	0	0	0	0	0	0	0
$1	1660	4527	1	0	0261	1.000	1290	22.03.02	14:20	1	30	1290	1290	00	0000000000000	0	0	0	0	0	0	0	0
$10	1660	4528	1	0	3125	1.00	750	22.03.02	16:19	2	30	750	750	00	0000020031251	0	0	0	0	0	0	0	0
$1	1660	4528	1	0	0002	1.000	850	22.03.02	16:19	1	30	850	850	00	0000000000000	0	0	0	0	0	0	0	0
$1	1660	4529	1	0	0026	1.000	2390	22.03.02	16:19	1	30	2390	2390	00	0000000000000	0	0	0	0	0	0	0	0
$1	1660	4530	1	0	0038	1.000	1390	22.03.02	16:25	1	30	1390	1390	00	0000000000000	0	0	0	0	0	0	0	0
$1	1660	4531	1	0	0727	1.00	8250	22.03.02	16:49	1	30	8250	8250	00	0000003007273	0	0	0	0	0	0	0	0
$1	1660	4531	2	0	0397	1.00	1890	22.03.02	16:49	1	30	1890	1890	00	5900168907751	0	0	0	0	0	0	0	0
$1	1660	4531	3	0	3479	1.00	2700	22.03.02	16:49	1	30	2700	2700	00	5902249016383	0	0	0	0	0	0	0	0
$1	1661	4535	1	0	1168	1.00	450	22.03.03	09:47	2	30	450	450	00	5909994310261	0	0	0	0	0	0	0	0
$1	1661	4536	1	0	3093	1.00	750	22.03.03	10:35	2	30	750	750	00	0000020030933	0	0	0	0	0	0	0	0
$1	1661	4537	1	0	1133	2.00	1500	22.03.03	11:18	4	30	1500	1500	00	0000005011339	0	0	0	0	0	0	0	0
$1	1661	4538	1	0	0037	1.000	5000	22.03.03	11:25	1	30	5000	5000	00	0000000000000	0	0	0	0	0	0	0	0
$1	1661	4538	2	0	2011	1.00	2990	22.03.03	11:25	2	30	2990	2990	00	0000009020115	0	0	0	0	0	0	0	0
$1	1661	4539	1	0	0182	1.000	760	22.03.03	12:45	2	30	760	760	00	0000000000000	0	0	0	0	0	0	0	0
$1	1661	4540	1	0	3776	1.00	1990	22.03.03	12:54	1	30	1990	1990	00	0000025037760	0	0	0	0	0	0	0	0
$1	1661	4540	2	0	3722	1.00	790	22.03.03	12:54	1	30	790	790	00	0000025037227	0	0	0	0	0	0	0	0
$1	1661	4540	3	0	3740	1.00	490	22.03.03	12:54	1	30	490	490	00	0000025037401	0	0	0	0	0	0	0	0
$1	1661	4541	1	0	0987	1.00	950	22.03.03	12:57	1	30	950	950	00	0000005009879	0	0	0	0	0	0	0	0
$1	1661	4542	1	0	3043	1.00	700	22.03.03	13:08	2	30	700	700	00	0000020030438	0	0	0	0	0	0	0	0
$1	1661	4542	2	0	2011	1.00	2990	22.03.03	13:08	2	30	2990	2990	00	0000009020115	0	0	0	0	0	0	0	0
$1	1661	4543	1	0	0026	1.000	2390	22.03.03	13:19	1	30	2390	2390	00	0000000000000	0	0	0	0	0	0	0	0
$1	1661	4543	2	0	3170	1.00	2390	22.03.03	13:19	1	30	2390	2390	00	0000021031700	0	0	0	0	0	0	0	0
$1	1661	4544	1	0	0639	1.00	3090	22.03.03	13:30	1	30	3090	3090	00	5902249011777	0	0	0	0	0	0	0	0
$1	1661	4544	2	0	0529	1.00	2490	22.03.03	13:30	1	30	2490	2490	00	5907502687904	0	0	0	0	0	0	0	0
$1	1661	4545	1	0	0895	1.00	44	22.03.03	13:31	1	30	4400	4400	00	0000004008958	0	1	0	0	0	0	0	0
$1	1661	4545	2	0	1881	1.00	50	22.03.03	13:31	1	30	4950	4950	00	0000008018816	0	1	0	0	0	0	0	0
$1	1661	4546	1	0	2053	1.00	2550	22.03.03	14:38	1	30	2550	2550	00	0000011020530	0	0	0	0	0	0	0	0
$1	1661	4547	1	0	1185	4.00	2360	22.03.03	14:49	2	30	2360	2360	00	5909990628391	0	0	0	0	0	0	0	0
$1	1661	4548	1	0	3113	1.00	850	22.03.03	15:45	2	30	850	850	00	0000020031138	0	0	0	0	0	0	0	0
$1	1661	4548	2	0	0026	1.000	2190	22.03.03	15:45	1	30	2190	2190	00	0000000000000	0	0	0	0	0	0	0	0
$1	1661	4548	3	0	0026	1.000	1490	22.03.03	15:45	1	30	1490	1490	00	0000000000000	0	0	0	0	0	0	0	0
$1	1661	4548	4	0	0026	1.000	790	22.03.03	15:45	1	30	790	790	00	0000000000000	0	0	0	0	0	0	0	0
$1	1661	4548	5	0	2947	1.00	1690	22.03.03	15:45	1	30	1690	1690	00	0000031029476	0	0	0	0	0	0	0	0
$1	1661	4549	1	0	2053	1.00	2550	22.03.03	16:03	1	30	2550	2550	00	0000011020530	0	0	0	0	0	0	0	0
$1	1661	4549	2	0	2947	1.00	1690	22.03.03	16:03	1	30	1690	1690	00	0000031029476	0	0	0	0	0	0	0	0
$1	1661	4550	1	0	2472	1.00	490	22.03.03	16:32	2	30	490	490	00	0000020024727	0	0	0	0	0	0	0	0
$1	1661	4550	2	0	3110	1.00	1150	22.03.03	16:32	2	30	1150	1150	00	0000020031107	0	0	0	0	0	0	0	0
$1	1661	4550	3	0	2759	1.00	2490	22.03.03	16:32	1	30	2490	2490	00	0000036027590	0	0	0	0	0	0	0	0
$1	1662	4554	1	0	1890	1.00	2990	22.03.04	10:12	1	30	2990	2990	00	0000023018907	0	0	0	0	0	0	0	0
$1	1662	4554	2	0	1574	2.00	980	22.03.04	10:12	4	30	980	980	00	5906660817215	0	0	0	0	0	0	0	0
$1	1662	4554	3	0	1584	1.00	1350	22.03.04	10:12	1	30	1350	1350	00	0000007015847	0	0	0	0	0	0	0	0
$1	1662	4554	4	0	1587	1.00	1350	22.03.04	10:12	1	30	1350	1350	00	0000007015878	0	0	0	0	0	0	0	0
$1	1662	4554	5	0	1602	1.00	750	22.03.04	10:12	1	30	750	750	00	0000007016028	0	0	0	0	0	0	0	0
$1	1662	4554	6	0	1601	1.00	750	22.03.04	10:12	1	30	750	750	00	0000007016011	0	0	0	0	0	0	0	0
$1	1662	4554	7	0	3074	1.00	950	22.03.04	10:12	2	30	950	950	00	0000020030742	0	0	0	0	0	0	0	0
$1	1662	4554	8	0	1491	1.00	2790	22.03.04	10:12	3	30	2790	2790	00	5907804205301	0	0	0	0	0	0	0	0
$1	1662	4554	9	0	0026	1.000	1490	22.03.04	10:12	1	30	1490	1490	00	0000000000000	0	0	0	0	0	0	0	0
$1	1662	4555	1	0	2053	1.00	2550	22.03.04	10:53	1	30	2550	2550	00	0000011020530	0	0	0	0	0	0	0	0
$1	1662	4555	2	0	3740	1.00	490	22.03.04	10:53	1	30	490	490	00	0000025037401	0	0	0	0	0	0	0	0
$1	1662	4556	1	0	1369	1.00	1990	22.03.04	11:46	1	30	1990	1990	00	0000006013691	0	0	0	0	0	0	0	0
$1	1662	4556	2	0	0544	1.00	1290	22.03.04	11:46	1	30	1290	1290	00	5902249011159	0	0	0	0	0	0	0	0
$1	1662	4557	1	0	3809	1.00	2690	22.03.04	11:54	1	30	2690	2690	00	0000026038094	0	0	0	0	0	0	0	0
$1	1662	4557	2	0	3826	1.00	650	22.03.04	11:54	1	30	650	650	00	0000026038261	0	0	0	0	0	0	0	0
$1	1662	4558	1	0	2026	1.00	2650	22.03.04	12:37	1	30	2650	2650	00	0000010020265	0	0	0	0	0	0	0	0
$1	1662	4559	1	0	2350	1.00	700	22.03.04	12:43	1	30	700	700	00	0000015023506	0	0	0	0	0	0	0	0
$1	1662	4560	1	0	0988	1.00	790	22.03.04	12:57	1	30	790	790	00	0000005009886	0	0	0	0	0	0	0	0
$1	1662	4560	2	0	1035	1.00	550	22.03.04	12:57	2	30	550	550	00	5909994310124	0	0	0	0	0	0	0	0
$1	1662	4560	3	0	1197	1.00	450	22.03.04	12:57	2	30	450	450	00	5909994309128	0	0	0	0	0	0	0	0
$1	1662	4560	4	0	1195	1.00	450	22.03.04	12:57	2	30	450	450	00	5909990219421	0	0	0	0	0	0	0	0
$1	1662	4560	5	0	1250	1.00	650	22.03.04	12:57	2	30	650	650	00	5909990628278	0	0	0	0	0	0	0	0
$1	1662	4560	6	0	1154	1.00	550	22.03.04	12:57	2	30	550	550	00	5909994312067	0	0	0	0	0	0	0	0
$1	1662	4560	7	0	0994	1.00	490	22.03.04	12:57	2	30	490	490	00	5906365702854	0	0	0	0	0	0	0	0
$1	1662	4560	8	0	1178	1.00	450	22.03.04	12:57	2	30	450	450	00	5909990628360	0	0	0	0	0	0	0	0
$1	1662	4561	1	0	1179	4.00	3200	22.03.04	13:00	2	30	3200	3200	00	5909994309524	0	0	0	0	0	0	0	0
$1	1662	4561	2	0	1249	1.00	790	22.03.04	13:00	2	30	790	790	00	5909994310667	0	0	0	0	0	0	0	0
$1	1662	4562	1	0	2656	1.00	278	22.03.04	13:37	2	30	1390	1390	00	0000017026567	0	1	0	0	0	0	0	0
$1	1662	4562	2	0	2961	1.00	730	22.03.04	13:37	2	30	3650	3650	00	0000019029610	0	1	0	0	0	0	0	0
$1	1662	4562	3	0	2993	1.00	458	22.03.04	13:37	2	30	2290	2290	00	0000019029931	0	1	0	0	0	0	0	0
$1	1662	4563	1	0	1226	1.00	490	22.03.04	13:40	2	30	490	490	00	5909990219025	0	0	0	0	0	0	0	0
$1	1662	4563	2	0	1093	1.00	700	22.03.04	13:40	2	30	700	700	00	5906365702212	0	0	0	0	0	0	0	0
$1	1662	4564	1	0	2542	1.00	95	22.03.04	14:25	2	30	95	950	00	0000017025423	0	0	0	0	0	0	0	1
$1	1662	4565	1	0	2053	1.00	2550	22.03.04	15:18	1	30	2550	2550	00	0000011020530	0	0	0	0	0	0	0	0
$1	1662	4566	1	0	2011	1.00	2990	22.03.04	15:30	2	30	2990	2990	00	0000009020115	0	0	0	0	0	0	0	0
$1	1663	4569	1	0	3154	1.00	3550	22.03.05	09:48	1	30	3550	3550	00	0000002031545	0	0	0	0	0	0	0	0
$1	1663	4569	2	0	0462	1.00	2490	22.03.05	09:48	1	30	2490	2490	00	5907502687256	0	0	0	0	0	0	0	0
$1	1663	4570	1	0	0880	1.00	6850	22.03.05	09:52	1	30	6850	6850	00	0000004008804	0	0	0	0	0	0	0	0
$1	1663	4570	2	0	0881	1.00	5490	22.03.05	09:52	1	30	5490	5490	00	5906395235018	0	0	0	0	0	0	0	0
$1	1663	4570	3	0	0906	1.00	5900	22.03.05	09:52	1	30	5900	5900	00	0000004009061	0	0	0	0	0	0	0	0
$1	1663	4570	4	0	1495	1.00	6950	22.03.05	09:52	3	30	6950	6950	00	5907804205288	0	0	0	0	0	0	0	0
$1	1663	4571	1	0	0508	1.00	2190	22.03.05	09:54	1	30	2190	2190	00	5902249010459	0	0	0	0	0	0	0	0
$1	1663	4572	1	0	2265	1.00	850	22.03.05	09:57	2	30	850	850	00	0000020022655	0	0	0	0	0	0	0	0
$1	1663	4573	1	0	1507	1.00	5990	22.03.05	10:05	3	30	5990	5990	00	5907804205233	0	0	0	0	0	0	0	0
$1	1663	4574	1	0	0666	1.00	2590	22.03.05	10:19	1	30	2590	2590	00	0000002006666	0	0	0	0	0	0	0	0
$1	1663	4574	2	0	0051	1.000	3650	22.03.05	10:19	1	30	3650	3650	00	0000000000000	0	0	0	0	0	0	0	0
$1	1663	4574	3	0	3482	1.00	1890	22.03.05	10:19	1	30	1890	1890	00	0000001034820	0	0	0	0	0	0	0	0
$1	1663	4575	1	0	0227	1.000	690	22.03.05	10:29	1	30	690	690	00	0000000000000	0	0	0	0	0	0	0	0
$1	1663	4575	2	0	2026	1.00	2650	22.03.05	10:29	1	30	2650	2650	00	0000010020265	0	0	0	0	0	0	0	0
$1	1663	4575	3	0	3901	2.00	1900	22.03.05	10:29	1	30	1900	1900	00	0000028039013	0	0	0	0	0	0	0	0
$10	1663	4576	1	0	2026	1.00	2650	22.03.05	10:31	1	30	2650	2650	00	0000010020265	0	0	0	0	0	0	0	0
$1	1663	4576	1	0	2026	1.00	2650	22.03.05	10:31	1	30	2650	2650	00	0000010020265	0	0	0	0	0	0	0	0
$1	1663	4576	2	0	0227	1.000	990	22.03.05	10:31	1	30	990	990	00	0000000000000	0	0	0	0	0	0	0	0
$1	1663	4576	3	0	0227	1.000	690	22.03.05	10:31	1	30	690	690	00	0000000000000	0	0	0	0	0	0	0	0
$1	1663	4576	4	0	3901	2.00	1900	22.03.05	10:31	1	30	1900	1900	00	0000028039013	0	0	0	0	0	0	0	0
$1	1663	4577	1	0	0976	1.00	1590	22.03.05	10:44	2	30	1590	1590	00	0000005009763	0	0	0	0	0	0	0	0
$1	1663	4578	1	0	0451	1.00	4250	22.03.05	11:28	1	30	4250	4250	00	5907502687102	0	0	0	0	0	0	0	0
$1	1663	4579	1	0	3560	3.00	1800	22.03.05	12:01	2	30	1800	1800	00	0000020035600	0	0	0	0	0	0	0	0
$1	1663	4579	2	0	3032	1.00	500	22.03.05	12:01	2	30	500	500	00	0000020030322	0	0	0	0	0	0	0	0
$1	1663	4579	3	0	3036	1.00	450	22.03.05	12:01	2	30	450	450	00	0000020030360	0	0	0	0	0	0	0	0
$1	1663	4580	1	0	3038	1.00	750	22.03.05	12:28	2	30	750	750	00	0000020030384	0	0	0	0	0	0	0	0
$1	1663	4580	2	0	3919	1.00	1950	22.03.05	12:28	1	30	1950	1950	00	0000014039195	0	0	0	0	0	0	0	0
$1	1663	4581	1	0	1249	1.00	790	22.03.05	12:38	2	30	790	790	00	5909994310667	0	0	0	0	0	0	0	0
$1	1663	4581	2	0	1191	1.00	450	22.03.05	12:38	2	30	450	450	00	5909990628490	0	0	0	0	0	0	0	0
$1	1663	4582	1	0	0983	1.00	750	22.03.05	12:40	4	30	750	750	00	0000005009831	0	0	0	0	0	0	0	0
$1	1663	4583	1	0	0026	1.000	1090	22.03.05	12:42	1	30	1090	1090	00	0000000000000	0	0	0	0	0	0	0	0
$1	1663	4584	1	0	0065	1.000	800	22.03.05	12:57	1	30	800	800	00	0000000000000	0	0	0	0	0	0	0	0
$1	1664	4590	1	0	3592	1.00	4950	22.03.08	09:59	2	30	4950	4950	00	0000037035921	0	0	0	0	0	0	0	0
$1	1664	4590	2	0	0006	1.000	4150	22.03.08	09:59	1	30	4150	4150	00	0000000000000	0	0	0	0	0	0	0	0
$1	1664	4591	1	0	2265	1.00	850	22.03.08	10:04	2	30	850	850	00	0000020022655	0	0	0	0	0	0	0	0
$1	1664	4592	1	0	1068	1.00	650	22.03.08	10:07	2	30	650	650	00	5905279799400	0	0	0	0	0	0	0	0
$1	1664	4593	1	0	2272	1.00	4390	22.03.08	10:08	1	30	4390	4390	00	0000014022722	0	0	0	0	0	0	0	0
$1	1664	4594	1	0	2050	1.00	2550	22.03.08	10:32	1	30	2550	2550	00	0000011020509	0	0	0	0	0	0	0	0
$1	1664	4594	2	0	2053	1.00	2550	22.03.08	10:32	1	30	2550	2550	00	0000011020530	0	0	0	0	0	0	0	0
$1	1664	4595	1	0	3901	1.00	950	22.03.08	10:52	1	30	950	950	00	0000028039013	0	0	0	0	0	0	0	0
$1	1664	4595	2	0	2350	1.00	700	22.03.08	10:52	1	30	700	700	00	0000015023506	0	0	0	0	0	0	0	0
$1	1664	4596	1	0	3348	1.00	550	22.03.08	11:12	3	30	550	550	00	0000005033485	0	0	0	0	0	0	0	0
$1	1664	4597	1	0	3739	2.00	1300	22.03.08	12:18	1	30	1300	1300	00	0000025037395	0	0	0	0	0	0	0	0
$1	1664	4597	2	0	3740	1.00	490	22.03.08	12:18	1	30	490	490	00	0000025037401	0	0	0	0	0	0	0	0
$1	1664	4598	1	0	2350	3.00	2100	22.03.08	12:25	1	30	2100	2100	00	0000015023506	0	0	0	0	0	0	0	0
$1	1664	4599	1	0	1049	1.00	1390	22.03.08	13:04	4	30	1390	1390	00	0000005010493	0	0	0	0	0	0	0	0
$1	1664	4600	1	0	2729	1.00	3390	22.03.08	13:20	2	30	3390	3390	00	0000017027298	0	0	0	0	0	0	0	0
$1	1664	4601	1	0	2350	2.00	1400	22.03.08	13:26	1	30	1400	1400	00	0000015023506	0	0	0	0	0	0	0	0
$1	1664	4602	1	0	3529	1.00	3950	22.03.08	13:39	1	30	3950	3950	00	0000024035293	0	0	0	0	0	0	0	0
$1	1664	4603	1	0	1543	1.00	4750	22.03.08	14:25	3	30	4750	4750	00	5907804205073	0	0	0	0	0	0	0	0
$1	1664	4604	1	0	2500	1.00	2990	22.03.08	14:48	1	30	2990	2990	00	0000020025007	0	0	0	0	0	0	0	0
$1	1664	4604	2	0	2467	1.00	1450	22.03.08	14:48	2	30	1450	1450	00	0000020024673	0	0	0	0	0	0	0	0
$1	1664	4605	1	0	1534	2.00	1700	22.03.08	15:02	3	30	1700	1700	00	5906660810421	0	0	0	0	0	0	0	0
$1	1664	4605	2	0	1534	2.00	1700	22.03.08	15:02	3	30	1700	1700	00	5906660810421	0	0	0	0	0	0	0	0
$1	1664	4605	3	0	2049	1.00	2190	22.03.08	15:02	2	30	2190	2190	00	0000006020491	0	0	0	0	0	0	0	0
$1	1664	4606	1	0	1534	1.00	850	22.03.08	15:07	3	30	850	850	00	0000007015342	0	0	0	0	0	0	0	0
$1	1664	4607	1	0	1107	1.00	450	22.03.08	15:36	2	30	450	450	00	5909994311466	0	0	0	0	0	0	0	0
$1	1664	4608	1	0	1215	1.00	650	22.03.08	16:31	2	30	650	650	00	0000005012152	0	0	0	0	0	0	0	0
$1	1664	4609	1	0	3355	1.00	3990	22.03.08	17:05	1	30	3990	3990	00	0000008033550	0	0	0	0	0	0	0	0
$1	1664	4609	2	0	1011	1.00	550	22.03.08	17:05	2	30	550	550	00	0000005010110	0	0	0	0	0	0	0	0
$1	1665	4613	1	0	2350	1.00	700	22.03.09	10:07	1	30	700	700	00	0000015023506	0	0	0	0	0	0	0	0
$1	1665	4614	1	0	1409	1.00	4418	22.03.09	10:13	1	30	4418	4650	00	0000006014094	0	0	0	0	0	0	0	1
$1	1665	4615	1	0	1211	2.00	900	22.03.09	10:21	2	30	900	900	00	5909994309920	0	0	0	0	0	0	0	0
$1	1665	4616	1	0	0557	1.00	2590	22.03.09	10:33	1	30	2590	2590	00	5902249010411	0	0	0	0	0	0	0	0
$1	1665	4616	2	0	0061	1.000	690	22.03.09	10:33	1	30	690	690	00	0000000000000	0	0	0	0	0	0	0	0
$1	1665	4616	3	0	1377	1.00	1850	22.03.09	10:33	1	30	1850	1850	00	0000006013776	0	0	0	0	0	0	0	0
$1	1665	4617	1	0	2666	1.00	2390	22.03.09	10:37	3	30	2390	2390	00	0000017026666	0	0	0	0	0	0	0	0
$1	1665	4618	1	0	3363	1.00	490	22.03.09	11:35	2	30	490	490	00	0000022033635	0	0	0	0	0	0	0	0
$1	1665	4618	2	0	3374	1.00	600	22.03.09	11:35	2	30	600	600	00	0000005033744	0	0	0	0	0	0	0	0
$1	1665	4618	3	0	3379	1.00	600	22.03.09	11:35	2	30	600	600	00	0000005033799	0	0	0	0	0	0	0	0
$1	1665	4618	4	0	0508	1.00	2190	22.03.09	11:35	1	30	2190	2190	00	5902249010459	0	0	0	0	0	0	0	0
$1	1665	4619	1	0	0182	1.000	760	22.03.09	11:56	2	30	760	760	00	0000000000000	0	0	0	0	0	0	0	0
$1	1665	4619	2	0	2265	1.00	850	22.03.09	11:56	2	30	850	850	00	0000020022655	0	0	0	0	0	0	0	0
$1	1665	4620	1	0	0987	1.00	950	22.03.09	12:17	1	30	950	950	00	5906365702427	0	0	0	0	0	0	0	0
$1	1665	4621	1	0	2350	2.00	1400	22.03.09	12:27	1	30	1400	1400	00	0000015023506	0	0	0	0	0	0	0	0
$1	1665	4621	2	0	3559	1.00	490	22.03.09	12:27	2	30	490	490	00	0000020035594	0	0	0	0	0	0	0	0
$1	1665	4621	3	0	2473	1.00	490	22.03.09	12:27	2	30	490	490	00	0000020024734	0	0	0	0	0	0	0	0
$1	1665	4621	4	0	0534	1.00	2490	22.03.09	12:27	1	30	2490	2490	00	5902249010053	0	0	0	0	0	0	0	0
$1	1665	4621	5	0	0557	1.00	100	22.03.09	12:27	1	30	100	2590	00	5902249010411	0	0	0	0	0	0	0	1
$1	1665	4622	1	0	1183	1.00	650	22.03.09	12:29	2	30	650	650	00	5909990628414	0	0	0	0	0	0	0	0
$1	1665	4623	1	0	1703	1.00	1950	22.03.09	12:33	1	30	1950	1950	00	0000007017032	0	0	0	0	0	0	0	0
$1	1665	4623	2	0	1574	2.00	980	22.03.09	12:33	4	30	980	980	00	5906660817215	0	0	0	0	0	0	0	0
$1	1665	4623	3	0	1587	1.00	1350	22.03.09	12:33	1	30	1350	1350	00	0000007015878	0	0	0	0	0	0	0	0
$1	1665	4623	4	0	3033	1.00	450	22.03.09	12:33	4	30	450	450	00	0000020030339	0	0	0	0	0	0	0	0
$10	1665	4624	1	0	0633	1.00	5450	22.03.09	12:49	1	30	5450	5450	00	5902249011388	0	0	0	0	0	0	0	0
$1	1665	4624	1	0	3103	1.00	3500	22.03.09	12:49	2	30	3500	3500	00	0000020031039	0	0	0	0	0	0	0	0
$1	1665	4624	2	0	2290	1.00	1850	22.03.09	12:49	1	30	1850	1850	00	0000014022906	0	0	0	0	0	0	0	0
$1	1665	4624	3	0	1716	1.00	3550	22.03.09	12:49	1	30	3550	3550	00	0000034017166	0	0	0	0	0	0	0	0
$1	1665	4624	4	0	1452	1.00	1490	22.03.09	12:49	1	30	1490	1490	00	0000034014523	0	0	0	0	0	0	0	0
$1	1665	4624	5	0	1708	1.00	1590	22.03.09	12:49	1	30	1590	1590	00	0000034017081	0	0	0	0	0	0	0	0
$1	1665	4624	6	0	0041	1.000	2850	22.03.09	12:49	1	30	2850	2850	00	0000000000000	0	0	0	0	0	0	0	0
$1	1665	4624	7	0	1601	1.00	750	22.03.09	12:49	1	30	750	750	00	0000007016011	0	0	0	0	0	0	0	0
$1	1665	4624	8	0	1593	1.00	1350	22.03.09	12:49	1	30	1350	1350	00	0000007015939	0	0	0	0	0	0	0	0
$1	1665	4625	1	0	1055	1.00	950	22.03.09	14:51	3	30	950	950	00	0000005010554	0	0	0	0	0	0	0	0
$1	1665	4626	1	0	0518	1.00	2290	22.03.09	15:07	1	30	2290	2290	00	5907502687812	0	0	0	0	0	0	0	0
$1	1665	4627	1	0	1948	1.00	1550	22.03.09	15:37	2	30	1550	1550	00	0000009019485	0	0	0	0	0	0	0	0
$1	1665	4627	2	0	1956	1.00	1700	22.03.09	15:37	2	30	1700	1700	00	0000009019560	0	0	0	0	0	0	0	0
$1	1665	4628	1	0	3592	1.00	3500	22.03.09	15:50	2	30	3500	4950	00	0000037035921	0	0	0	0	0	0	0	1
$1	1665	4629	1	0	0856	1.00	7900	22.03.09	16:11	1	30	7900	7900	00	0000004008569	0	0	0	0	0	0	0	0
$1	1665	4630	1	0	1562	1.00	2550	22.03.09	16:13	4	30	2550	2550	00	0000007015625	0	0	0	0	0	0	0	0
$1	1665	4631	1	0	1816	1.00	2490	22.03.09	16:24	1	30	2490	2490	00	0000008018168	0	0	0	0	0	0	0	0
$1	1665	4631	2	0	1820	1.00	1990	22.03.09	16:24	1	30	1990	1990	00	5701278288101	0	0	0	0	0	0	0	0
$10	1665	4632	1	0	2350	6.00	4200	22.03.09	16:39	1	30	4200	4200	00	0000015023506	0	0	0	0	0	0	0	0
$10	1665	4632	2	0	2270	1.00	4190	22.03.09	16:39	1	30	4190	4190	00	0000014022708	0	0	0	0	0	0	0	0
$1	1665	4632	1	0	2350	6.00	4200	22.03.09	16:39	1	30	4200	4200	00	0000015023506	0	0	0	0	0	0	0	0
$1	1665	4632	2	0	3221	1.00	4550	22.03.09	16:39	1	30	4550	4550	00	5902729034302	0	0	0	0	0	0	0	0
$12	1665	1	1	0	3221	1.00	4550	22.03.09	17:28	1	30	4550	4550	00	5902729034302	0	0	0	0	0	0	0	0
