#1	COM5:57600:MUX0:1	3	2022.07.20	12:34	OPSpRoz4	WIN 13.32.2020	OPSPROZ4IN.txt	OPSPROZ4OUT.txt
#
#Jota E 4095 PLU II gen. ver. 01 (identyfikator odczytany z urzadzenia i pliku ECRTBUF.TXT)
$1	1724	5789	1	0	3900	1.00	33	22.05.31	09:31	1	30	33	3290	00	0000028039006	0	0	0	0	0	0	0	1
$1	1724	5790	1	0	1232	1.00	450	22.05.31	09:39	2	30	450	450	00	5909990219520	0	0	0	0	0	0	0	0
$1	1724	5790	2	0	1097	1.00	400	22.05.31	09:39	4	30	400	400	00	5909994310568	0	0	0	0	0	0	0	0
$10	1724	5791	1	0	0993	1.00	490	22.05.31	09:43	2	30	490	490	00	5906365702991	0	0	0	0	0	0	0	0
$10	1724	5791	2	0	0993	1.00	490	22.05.31	09:43	2	30	490	490	00	5906365702991	0	0	0	0	0	0	0	0
$1	1724	5791	1	0	0993	1.00	5	22.05.31	09:43	2	30	5	490	00	5906365702991	0	0	0	0	0	0	0	1
$1	1724	5792	1	0	3360	1.00	5790	22.05.31	11:09	1	30	5790	5790	00	0000000000536	0	0	0	0	0	0	0	0
$1	1724	5792	2	0	3469	1.00	3750	22.05.31	11:09	1	30	3750	3750	00	0000024034692	0	0	0	0	0	0	0	0
$1	1724	5793	1	0	0047	1.000	6850	22.05.31	11:22	1	30	6850	6850	00	0000000000000	0	0	0	0	0	0	0	0
$1	1724	5793	2	0	1916	1.00	1790	22.05.31	11:22	1	30	1790	1790	00	0000009019164	0	0	0	0	0	0	0	0
$1	1724	5793	3	0	0041	1.000	490	22.05.31	11:22	1	30	490	490	00	0000000000000	0	0	0	0	0	0	0	0
$1	1724	5794	1	0	0586	1.00	690	22.05.31	11:23	1	30	690	690	00	5902249010527	0	0	0	0	0	0	0	0
$1	1724	5795	1	0	0595	1.00	1090	22.05.31	11:33	1	30	1090	1090	00	8691190890988	0	0	0	0	0	0	0	0
$1	1724	5795	2	0	4022	1.00	3090	22.05.31	11:33	1	30	3090	3090	00	8691190375034	0	0	0	0	0	0	0	0
$1	1724	5796	1	0	2596	1.00	1090	22.05.31	11:39	1	30	1090	1090	00	0000017025966	0	0	0	0	0	0	0	0
$1	1724	5797	1	0	1068	1.00	650	22.05.31	11:40	2	30	650	650	00	5905279799400	0	0	0	0	0	0	0	0
$1	1724	5798	1	0	0492	1.00	3050	22.05.31	12:39	1	30	3050	3050	00	5902249011449	0	0	0	0	0	0	0	0
$1	1724	5799	1	0	0893	1.00	4500	22.05.31	12:50	1	30	4500	4500	00	0000004008934	0	0	0	0	0	0	0	0
$1	1724	5800	1	0	1339	1.00	1390	22.05.31	13:18	3	30	1390	1390	00	0000006013394	0	0	0	0	0	0	0	0
$1	1724	5801	1	0	0369	1.00	1390	22.05.31	13:19	1	30	1390	1390	00	5906874565070	0	0	0	0	0	0	0	0
$1	1724	5802	1	0	3901	1.00	950	22.05.31	13:44	1	30	950	950	00	0000028039013	0	0	0	0	0	0	0	0
$1	1724	5803	1	0	0586	1.00	690	22.05.31	14:15	1	30	690	690	00	5902249010527	0	0	0	0	0	0	0	0
$1	1724	5803	2	0	3620	1.00	250	22.05.31	14:15	1	30	250	250	00	5901887944737	0	0	0	0	0	0	0	0
$1	1724	5804	1	0	3630	1.00	890	22.05.31	14:28	1	30	890	890	00	0000026036304	0	0	0	0	0	0	0	0
$1	1724	5805	1	0	1455	1.00	2150	22.05.31	15:57	1	30	2150	2150	00	0000034014554	0	0	0	0	0	0	0	0
$1	1724	5805	2	0	0591	1.00	4250	22.05.31	15:57	1	30	4250	4250	00	5907502687928	0	0	0	0	0	0	0	0
$1	1724	5805	3	0	1605	1.00	1050	22.05.31	15:57	1	30	1050	1050	00	0000007016059	0	0	0	0	0	0	0	0
$1	1724	5805	4	0	0231	1.000	340	22.05.31	15:57	1	30	340	340	00	0000000000000	0	0	0	0	0	0	0	0
$1	1724	5805	5	0	1573	1.00	490	22.05.31	15:57	4	30	490	490	00	5906660817208	0	0	0	0	0	0	0	0
$1	1724	5806	1	0	0041	1.000	1640	22.05.31	16:59	1	30	1640	1640	00	0000000000000	0	0	0	0	0	0	0	0
$1	1725	5809	1	0	2350	1.00	700	22.06.01	10:06	1	30	700	700	00	0000015023506	0	0	0	0	0	0	0	0
$1	1725	5810	1	0	2053	1.00	2550	22.06.01	10:29	1	30	2550	2550	00	0000011020530	0	0	0	0	0	0	0	0
$1	1725	5811	1	0	1249	1.00	790	22.06.01	11:56	2	30	790	790	00	5909994310667	0	0	0	0	0	0	0	0
$1	1725	5811	2	0	1249	1.00	790	22.06.01	11:56	2	30	790	790	00	5909994310667	0	0	0	0	0	0	0	0
$1	1725	5811	3	0	1012	1.00	850	22.06.01	11:56	4	30	850	850	00	5909994310865	0	0	0	0	0	0	0	0
$1	1725	5812	1	0	0552	1.00	3450	22.06.01	12:08	1	30	3450	3450	00	5902249010381	0	0	0	0	0	0	0	0
$1	1725	5812	2	0	0550	1.00	2590	22.06.01	12:08	1	30	2590	2590	00	5902249010367	0	0	0	0	0	0	0	0
$1	1725	5812	3	0	0554	1.00	690	22.06.01	12:08	1	30	690	690	00	5902249010442	0	0	0	0	0	0	0	0
$1	1725	5813	1	0	1382	1.00	1990	22.06.01	12:21	1	30	1990	1990	00	0000006013820	0	0	0	0	0	0	0	0
$1	1725	5813	2	0	3903	1.00	2490	22.06.01	12:21	1	30	2490	2490	00	0000028039037	0	0	0	0	0	0	0	0
$1	1725	5813	3	0	3902	1.00	1390	22.06.01	12:21	1	30	1390	1390	00	0000028039020	0	0	0	0	0	0	0	0
$1	1725	5813	4	0	2165	1.00	1550	22.06.01	12:21	1	30	1550	1550	00	0000000025430	0	0	0	0	0	0	0	0
$1	1725	5814	1	0	0895	1.00	4400	22.06.01	12:41	1	30	4400	4400	00	0000004008958	0	0	0	0	0	0	0	0
$1	1725	5814	2	0	3812	1.00	2590	22.06.01	12:41	1	30	2590	2590	00	0000026038124	0	0	0	0	0	0	0	0
$1	1725	5814	3	0	1055	2.00	1780	22.06.01	12:41	4	30	1780	1780	00	5905279799141	0	0	0	0	0	0	0	0
$1	1725	5814	4	0	1189	1.00	590	22.06.01	12:41	2	30	590	590	00	5909994310711	0	0	0	0	0	0	0	0
$1	1725	5814	5	0	2964	1.00	1990	22.06.01	12:41	2	30	1990	1990	00	0000019029641	0	0	0	0	0	0	0	0
$1	1725	5815	1	0	3342	1.00	3450	22.06.01	13:14	1	30	3450	3450	00	5902249015997	0	0	0	0	0	0	0	0
$1	1725	5815	2	0	3341	1.00	2990	22.06.01	13:14	1	30	2990	2990	00	5902249015980	0	0	0	0	0	0	0	0
$1	1725	5815	3	0	2053	1.00	2550	22.06.01	13:14	1	30	2550	2550	00	0000011020530	0	0	0	0	0	0	0	0
$1	1725	5816	1	0	3472	1.00	6450	22.06.01	15:39	1	30	6450	6450	00	0000024034722	0	0	0	0	0	0	0	0
$1	1725	5816	2	0	3493	1.00	3950	22.06.01	15:39	1	30	3950	3950	00	0000024034937	0	0	0	0	0	0	0	0
$1	1725	5816	3	0	3496	1.00	3750	22.06.01	15:39	1	30	3750	3750	00	0000024034968	0	0	0	0	0	0	0	0
$1	1725	5816	4	0	1254	1.00	3750	22.06.01	15:39	1	30	3750	3750	00	5907155378068	0	0	0	0	0	0	0	0
$1	1725	5816	5	0	0316	1.00	1850	22.06.01	15:39	1	30	1850	1850	00	5905279370036	0	0	0	0	0	0	0	0
$1	1725	5816	6	0	3261	1.00	2950	22.06.01	15:39	1	30	2950	2950	00	0000001032611	0	0	0	0	0	0	0	0
$1	1725	5816	7	0	0592	1.00	2390	22.06.01	15:39	1	30	2390	2390	00	5902249010886	0	0	0	0	0	0	0	0
$1	1725	5817	1	0	1436	1.00	2850	22.06.01	16:13	1	30	2850	2850	00	0000034014363	0	0	0	0	0	0	0	0
$1	1725	5817	2	0	1436	1.00	2850	22.06.01	16:13	1	30	2850	2850	00	0000034014363	0	0	0	0	0	0	0	0
$1	1725	5817	3	0	0734	1.00	4750	22.06.01	16:13	1	30	4750	4750	00	0000003007341	0	0	0	0	0	0	0	0
$1	1725	5818	1	0	1055	1.00	890	22.06.01	16:31	4	30	890	890	00	5905279799141	0	0	0	0	0	0	0	0
$1	1725	5819	1	0	2787	1.00	7990	22.06.01	16:50	1	30	7990	7990	00	0000018027877	0	0	0	0	0	0	0	0
$1	1726	5821	1	0	3604	1.00	5450	22.06.02	09:57	1	30	5450	5450	00	5904708326002	0	0	0	0	0	0	0	0
$1	1726	5821	2	0	2428	1.00	2990	22.06.02	09:57	1	30	2990	2990	00	0000016024281	0	0	0	0	0	0	0	0
$1	1726	5822	1	0	0973	1.00	450	22.06.02	11:06	2	30	450	450	00	5905279799448	0	0	0	0	0	0	0	0
$1	1726	5822	2	0	2009	1.00	3290	22.06.02	11:06	1	30	3290	3290	00	0000009020092	0	0	0	0	0	0	0	0
$1	1726	5822	3	0	0586	1.00	690	22.06.02	11:06	1	30	690	690	00	5902249010527	0	0	0	0	0	0	0	0
$1	1726	5823	1	0	3492	1.00	3990	22.06.02	11:58	1	30	3990	3990	00	0000024034920	0	0	0	0	0	0	0	0
$1	1726	5823	2	0	1716	1.00	3550	22.06.02	11:58	1	30	3550	3550	00	0000034017166	0	0	0	0	0	0	0	0
$1	1726	5824	1	0	3516	1.00	1550	22.06.02	12:04	4	30	1550	1550	00	0000000000703	0	0	0	0	0	0	0	0
$1	1726	5824	2	0	1232	2.00	900	22.06.02	12:04	2	30	900	900	00	5909990219520	0	0	0	0	0	0	0	0
$1	1726	5824	3	0	1192	1.00	800	22.06.02	12:04	2	30	800	800	00	5909990219322	0	0	0	0	0	0	0	0
$1	1726	5825	1	0	1184	1.00	450	22.06.02	12:11	2	30	450	450	00	5909990628377	0	0	0	0	0	0	0	0
$1	1726	5825	2	0	1054	1.00	490	22.06.02	12:11	4	30	490	490	00	5907752643873	0	0	0	0	0	0	0	0
$1	1726	5826	1	0	0996	1.00	590	22.06.02	12:13	2	30	590	590	00	5906365702076	0	0	0	0	0	0	0	0
$1	1726	5826	2	0	1250	1.00	650	22.06.02	12:13	2	30	650	650	00	5909990628278	0	0	0	0	0	0	0	0
$1	1726	5826	3	0	1170	1.00	490	22.06.02	12:13	2	30	490	490	00	5909994311565	0	0	0	0	0	0	0	0
$1	1726	5826	4	0	1202	1.00	650	22.06.02	12:13	2	30	650	650	00	5909994309326	0	0	0	0	0	0	0	0
$1	1726	5826	5	0	1226	1.00	490	22.06.02	12:13	2	30	490	490	00	5909990219025	0	0	0	0	0	0	0	0
$1	1726	5826	6	0	1001	1.00	590	22.06.02	12:13	2	30	590	590	00	5909990903016	0	0	0	0	0	0	0	0
$1	1726	5826	7	0	1210	1.00	400	22.06.02	12:13	2	30	400	400	00	5909994310360	0	0	0	0	0	0	0	0
$1	1726	5826	8	0	1181	1.00	450	22.06.02	12:13	2	30	450	450	00	5909994310964	0	0	0	0	0	0	0	0
$1	1726	5826	9	0	1101	1.00	490	22.06.02	12:13	4	30	490	490	00	5905279799172	0	0	0	0	0	0	0	0
$1	1726	5827	1	0	1785	1.00	5450	22.06.02	12:19	1	30	5450	5450	00	5701278100243	0	0	0	0	0	0	0	0
$1	1726	5828	1	0	1010	1.00	450	22.06.02	12:20	4	30	450	450	00	5906365702908	0	0	0	0	0	0	0	0
$1	1726	5829	1	0	0031	1.000	2550	22.06.02	13:44	1	30	2550	2550	00	0000000000000	0	0	0	0	0	0	0	0
$1	1726	5830	1	0	3593	1.00	7690	22.06.02	13:45	1	30	7690	7690	00	0000036035939	0	0	0	0	0	0	0	0
$1	1726	5830	2	0	0002	1.000	2990	22.06.02	13:45	1	30	2990	2990	00	0000000000000	0	0	0	0	0	0	0	0
$1	1726	5830	3	0	2281	1.00	1950	22.06.02	13:45	1	30	1950	1950	00	0000014022814	0	0	0	0	0	0	0	0
$1	1726	5831	1	0	3128	1.00	850	22.06.02	14:08	2	30	850	850	00	0000020031282	0	0	0	0	0	0	0	0
$1	1726	5831	2	0	3043	1.00	700	22.06.02	14:08	2	30	700	700	00	0000020030438	0	0	0	0	0	0	0	0
$1	1726	5831	3	0	3058	1.00	890	22.06.02	14:08	2	30	890	890	00	0000020030582	0	0	0	0	0	0	0	0
$1	1726	5832	1	0	2350	5.00	3500	22.06.02	14:09	1	30	3500	3500	00	0000015023506	0	0	0	0	0	0	0	0
$1	1726	5833	1	0	2053	1.00	2550	22.06.02	15:12	1	30	2550	2550	00	0000011020530	0	0	0	0	0	0	0	0
$1	1726	5833	2	0	2053	1.00	2550	22.06.02	15:12	1	30	2550	2550	00	0000011020530	0	0	0	0	0	0	0	0
$1	1726	5834	1	0	0726	1.00	5900	22.06.02	15:27	1	30	5900	5900	00	0000003007266	0	0	0	0	0	0	0	0
$1	1726	5834	2	0	0850	1.00	2490	22.06.02	15:27	1	30	2490	2490	00	0000004008507	0	0	0	0	0	0	0	0
$1	1726	5835	1	0	3235	1.00	1490	22.06.02	15:50	1	30	1490	1490	00	0000018032352	0	0	0	0	0	0	0	0
$1	1726	5836	1	0	0352	1.00	28	22.06.02	15:52	1	30	2750	2750	00	5900168900196	0	1	0	0	0	0	0	0
$1	1726	5836	2	0	0313	1.00	19	22.06.02	15:52	1	30	1890	1890	00	5900168907249	0	1	0	0	0	0	0	0
$1	1726	5836	3	0	0371	1.00	18	22.06.02	15:52	1	30	1790	1790	00	5906874565292	0	1	0	0	0	0	0	0
$1	1726	5836	4	0	2162	1.00	16	22.06.02	15:52	1	30	1550	1550	00	5901887032908	0	1	0	0	0	0	0	0
$1	1726	5836	5	0	2165	1.00	16	22.06.02	15:52	1	30	1550	1550	00	0000000025430	0	1	0	0	0	0	0	0
$10	1726	5837	1	0	0670	1.00	1437	22.06.02	16:25	1	30	1437	1690	00	0000002006703	0	0	0	0	0	0	0	1
$10	1726	5837	2	0	0670	1.00	1690	22.06.02	16:25	1	30	1690	1690	00	0000002006703	0	0	0	0	0	0	0	0
$1	1726	5837	1	0	0670	1.00	1268	22.06.02	16:25	1	30	1268	1690	00	0000002006703	0	0	0	0	0	0	0	1
$1	1726	5838	1	0	0225	1.000	460	22.06.02	16:36	1	30	460	460	00	0000000000000	0	0	0	0	0	0	0	0
$1	1726	5838	2	0	2011	1.00	3150	22.06.02	16:36	2	30	3150	3150	00	0000009020115	0	0	0	0	0	0	0	0
$1	1726	5838	3	0	1584	1.00	1550	22.06.02	16:36	1	30	1550	1550	00	0000007015847	0	0	0	0	0	0	0	0
$1	1726	5838	4	0	2691	1.00	1950	22.06.02	16:36	4	30	1950	1950	00	0000017026918	0	0	0	0	0	0	0	0
$1	1726	5838	5	0	2505	1.00	1790	22.06.02	16:36	1	30	1790	1790	00	0000020025052	0	0	0	0	0	0	0	0
$1	1726	5838	6	0	3043	1.00	700	22.06.02	16:36	2	30	700	700	00	0000020030438	0	0	0	0	0	0	0	0
$1	1726	5838	7	0	3058	1.00	890	22.06.02	16:36	2	30	890	890	00	0000020030582	0	0	0	0	0	0	0	0
$1	1726	5838	8	0	0182	1.000	670	22.06.02	16:36	2	30	670	670	00	0000000000000	0	0	0	0	0	0	0	0
$12	1726	1	1	0	1724	1.00	4232	22.06.02	16:41	1	30	4232	5290	00	0000008017246	0	0	0	0	0	0	0	1
$1	1726	5840	1	0	0282	1.00	4490	22.06.02	16:41	1	30	4490	4490	00	5711914179526	0	0	0	0	0	0	0	0
$1	1727	5843	1	0	3266	1.00	3750	22.06.03	10:08	1	30	3750	3750	00	0000014032660	0	0	0	0	0	0	0	0
$1	1727	5844	1	0	3340	1.00	1990	22.06.03	10:14	1	30	1990	1990	00	0000002033402	0	0	0	0	0	0	0	0
$1	1727	5845	1	0	1369	1.00	890	22.06.03	10:35	1	30	890	890	00	8691190142018	0	0	0	0	0	0	0	0
$10	1727	5846	1	0	1890	1.00	1290	22.06.03	10:38	1	30	1290	1290	00	8691190069797	0	0	0	0	0	0	0	0
$10	1727	5846	2	0	3684	1.00	890	22.06.03	10:38	1	30	890	890	00	8691190391010	0	0	0	0	0	0	0	0
$10	1727	5846	3	0	1374	1.00	2450	22.06.03	10:38	1	30	2450	2450	00	8691190595012	0	0	0	0	0	0	0	0
$1	1727	5846	1	0	1890	1.00	1290	22.06.03	10:38	1	30	1290	1290	00	8691190069797	0	0	0	0	0	0	0	0
$1	1727	5846	2	0	1374	1.00	2450	22.06.03	10:38	1	30	2450	2450	00	8691190595012	0	0	0	0	0	0	0	0
$1	1727	5847	1	0	2024	1.00	1990	22.06.03	10:45	1	30	1990	2490	00	0000010020241	0	0	0	0	0	0	0	1
$1	1727	5847	2	0	2024	1.00	1990	22.06.03	10:45	1	30	1990	2490	00	0000010020241	0	0	0	0	0	0	0	1
$1	1727	5847	3	0	2024	1.00	1990	22.06.03	10:45	1	30	1990	2490	00	0000010020241	0	0	0	0	0	0	0	1
$1	1727	5847	4	0	0297	1.00	2000	22.06.03	10:45	1	30	2000	2000	00	0000000000185	0	0	0	0	0	0	0	0
$1	1727	5848	1	0	0973	1.00	450	22.06.03	10:45	2	30	450	450	00	5905279799448	0	0	0	0	0	0	0	0
$1	1727	5849	1	0	1574	4.00	2200	22.06.03	11:20	4	30	2200	2200	00	5906660817215	0	0	0	0	0	0	0	0
$1	1727	5850	1	0	2350	1.00	700	22.06.03	11:28	1	30	700	700	00	0000015023506	0	0	0	0	0	0	0	0
$10	1727	5851	1	0	0605	1.00	4250	22.06.03	11:41	1	30	4250	4250	00	5902249011098	0	0	0	0	0	0	0	0
$1	1727	5851	1	0	0586	1.00	690	22.06.03	11:41	1	30	690	690	00	5902249010527	0	0	0	0	0	0	0	0
$1	1727	5852	1	0	3465	1.00	1990	22.06.03	12:00	1	30	1990	1990	00	0000006013691	0	0	0	0	0	0	0	0
$1	1727	5852	2	0	1370	1.00	1890	22.06.03	12:00	1	30	1890	1890	00	0000006013707	0	0	0	0	0	0	0	0
$1	1727	5853	1	0	3345	1.00	23	22.06.03	12:32	1	30	23	2290	00	5902249015966	0	0	0	0	0	0	0	1
$1	1727	5854	1	0	2053	1.00	2550	22.06.03	13:12	1	30	2550	2550	00	0000011020530	0	0	0	0	0	0	0	0
$1	1727	5854	2	0	2024	1.00	2490	22.06.03	13:12	1	30	2490	2490	00	0000010020241	0	0	0	0	0	0	0	0
$1	1727	5855	1	0	2350	2.00	1400	22.06.03	13:34	1	30	1400	1400	00	0000015023506	0	0	0	0	0	0	0	0
$1	1727	5856	1	0	2162	1.00	1550	22.06.03	13:38	1	30	1550	1550	00	5901887032908	0	0	0	0	0	0	0	0
$1	1727	5857	1	0	1134	1.00	590	22.06.03	13:58	2	30	590	590	00	0000005011346	0	0	0	0	0	0	0	0
$1	1727	5858	1	0	1534	1.00	1250	22.06.03	14:01	1	30	1250	1250	00	0000007015342	0	0	0	0	0	0	0	0
$1	1727	5859	1	0	0041	2.000	700	22.06.03	14:01	1	30	700	700	00	0000000000000	0	0	0	0	0	0	0	0
$1	1727	5860	1	0	1820	1.00	1990	22.06.03	14:22	1	30	1990	1990	00	0000008018205	0	0	0	0	0	0	0	0
$1	1727	5861	1	0	1825	1.00	2350	22.06.03	14:56	1	30	2350	2350	00	0000008018250	0	0	0	0	0	0	0	0
$1	1727	5862	1	0	0458	1.00	1290	22.06.03	16:14	1	30	1290	1290	00	5907502687072	0	0	0	0	0	0	0	0
$1	1727	5863	1	0	3401	1.00	2590	22.06.03	16:17	1	30	2590	2590	00	0000023034013	0	0	0	0	0	0	0	0
$1	1727	5863	2	0	3494	1.00	3650	22.06.03	16:17	1	30	3650	3650	00	0000024034944	0	0	0	0	0	0	0	0
$1	1727	5863	3	0	3521	1.00	3450	22.06.03	16:17	1	30	3450	3450	00	0000024035217	0	0	0	0	0	0	0	0
$1	1727	5863	4	0	1557	1.00	2390	22.06.03	16:17	3	30	2390	2390	00	0000007015571	0	0	0	0	0	0	0	0
$1	1727	5863	5	0	3092	1.00	3500	22.06.03	16:17	2	30	3500	3500	00	0000020031039	0	0	0	0	0	0	0	0
$1	1727	5863	6	0	0225	1.000	200	22.06.03	16:17	1	30	200	200	00	0000000000000	0	0	0	0	0	0	0	0
$1	1727	5864	1	0	2053	1.00	2550	22.06.03	16:20	1	30	2550	2550	00	0000011020530	0	0	0	0	0	0	0	0
$1	1727	5864	2	0	2050	1.00	2550	22.06.03	16:20	1	30	2550	2550	00	0000011020509	0	0	0	0	0	0	0	0
$1	1727	5865	1	0	2871	1.00	8150	22.06.03	16:29	1	30	8150	8150	00	0000018028713	0	0	0	0	0	0	0	0
$1	1727	5865	2	0	1602	1.00	850	22.06.03	16:29	1	30	850	850	00	0000007016028	0	0	0	0	0	0	0	0
$1	1727	5865	3	0	1594	1.00	1590	22.06.03	16:29	1	30	1590	1590	00	0000007015946	0	0	0	0	0	0	0	0
$1	1727	5865	4	0	3559	1.00	1990	22.06.03	16:29	1	30	1990	1990	00	0000006013783	0	0	0	0	0	0	0	0
$1	1727	5866	1	0	0812	1.00	3750	22.06.03	16:39	1	30	3750	3750	00	0000024008129	0	0	0	0	0	0	0	0
$1	1727	5866	2	0	3490	1.00	6490	22.06.03	16:39	1	30	6490	6490	00	0000024034906	0	0	0	0	0	0	0	0
$1	1727	5866	3	0	0455	1.00	4350	22.06.03	16:39	1	30	4350	4350	00	5907502687171	0	0	0	0	0	0	0	0
$1	1728	5870	1	0	0480	1.00	3550	22.06.04	10:22	1	30	3550	3550	00	5902249010428	0	0	0	0	0	0	0	0
$1	1728	5870	2	0	1442	1.00	2150	22.06.04	10:22	1	30	2150	2150	00	0000034014424	0	0	0	0	0	0	0	0
$1	1728	5870	3	0	0231	1.000	890	22.06.04	10:22	1	30	890	890	00	0000000000000	0	0	0	0	0	0	0	0
$1	1728	5871	1	0	0971	2.00	1580	22.06.04	10:27	2	30	1580	1580	00	5905279799516	0	0	0	0	0	0	0	0
$1	1728	5871	2	0	2009	1.00	3290	22.06.04	10:27	1	30	3290	3290	00	0000009020092	0	0	0	0	0	0	0	0
$1	1728	5872	1	0	1133	1.00	1250	22.06.04	10:28	4	30	1250	1250	00	5905279799592	0	0	0	0	0	0	0	0
$1	1728	5872	2	0	2350	1.00	700	22.06.04	10:28	1	30	700	700	00	0000015023506	0	0	0	0	0	0	0	0
$1	1728	5873	1	0	0589	1.00	1090	22.06.04	10:58	1	30	1090	1090	00	8691190890902	0	0	0	0	0	0	0	0
$10	1728	5874	1	0	3343	1.00	1250	22.06.04	11:14	1	30	1250	1250	00	0000002033433	0	0	0	0	0	0	0	0
$10	1728	5874	2	0	3343	1.00	1250	22.06.04	11:14	1	30	1250	1250	00	0000002033433	0	0	0	0	0	0	0	0
$1	1728	5874	1	0	0041	1.000	2690	22.06.04	11:14	1	30	2690	2690	00	0000000000000	0	0	0	0	0	0	0	0
$1	1728	5875	1	0	0012	1.000	1240	22.06.04	11:17	1	30	1240	1240	00	0000000000000	0	0	0	0	0	0	0	0
$1	1728	5875	2	0	0012	1.000	1150	22.06.04	11:17	1	30	1150	1150	00	0000000000000	0	0	0	0	0	0	0	0
$1	1728	5876	1	0	1221	1.00	1350	22.06.04	11:22	2	30	1350	1350	00	5909990224616	0	0	0	0	0	0	0	0
$1	1728	5876	2	0	0012	1.000	1390	22.06.04	11:22	1	30	1390	1390	00	0000000000000	0	0	0	0	0	0	0	0
$1	1728	5877	1	0	0066	1.000	1190	22.06.04	11:45	1	30	1190	1190	00	0000000000000	0	0	0	0	0	0	0	0
$1	1728	5878	1	0	0855	1.00	7900	22.06.04	12:09	1	30	7900	7900	00	0000004008552	0	0	0	0	0	0	0	0
$1	1728	5878	2	0	1513	1.00	2050	22.06.04	12:09	4	30	2050	2050	00	5907804205271	0	0	0	0	0	0	0	0
$1	1728	5878	3	0	1605	1.00	1050	22.06.04	12:09	1	30	1050	1050	00	0000007016059	0	0	0	0	0	0	0	0
$1	1728	5878	4	0	0441	1.00	4490	22.06.04	12:09	1	30	4490	4490	00	0000000000239	0	0	0	0	0	0	0	0
$1	1728	5878	5	0	1605	1.00	1050	22.06.04	12:09	1	30	1050	1050	00	0000007016059	0	0	0	0	0	0	0	0
$1	1728	5878	6	0	0441	1.00	4490	22.06.04	12:09	1	30	4490	4490	00	0000000000239	0	0	0	0	0	0	0	0
$1	1728	5878	7	0	3093	1.00	1150	22.06.04	12:09	2	30	1150	1150	00	0000020031107	0	0	0	0	0	0	0	0
$1	1728	5878	8	0	0441	1.00	4490	22.06.04	12:09	1	30	4490	4490	00	0000000000239	0	0	0	0	0	0	0	0
$1	1728	5878	9	0	1922	1.00	1790	22.06.04	12:09	1	30	1790	1790	00	0000009019225	0	0	0	0	0	0	0	0
$1	1728	5878	10	0	1900	1.00	1790	22.06.04	12:09	1	30	1790	1790	00	0000009019003	0	0	0	0	0	0	0	0
$1	1728	5878	11	0	2024	1.00	1990	22.06.04	12:09	1	30	1990	2490	00	0000010020241	0	0	0	0	0	0	0	1
$1	1728	5878	12	0	2024	1.00	1990	22.06.04	12:09	1	30	1990	2490	00	0000010020241	0	0	0	0	0	0	0	1
$1	1728	5878	13	0	2024	1.00	1990	22.06.04	12:09	1	30	1990	2490	00	0000010020241	0	0	0	0	0	0	0	1
$1	1728	5879	1	0	3230	1.00	4850	22.06.04	12:20	1	30	4850	4850	00	0000004032304	0	0	0	0	0	0	0	0
$1	1728	5880	1	0	2053	2.00	5100	22.06.04	12:28	1	30	5100	5100	00	0000011020530	0	0	0	0	0	0	0	0
$1	1728	5881	1	0	2763	1.00	11950	22.06.04	12:32	1	30	11950	11950	00	0000018027631	0	0	0	0	0	0	0	0
$1	1728	5881	2	0	1824	1.00	1900	22.06.04	12:32	1	30	1900	1900	00	0000008018243	0	0	0	0	0	0	0	0
$10	1728	5882	1	0	0031	1.000	2000	22.06.04	12:35	1	30	2000	2000	00	0000000000000	0	0	0	0	0	0	0	0
$1	1728	5882	1	0	0031	1.000	2000	22.06.04	12:35	1	30	2000	2000	00	0000000000000	0	0	0	0	0	0	0	0
$1	1728	5883	1	0	3902	1.00	1390	22.06.04	12:45	1	30	1390	1390	00	0000028039020	0	0	0	0	0	0	0	0
$1	1728	5883	2	0	3901	1.00	950	22.06.04	12:45	1	30	950	950	00	0000028039013	0	0	0	0	0	0	0	0
$1	1728	5884	1	0	0500	1.00	1060	22.06.04	13:10	1	30	1060	2650	00	5907502687560	0	0	0	0	0	0	0	1
$1	1728	5885	1	0	0983	1.00	8	22.06.04	13:20	4	30	8	750	00	0000005009831	0	0	0	0	0	0	0	1
$1	1729	5887	1	0	0569	1.00	3850	22.06.07	10:05	1	30	3850	3850	00	5902249010558	0	0	0	0	0	0	0	0
$1	1729	5888	1	0	3059	1.00	650	22.06.07	10:52	2	30	650	650	00	0000020030599	0	0	0	0	0	0	0	0
$1	1729	5888	2	0	1192	1.00	800	22.06.07	10:52	2	30	800	800	00	5909990219322	0	0	0	0	0	0	0	0
$1	1729	5889	1	0	1821	1.00	1990	22.06.07	11:44	1	30	1990	1990	00	0000008018212	0	0	0	0	0	0	0	0
$1	1729	5890	1	0	2226	1.00	2200	22.06.07	11:50	1	30	2200	2200	00	0000013022266	0	0	0	0	0	0	0	0
$1	1729	5891	1	0	3293	1.00	1450	22.06.07	11:52	2	30	1450	1450	00	5908228098098	0	0	0	0	0	0	0	0
$1	1729	5891	2	0	2265	1.00	850	22.06.07	11:52	2	30	850	850	00	0000020022655	0	0	0	0	0	0	0	0
$1	1729	5891	3	0	1203	1.00	590	22.06.07	11:52	2	30	590	590	00	5909990219612	0	0	0	0	0	0	0	0
$1	1729	5892	1	0	0048	1.000	2990	22.06.07	13:15	1	30	2990	2990	00	0000000000000	0	0	0	0	0	0	0	0
$1	1729	5893	1	0	0632	1.00	26	22.06.07	13:24	1	30	2590	2590	00	5902249011371	0	1	0	0	0	0	0	0
$1	1729	5893	2	0	1817	1.00	22	22.06.07	13:24	1	30	2150	2150	00	5701278100908	0	1	0	0	0	0	0	0
$1	1729	5893	3	0	0631	1.00	26	22.06.07	13:24	1	30	2590	2590	00	5902249011364	0	1	0	0	0	0	0	0
$1	1729	5893	4	0	0868	1.00	55	22.06.07	13:24	1	30	5490	5490	00	5906395235162	0	1	0	0	0	0	0	0
$1	1729	5893	5	0	2828	1.00	129	22.06.07	13:24	1	30	12890	12890	00	6412600802283	0	1	0	0	0	0	0	0
$1	1729	5893	6	0	2827	1.00	120	22.06.07	13:24	1	30	11950	11950	00	6412600802429	0	1	0	0	0	0	0	0
$1	1729	5894	1	0	1190	1.00	590	22.06.07	13:37	2	30	590	590	00	5909990021864	0	0	0	0	0	0	0	0
$1	1729	5894	2	0	2145	1.00	750	22.06.07	13:37	2	30	750	750	00	0000000025218	0	0	0	0	0	0	0	0
$1	1729	5895	1	0	0971	1.00	790	22.06.07	13:52	2	30	790	790	00	5905279799516	0	0	0	0	0	0	0	0
$10	1729	5896	1	0	4028	1.00	1350	22.06.07	14:33	1	30	1350	1350	00	0000031040280	0	0	0	0	0	0	0	0
$10	1729	5896	2	0	0041	1.000	2790	22.06.07	14:33	1	30	2790	2790	00	0000000000000	0	0	0	0	0	0	0	0
$1	1729	5896	1	0	0041	1.000	2790	22.06.07	14:33	1	30	2790	2790	00	0000000000000	0	0	0	0	0	0	0	0
$1	1729	5897	1	0	1446	1.00	1990	22.06.07	14:45	1	30	1990	1990	00	5907688710687	0	0	0	0	0	0	0	0
$1	1729	5897	2	0	1436	1.00	2850	22.06.07	14:45	1	30	2850	2850	00	0000034014363	0	0	0	0	0	0	0	0
$1	1729	5898	1	0	3051	2.00	1980	22.06.07	14:52	4	30	1980	1980	00	0000020030513	0	0	0	0	0	0	0	0
$1	1729	5899	1	0	0736	1.00	4390	22.06.07	15:12	1	30	4390	4390	00	5902729030595	0	0	0	0	0	0	0	0
$1	1729	5900	1	0	2158	1.00	2490	22.06.07	15:31	1	30	2490	2490	00	5901887012153	0	0	0	0	0	0	0	0
$1	1729	5901	1	0	1813	1.00	2990	22.06.07	15:46	1	30	2990	2990	00	0000008018137	0	0	0	0	0	0	0	0
$1	1729	5901	2	0	1814	1.00	2590	22.06.07	15:46	1	30	2590	2590	00	0000008018144	0	0	0	0	0	0	0	0
$1	1729	5902	1	0	2355	1.00	9850	22.06.07	16:10	1	30	9850	9850	00	0000001023558	0	0	0	0	0	0	0	0
$1	1729	5902	2	0	2356	1.00	4950	22.06.07	16:10	1	30	4950	4950	00	0000001023565	0	0	0	0	0	0	0	0
$1	1729	5902	3	0	0727	1.00	8250	22.06.07	16:10	1	30	8250	8250	00	0000003007273	0	0	0	0	0	0	0	0
$1	1729	5902	4	0	3300	1.00	850	22.06.07	16:10	1	30	850	850	00	0000022033000	0	0	0	0	0	0	0	0
$1	1729	5902	5	0	3300	1.00	850	22.06.07	16:10	1	30	850	850	00	0000022033000	0	0	0	0	0	0	0	0
$1	1729	5903	1	0	2889	1.00	10490	22.06.07	16:19	1	30	10490	10490	00	0000018028898	0	0	0	0	0	0	0	0
$1	1729	5903	2	0	0881	1.00	5490	22.06.07	16:19	1	30	5490	5490	00	0000004008811	0	0	0	0	0	0	0	0
$1	1729	5904	1	0	0571	1.00	1250	22.06.07	16:49	1	30	1250	1250	00	5902249011142	0	0	0	0	0	0	0	0
$1	1730	5906	1	0	4061	1.00	3990	22.06.08	12:08	1	30	3990	3990	00	0000027040614	0	0	0	0	0	0	0	0
$1	1730	5907	1	0	2648	2.00	3580	22.06.08	12:10	2	30	3580	3580	00	0000017026482	0	0	0	0	0	0	0	0
$10	1730	5908	1	0	1782	1.00	4790	22.06.08	13:21	1	30	4790	4790	00	0000008017826	0	0	0	0	0	0	0	0
$10	1730	5908	2	0	3476	1.00	2900	22.06.08	13:21	1	30	2900	2900	00	0000002034768	0	0	0	0	0	0	0	0
$10	1730	5908	3	0	2350	7.00	4900	22.06.08	13:21	1	30	4900	4900	00	0000015023506	0	0	0	0	0	0	0	0
$1	1730	5908	1	0	3476	1.00	2900	22.06.08	13:21	1	30	2900	2900	00	0000002034768	0	0	0	0	0	0	0	0
$1	1730	5908	2	0	1782	1.00	4790	22.06.08	13:21	1	30	4790	4790	00	0000008017826	0	0	0	0	0	0	0	0
$1	1730	5908	3	0	2350	1.00	700	22.06.08	13:21	1	30	700	700	00	0000015023506	0	0	0	0	0	0	0	0
$1	1730	5909	1	0	1184	2.00	900	22.06.08	13:25	2	30	900	900	00	5909990628377	0	0	0	0	0	0	0	0
$10	1730	5910	1	0	2055	1.00	5650	22.06.08	14:12	1	30	5650	5650	00	0000011020554	0	0	0	0	0	0	0	0
$1	1730	5910	1	0	0031	1.000	3650	22.06.08	14:12	1	30	3650	3650	00	0000000000000	0	0	0	0	0	0	0	0
$1	1730	5911	1	0	3532	1.00	1250	22.06.08	14:42	1	30	1250	1250	00	8691190842246	0	0	0	0	0	0	0	0
$10	1731	5913	1	0	1013	1.00	490	22.06.09	09:17	4	30	490	490	00	5909990628438	0	0	0	0	0	0	0	0
$10	1731	5913	2	0	1013	1.00	490	22.06.09	09:17	4	30	490	490	00	5909990628438	0	0	0	0	0	0	0	0
$1	1731	5913	1	0	1013	1.00	196	22.06.09	09:17	4	30	196	490	00	5909990628438	0	0	0	0	0	0	0	1
$1	1731	5914	1	0	1398	1.00	1290	22.06.09	10:41	1	30	1290	1290	00	8691190068653	0	0	0	0	0	0	0	0
$1	1731	5915	1	0	3060	1.00	750	22.06.09	11:24	2	30	750	750	00	0000020030605	0	0	0	0	0	0	0	0
$1	1731	5915	2	0	2327	1.00	750	22.06.09	11:24	2	30	750	750	00	0000020023270	0	0	0	0	0	0	0	0
$1	1731	5916	1	0	0041	1.000	490	22.06.09	11:44	1	30	490	490	00	0000000000000	0	0	0	0	0	0	0	0
$1	1731	5916	2	0	0041	1.000	600	22.06.09	11:44	1	30	600	600	00	0000000000000	0	0	0	0	0	0	0	0
$10	1731	5917	1	0	1031	1.00	1250	22.06.09	13:20	4	30	1250	1250	00	5905279799639	0	0	0	0	0	0	0	0
$1	1731	5917	1	0	1820	1.00	1990	22.06.09	13:20	1	30	1990	1990	00	0000008018205	0	0	0	0	0	0	0	0
$1	1731	5918	1	0	1820	1.00	1990	22.06.09	13:20	1	30	1990	1990	00	0000008018205	0	0	0	0	0	0	0	0
$1	1731	5919	1	0	0031	1.000	3650	22.06.09	13:38	1	30	3650	3650	00	0000000000000	0	0	0	0	0	0	0	0
$1	1731	5919	2	0	2050	1.00	2550	22.06.09	13:38	1	30	2550	2550	00	0000011020509	0	0	0	0	0	0	0	0
$1	1731	5920	1	0	2170	1.00	1050	22.06.09	13:55	1	30	1050	1050	00	5901887026662	0	0	0	0	0	0	0	0
$1	1731	5921	1	0	2050	1.00	2550	22.06.09	14:44	1	30	2550	2550	00	0000011020509	0	0	0	0	0	0	0	0
$1	1731	5922	1	0	4061	1.00	40	22.06.09	15:31	1	30	40	3990	00	0000027040614	0	0	0	0	0	0	0	1
$1	1731	5923	1	0	1112	1.00	7	22.06.09	15:37	2	30	690	690	00	5906365702267	0	1	0	0	0	0	0	0
$1	1731	5923	2	0	0972	1.00	4	22.06.09	15:37	4	30	390	390	00	5906365702359	0	1	0	0	0	0	0	0
$1	1731	5924	1	0	1055	1.00	890	22.06.09	16:44	4	30	890	890	00	5905279799141	0	0	0	0	0	0	0	0
$1	1731	5924	2	0	1035	2.00	980	22.06.09	16:44	4	30	980	980	00	5909994310124	0	0	0	0	0	0	0	0
$1	1731	5925	1	0	3304	1.00	750	22.06.09	16:56	1	30	750	750	00	5907658333465	0	0	0	0	0	0	0	0
$1	1731	5925	2	0	3300	1.00	850	22.06.09	16:56	1	30	850	850	00	5905548350318	0	0	0	0	0	0	0	0
$1	1731	5925	3	0	3919	1.00	1950	22.06.09	16:56	1	30	1950	1950	00	0000014039195	0	0	0	0	0	0	0	0
$1	1731	5925	4	0	1447	1.00	2150	22.06.09	16:56	1	30	2150	2150	00	0000034014479	0	0	0	0	0	0	0	0
$1	1731	5925	5	0	1574	1.00	550	22.06.09	16:56	4	30	550	550	00	5906660817215	0	0	0	0	0	0	0	0
$1	1732	5928	1	0	0864	1.00	5900	22.06.10	10:12	1	30	5900	5900	00	0000004008644	0	0	0	0	0	0	0	0
$1	1732	5928	2	0	3912	1.00	2990	22.06.10	10:12	1	30	2990	2990	00	5902249016314	0	0	0	0	0	0	0	0
$1	1732	5928	3	0	0460	1.00	2490	22.06.10	10:12	1	30	2490	2490	00	5907502687218	0	0	0	0	0	0	0	0
$1	1732	5928	4	0	3167	1.00	5950	22.06.10	10:12	1	30	5950	5950	00	5711914150242	0	0	0	0	0	0	0	0
$1	1732	5928	5	0	0002	1.000	790	22.06.10	10:12	1	30	790	790	00	0000000000000	0	0	0	0	0	0	0	0
$1	1732	5929	1	0	1823	1.00	2650	22.06.10	10:13	1	30	2650	2650	00	0000008018236	0	0	0	0	0	0	0	0
$1	1732	5930	1	0	0195	1.000	650	22.06.10	10:26	1	30	650	650	00	0000000000000	0	0	0	0	0	0	0	0
$1	1732	5931	1	0	3901	2.00	1900	22.06.10	11:22	1	30	1900	1900	00	0000028039013	0	0	0	0	0	0	0	0
$1	1732	5932	1	0	3900	1.00	3290	22.06.10	11:31	1	30	3290	3290	00	0000028039006	0	0	0	0	0	0	0	0
$1	1732	5932	2	0	2053	1.00	2550	22.06.10	11:31	1	30	2550	2550	00	0000011020530	0	0	0	0	0	0	0	0
$1	1732	5933	1	0	2050	1.00	2550	22.06.10	12:24	1	30	2550	2550	00	0000011020509	0	0	0	0	0	0	0	0
$1	1732	5934	1	0	0037	1.000	15000	22.06.10	12:27	1	30	15000	15000	00	0000000000000	0	0	0	0	0	0	0	0
$1	1732	5935	1	0	3498	1.00	990	22.06.10	12:29	1	30	990	990	00	0000000000635	0	0	0	0	0	0	0	0
$1	1732	5935	2	0	3498	1.00	990	22.06.10	12:29	1	30	990	990	00	0000000000635	0	0	0	0	0	0	0	0
$1	1732	5936	1	0	2369	1.00	2490	22.06.10	12:53	1	30	2490	2490	00	0000016023697	0	0	0	0	0	0	0	0
$1	1732	5936	2	0	2397	1.00	2290	22.06.10	12:53	1	30	2290	2290	00	0000016023970	0	0	0	0	0	0	0	0
$1	1732	5937	1	0	1232	1.00	450	22.06.10	13:10	2	30	450	450	00	5909990219520	0	0	0	0	0	0	0	0
$1	1732	5938	1	0	4061	1.00	3990	22.06.10	13:27	1	30	3990	3990	00	0000027040614	0	0	0	0	0	0	0	0
$1	1732	5939	1	0	2163	1.00	1650	22.06.10	13:30	1	30	1650	1650	00	5901887032915	0	0	0	0	0	0	0	0
$1	1732	5940	1	0	1040	5.00	2250	22.06.10	14:58	2	30	2250	2250	00	5906365702847	0	0	0	0	0	0	0	0
$1	1732	5941	1	0	3945	1.00	3090	22.06.10	16:12	1	30	3090	3090	00	8691190375027	0	0	0	0	0	0	0	0
$1	1732	5942	1	0	0507	1.00	1380	22.06.10	16:29	1	30	1380	3450	00	5902249012255	0	0	0	0	0	0	0	1
$1	1732	5943	1	0	1764	1.00	5850	22.06.10	16:39	1	30	5850	5850	00	0000008017642	0	0	0	0	0	0	0	0
$1	1732	5943	2	0	1738	1.00	3950	22.06.10	16:39	1	30	3950	3950	00	0000008017383	0	0	0	0	0	0	0	0
$1	1732	5944	1	0	3573	1.00	2550	22.06.10	16:41	1	30	2550	2550	00	0000024035736	0	0	0	0	0	0	0	0
$1	1732	5945	1	0	0026	1.000	1793	22.06.10	17:09	1	30	1793	2390	00	0000000000000	0	0	0	0	0	0	0	1
$1	1733	5947	1	0	1178	2.00	900	22.06.11	09:30	2	30	900	900	00	5909990628360	0	0	0	0	0	0	0	0
$1	1733	5947	2	0	1031	2.00	2500	22.06.11	09:30	4	30	2500	2500	00	5905279799639	0	0	0	0	0	0	0	0
$1	1733	5948	1	0	2053	1.00	2550	22.06.11	09:54	1	30	2550	2550	00	0000011020530	0	0	0	0	0	0	0	0
$1	1733	5949	1	0	0031	1.000	2000	22.06.11	09:56	1	30	2000	2000	00	0000000000000	0	0	0	0	0	0	0	0
$1	1733	5950	1	0	1821	1.00	1990	22.06.11	10:01	1	30	1990	1990	00	0000008018212	0	0	0	0	0	0	0	0
$1	1733	5950	2	0	1632	1.00	2450	22.06.11	10:01	1	30	2450	2450	00	0000007016325	0	0	0	0	0	0	0	0
$1	1733	5951	1	0	2091	1.00	7900	22.06.11	11:00	1	30	7900	7900	00	0000012020911	0	0	0	0	0	0	0	0
$1	1733	5951	2	0	2092	1.00	7050	22.06.11	11:00	1	30	7050	7050	00	0000012020928	0	0	0	0	0	0	0	0
$1	1733	5952	1	0	0344	1.00	1890	22.06.11	11:14	1	30	1890	1890	00	5900168900370	0	0	0	0	0	0	0	0
$1	1733	5953	1	0	2024	1.00	2490	22.06.11	11:48	1	30	2490	2490	00	0000010020241	0	0	0	0	0	0	0	0
$1	1733	5954	1	0	0823	1.00	3790	22.06.11	11:49	1	30	3790	3790	00	0000024008235	0	0	0	0	0	0	0	0
$1	1733	5955	1	0	1219	1.00	590	22.06.11	11:55	2	30	590	590	00	0000005012190	0	0	0	0	0	0	0	0
$1	1733	5956	1	0	0027	1.000	3090	22.06.11	12:15	1	30	3090	3090	00	0000000000000	0	0	0	0	0	0	0	0
$10	1733	5957	1	0	3903	1.00	2490	22.06.11	12:17	1	30	2490	2490	00	0000028039037	0	0	0	0	0	0	0	0
$1	1733	5957	1	0	2165	1.00	1550	22.06.11	12:17	1	30	1550	1550	00	0000000025430	0	0	0	0	0	0	0	0
$1	1733	5957	2	0	3903	1.00	2490	22.06.11	12:17	1	30	2490	2490	00	0000028039037	0	0	0	0	0	0	0	0
$1	1733	5958	1	0	2350	2.00	1400	22.06.11	12:18	1	30	1400	1400	00	0000015023506	0	0	0	0	0	0	0	0
$1	1733	5959	1	0	2053	1.00	2550	22.06.11	12:53	1	30	2550	2550	00	0000011020530	0	0	0	0	0	0	0	0
$1	1734	5961	1	0	1820	1.00	1990	22.06.14	09:21	1	30	1990	1990	00	0000008018205	0	0	0	0	0	0	0	0
$1	1734	5961	2	0	3552	1.00	3450	22.06.14	09:21	1	30	3450	3450	00	0000008035523	0	0	0	0	0	0	0	0
$1	1734	5962	1	0	2993	1.00	2290	22.06.14	09:24	2	30	2290	2290	00	0000019029931	0	0	0	0	0	0	0	0
$1	1734	5963	1	0	3340	1.00	1990	22.06.14	09:41	1	30	1990	1990	00	0000002033402	0	0	0	0	0	0	0	0
$1	1734	5963	2	0	2530	1.00	2150	22.06.14	09:41	2	30	2150	2150	00	0000017025300	0	0	0	0	0	0	0	0
$1	1734	5964	1	0	0002	1.000	1140	22.06.14	09:45	1	30	1140	1140	00	0000000000000	0	0	0	0	0	0	0	0
$1	1734	5965	1	0	2350	2.00	1400	22.06.14	10:32	1	30	1400	1400	00	0000015023506	0	0	0	0	0	0	0	0
$1	1734	5966	1	0	3043	1.00	700	22.06.14	11:03	2	30	700	700	00	0000020030438	0	0	0	0	0	0	0	0
$1	1734	5966	2	0	3060	1.00	750	22.06.14	11:03	2	30	750	750	00	0000020030605	0	0	0	0	0	0	0	0
$1	1734	5967	1	0	2350	2.00	1400	22.06.14	11:13	1	30	1400	1400	00	0000015023506	0	0	0	0	0	0	0	0
$1	1734	5968	1	0	1039	1.00	590	22.06.14	11:41	2	30	590	590	00	0000005010394	0	0	0	0	0	0	0	0
$1	1734	5969	1	0	1708	1.00	1590	22.06.14	11:47	1	30	1590	1590	00	0000034017081	0	0	0	0	0	0	0	0
$1	1734	5970	1	0	1643	1.00	2590	22.06.14	11:52	1	30	2590	2590	00	0000007016431	0	0	0	0	0	0	0	0
$1	1734	5970	2	0	1708	1.00	1590	22.06.14	11:52	1	30	1590	1590	00	0000034017081	0	0	0	0	0	0	0	0
$1	1734	5970	3	0	1466	1.00	1790	22.06.14	11:52	1	30	1790	1790	00	0000034014660	0	0	0	0	0	0	0	0
$1	1734	5971	1	0	1710	1.00	2850	22.06.14	11:59	1	30	2850	2850	00	0000034017104	0	0	0	0	0	0	0	0
$1	1734	5971	2	0	1454	1.00	1450	22.06.14	11:59	1	30	1450	1450	00	0000034014547	0	0	0	0	0	0	0	0
$1	1734	5971	3	0	3265	1.00	1750	22.06.14	11:59	4	30	1750	1750	00	0000005032655	0	0	0	0	0	0	0	0
$1	1734	5972	1	0	2350	2.00	1400	22.06.14	12:39	1	30	1400	1400	00	0000015023506	0	0	0	0	0	0	0	0
$1	1734	5973	1	0	2730	1.00	2050	22.06.14	13:02	1	30	2050	2050	00	0000020027308	0	0	0	0	0	0	0	0
$1	1734	5973	2	0	0971	1.00	790	22.06.14	13:02	2	30	790	790	00	5905279799516	0	0	0	0	0	0	0	0
$1	1734	5973	3	0	1031	1.00	1250	22.06.14	13:02	4	30	1250	1250	00	5905279799639	0	0	0	0	0	0	0	0
$1	1734	5973	4	0	0451	1.00	4250	22.06.14	13:02	1	30	4250	4250	00	5907502687102	0	0	0	0	0	0	0	0
$1	1734	5974	1	0	2345	1.00	1990	22.06.14	13:04	1	30	1990	1990	00	5900168907683	0	0	0	0	0	0	0	0
$1	1734	5974	2	0	0012	1.000	1150	22.06.14	13:04	1	30	1150	1150	00	0000000000000	0	0	0	0	0	0	0	0
$1	1734	5975	1	0	2389	1.00	2590	22.06.14	14:13	1	30	2590	2590	00	0000016023895	0	0	0	0	0	0	0	0
$1	1734	5976	1	0	0048	1.000	8990	22.06.14	14:25	1	30	8990	8990	00	0000000000000	0	0	0	0	0	0	0	0
$1	1734	5976	2	0	2024	1.00	2490	22.06.14	14:25	1	30	2490	2490	00	0000010020241	0	0	0	0	0	0	0	0
$10	1734	5976	1	0	3154	1.00	3550	22.06.14	14:25	1	30	3550	3550	00	5902249015904	0	0	0	0	0	0	0	0
$1	1734	5977	1	0	3154	1.00	3550	22.06.14	14:26	1	30	3550	3550	00	5902249015904	0	0	0	0	0	0	0	0
$1	1734	5978	1	0	1055	1.00	890	22.06.14	15:23	4	30	890	890	00	0000005010554	0	0	0	0	0	0	0	0
$1	1734	5979	1	0	2060	1.00	2790	22.06.14	15:27	1	30	2790	2790	00	0000012020607	0	0	0	0	0	0	0	0
$1	1734	5979	2	0	2067	1.00	1450	22.06.14	15:27	1	30	1450	1450	00	0000012020676	0	0	0	0	0	0	0	0
$1	1734	5980	1	0	2663	1.00	790	22.06.14	15:37	4	30	790	790	00	5907559279169	0	0	0	0	0	0	0	0
$1	1734	5980	2	0	2523	1.00	2850	22.06.14	15:37	2	30	2850	2850	00	0000017025232	0	0	0	0	0	0	0	0
$1	1734	5981	1	0	1912	1.00	1790	22.06.14	17:11	1	30	1790	1790	00	0000009019126	0	0	0	0	0	0	0	0
$1	1734	5981	2	0	1133	1.00	1250	22.06.14	17:11	4	30	1250	1250	00	5905279799592	0	0	0	0	0	0	0	0
$1	1735	5983	1	0	0295	1.00	8350	22.06.21	10:17	1	30	8350	8350	00	0000000000161	0	0	0	0	0	0	0	0
$1	1735	5984	1	0	1190	1.00	590	22.06.21	10:19	2	30	590	590	00	0000005011902	0	0	0	0	0	0	0	0
$1	1735	5985	1	0	3093	1.00	1150	22.06.21	11:01	2	30	1150	1150	00	0000020031107	0	0	0	0	0	0	0	0
$1	1735	5985	2	0	3485	1.00	2850	22.06.21	11:01	1	30	2850	2850	00	0000001034851	0	0	0	0	0	0	0	0
$1	1735	5985	3	0	1573	1.00	550	22.06.21	11:01	4	30	550	550	00	5906660817208	0	0	0	0	0	0	0	0
$1	1735	5986	1	0	2350	1.00	700	22.06.21	11:04	1	30	700	700	00	0000015023506	0	0	0	0	0	0	0	0
$1	1735	5986	2	0	3327	1.00	950	22.06.21	11:04	4	30	950	950	00	0000022033277	0	0	0	0	0	0	0	0
$1	1735	5986	3	0	0980	1.00	590	22.06.21	11:04	2	30	590	590	00	5906365702410	0	0	0	0	0	0	0	0
$1	1735	5987	1	0	1196	1.00	590	22.06.21	11:08	2	30	590	590	00	5909990468324	0	0	0	0	0	0	0	0
$1	1735	5987	2	0	2350	1.00	700	22.06.21	11:08	1	30	700	700	00	0000015023506	0	0	0	0	0	0	0	0
$1	1735	5988	1	0	3516	1.00	1550	22.06.21	11:10	4	30	1550	1550	00	0000000000703	0	0	0	0	0	0	0	0
$1	1735	5988	2	0	0675	1.00	3990	22.06.21	11:10	1	30	3990	3990	00	0000024006750	0	0	0	0	0	0	0	0
$1	1735	5988	3	0	2759	1.00	2490	22.06.21	11:10	1	30	2490	2490	00	0000036027590	0	0	0	0	0	0	0	0
$1	1735	5989	1	0	0973	1.00	450	22.06.21	11:11	2	30	450	450	00	5905279799448	0	0	0	0	0	0	0	0
$1	1735	5989	2	0	1128	1.00	1050	22.06.21	11:11	2	30	1050	1050	00	5905279799707	0	0	0	0	0	0	0	0
$1	1735	5990	1	0	0031	1.000	2000	22.06.21	11:49	1	30	2000	2000	00	0000000000000	0	0	0	0	0	0	0	0
$1	1735	5991	1	0	2596	1.00	1050	22.06.21	12:04	2	30	1050	1050	00	0000017025966	0	0	0	0	0	0	0	0
$1	1735	5991	2	0	1226	1.00	490	22.06.21	12:04	2	30	490	490	00	5909990219025	0	0	0	0	0	0	0	0
$1	1735	5991	3	0	1249	1.00	790	22.06.21	12:04	2	30	790	790	00	5909994310667	0	0	0	0	0	0	0	0
$1	1735	5991	4	0	1112	2.00	1380	22.06.21	12:04	2	30	1380	1380	00	5906365702267	0	0	0	0	0	0	0	0
$1	1735	5991	5	0	3125	1.00	850	22.06.21	12:04	2	30	850	850	00	0000020031251	0	0	0	0	0	0	0	0
$1	1735	5991	6	0	4034	1.00	950	22.06.21	12:04	2	30	950	950	00	0000031040341	0	0	0	0	0	0	0	0
$1	1735	5992	1	0	1234	1.00	750	22.06.21	12:08	2	30	750	750	00	5909990311910	0	0	0	0	0	0	0	0
$1	1735	5992	2	0	1191	2.00	900	22.06.21	12:08	2	30	900	900	00	5909990628490	0	0	0	0	0	0	0	0
$1	1735	5992	3	0	3516	1.00	1550	22.06.21	12:08	4	30	1550	1550	00	0000000000703	0	0	0	0	0	0	0	0
$1	1735	5993	1	0	0973	2.00	900	22.06.21	12:19	2	30	900	900	00	5905279799448	0	0	0	0	0	0	0	0
$1	1735	5993	2	0	3036	1.00	450	22.06.21	12:19	2	30	450	450	00	0000020030360	0	0	0	0	0	0	0	0
$1	1735	5994	1	0	2009	1.00	3290	22.06.21	12:49	1	30	3290	3290	00	0000009020092	0	0	0	0	0	0	0	0
$1	1735	5994	2	0	2011	1.00	3150	22.06.21	12:49	2	30	3150	3150	00	0000009020115	0	0	0	0	0	0	0	0
$1	1735	5994	3	0	2024	1.00	2490	22.06.21	12:49	1	30	2490	2490	00	0000010020241	0	0	0	0	0	0	0	0
$1	1735	5995	1	0	3221	1.00	4550	22.06.21	13:04	1	30	4550	4550	00	5902729034302	0	0	0	0	0	0	0	0
$1	1735	5995	2	0	3349	1.00	2990	22.06.21	13:04	1	30	2990	2990	00	0000012033492	0	0	0	0	0	0	0	0
$1	1735	5995	3	0	0195	1.000	650	22.06.21	13:04	1	30	650	650	00	0000000000000	0	0	0	0	0	0	0	0
$1	1735	5995	4	0	0195	1.000	600	22.06.21	13:04	1	30	600	600	00	0000000000000	0	0	0	0	0	0	0	0
$1	1735	5996	1	0	0002	2.000	500	22.06.21	13:05	1	30	500	500	00	0000000000000	0	0	0	0	0	0	0	0
$1	1735	5997	1	0	2389	1.00	2590	22.06.21	13:20	1	30	2590	2590	00	0000016023895	0	0	0	0	0	0	0	0
$1	1735	5997	2	0	2391	1.00	2890	22.06.21	13:20	1	30	2890	2890	00	0000016023918	0	0	0	0	0	0	0	0
$10	1735	5998	1	0	1032	1.00	890	22.06.21	13:37	4	30	890	890	00	0000005010325	0	0	0	0	0	0	0	0
$10	1735	5998	2	0	0002	1.000	950	22.06.21	13:37	1	30	950	950	00	0000000000000	0	0	0	0	0	0	0	0
$10	1735	5998	3	0	0002	1.000	950	22.06.21	13:37	1	30	950	950	00	0000000000000	0	0	0	0	0	0	0	0
$10	1735	5998	4	0	1813	1.00	2990	22.06.21	13:37	1	30	2990	2990	00	0000008018137	0	0	0	0	0	0	0	0
$10	1735	5998	5	0	1032	1.00	890	22.06.21	13:37	4	30	890	890	00	0000005010325	0	0	0	0	0	0	0	0
$10	1735	5998	6	0	2529	1.00	1290	22.06.21	13:37	2	30	1290	1290	00	0000017025294	0	0	0	0	0	0	0	0
$1	1735	5998	1	0	2529	1.00	1290	22.06.21	13:37	2	30	1290	1290	00	0000017025294	0	0	0	0	0	0	0	0
$1	1735	5998	2	0	1813	1.00	2990	22.06.21	13:37	1	30	2990	2990	00	0000008018137	0	0	0	0	0	0	0	0
$1	1735	5998	3	0	0002	1.000	950	22.06.21	13:37	1	30	950	950	00	0000000000000	0	0	0	0	0	0	0	0
$1	1735	5999	1	0	2053	1.00	2550	22.06.21	13:42	1	30	2550	2550	00	0000011020530	0	0	0	0	0	0	0	0
$1	1735	6000	1	0	1914	1.00	1790	22.06.21	13:57	1	30	1790	1790	00	0000009019140	0	0	0	0	0	0	0	0
$1	1735	6000	2	0	1573	1.00	550	22.06.21	13:57	4	30	550	550	00	5906660817208	0	0	0	0	0	0	0	0
$1	1735	6001	1	0	1170	1.00	490	22.06.21	14:01	2	30	490	490	00	5909994311565	0	0	0	0	0	0	0	0
$1	1735	6002	1	0	3490	1.00	6490	22.06.21	14:45	1	30	6490	6490	00	0000024034906	0	0	0	0	0	0	0	0
$1	1735	6002	2	0	3518	1.00	5290	22.06.21	14:45	1	30	5290	5290	00	0000024035187	0	0	0	0	0	0	0	0
$1	1735	6002	3	0	4032	1.00	990	22.06.21	14:45	4	30	990	990	00	0000000019897	0	0	0	0	0	0	0	0
$1	1735	6002	4	0	1339	1.00	1390	22.06.21	14:45	3	30	1390	1390	00	0000006013394	0	0	0	0	0	0	0	0
$1	1735	6002	5	0	0350	1.00	2790	22.06.21	14:45	1	30	2790	2790	00	5900168900202	0	0	0	0	0	0	0	0
$1	1735	6002	6	0	1605	1.00	1050	22.06.21	14:45	1	30	1050	1050	00	5907804205004	0	0	0	0	0	0	0	0
$1	1735	6002	7	0	1534	1.00	1250	22.06.21	14:45	1	30	1250	1250	00	0000007015342	0	0	0	0	0	0	0	0
$1	1735	6003	1	0	2050	1.00	2550	22.06.21	14:50	1	30	2550	2550	00	0000011020509	0	0	0	0	0	0	0	0
$1	1735	6004	1	0	3589	1.00	1290	22.06.21	15:07	2	30	1290	1290	00	0000020035891	0	0	0	0	0	0	0	0
$1	1735	6005	1	0	0468	1.00	2290	22.06.21	15:41	1	30	2290	2290	00	5907502687287	0	0	0	0	0	0	0	0
$1	1735	6005	2	0	1133	1.00	1250	22.06.21	15:41	4	30	1250	1250	00	0000005011339	0	0	0	0	0	0	0	0
$1	1735	6005	3	0	1055	1.00	890	22.06.21	15:41	4	30	890	890	00	0000005010554	0	0	0	0	0	0	0	0
$1	1735	6005	4	0	2663	1.00	790	22.06.21	15:41	4	30	790	790	00	0000017026635	0	0	0	0	0	0	0	0
$1	1735	6005	5	0	0982	1.00	490	22.06.21	15:41	2	30	490	490	00	5907752643385	0	0	0	0	0	0	0	0
$1	1735	6005	6	0	0952	2.00	900	22.06.21	15:41	4	30	900	900	00	5906365702472	0	0	0	0	0	0	0	0
$1	1735	6006	1	0	1366	1.00	2250	22.06.21	15:43	1	30	2250	2250	00	8691190605148	0	0	0	0	0	0	0	0
$1	1735	6007	1	0	0727	1.00	8250	22.06.21	16:14	1	30	8250	8250	00	0000003007273	0	0	0	0	0	0	0	0
$1	1735	6007	2	0	0530	1.00	2690	22.06.21	16:14	1	30	2690	2690	00	5907502687867	0	0	0	0	0	0	0	0
$1	1735	6008	1	0	3620	1.00	250	22.06.21	16:32	1	30	250	250	00	5901887944737	0	0	0	0	0	0	0	0
$1	1735	6008	2	0	0026	1.000	2350	22.06.21	16:32	1	30	2350	2350	00	0000000000000	0	0	0	0	0	0	0	0
$1	1735	6009	1	0	1436	1.00	2850	22.06.21	16:45	1	30	2850	2850	00	0000034014363	0	0	0	0	0	0	0	0
$1	1735	6010	1	0	3504	1.00	4690	22.06.21	16:57	1	30	4690	4690	00	0000024035040	0	0	0	0	0	0	0	0
$1	1735	6010	2	0	0002	2.000	400	22.06.21	16:57	1	30	400	400	00	0000000000000	0	0	0	0	0	0	0	0
$1	1736	6012	1	0	1133	1.00	1250	22.06.22	09:43	4	30	1250	1250	00	0000005011339	0	0	0	0	0	0	0	0
$1	1736	6012	2	0	0727	1.00	8250	22.06.22	09:43	1	30	8250	8250	00	0000003007273	0	0	0	0	0	0	0	0
$1	1736	6013	1	0	3380	1.00	3450	22.06.22	10:14	1	30	3450	3450	00	0000024035774	0	0	0	0	0	0	0	0
$1	1736	6013	2	0	0437	1.00	3850	22.06.22	10:14	1	30	3850	3850	00	0000024004374	0	0	0	0	0	0	0	0
$1	1736	6013	3	0	1534	1.00	1250	22.06.22	10:14	1	30	1250	1250	00	0000007015342	0	0	0	0	0	0	0	0
$1	1736	6013	4	0	0002	1.000	250	22.06.22	10:14	1	30	250	250	00	0000000000000	0	0	0	0	0	0	0	0
$1	1736	6014	1	0	0774	1.00	3700	22.06.22	10:15	1	30	3700	3700	00	0000003007747	0	0	0	0	0	0	0	0
$1	1736	6014	2	0	2165	1.00	1550	22.06.22	10:15	1	30	1550	1550	00	0000000025430	0	0	0	0	0	0	0	0
$1	1736	6015	1	0	0066	1.000	1190	22.06.22	10:18	1	30	1190	1190	00	0000000000000	0	0	0	0	0	0	0	0
$1	1736	6016	1	0	2596	1.00	1050	22.06.22	10:26	2	30	1050	1050	00	0000017025966	0	0	0	0	0	0	0	0
$1	1736	6016	2	0	0971	1.00	790	22.06.22	10:26	2	30	790	790	00	0000005009718	0	0	0	0	0	0	0	0
$1	1736	6016	3	0	1236	1.00	650	22.06.22	10:26	4	30	650	650	00	0000005012367	0	0	0	0	0	0	0	0
$1	1736	6016	4	0	1238	1.00	1390	22.06.22	10:26	4	30	1390	1390	00	5907752643620	0	0	0	0	0	0	0	0
$1	1736	6016	5	0	1135	1.00	990	22.06.22	10:26	2	30	990	990	00	5907752643033	0	0	0	0	0	0	0	0
$1	1736	6016	6	0	1133	1.00	1250	22.06.22	10:26	4	30	1250	1250	00	5905279799592	0	0	0	0	0	0	0	0
$1	1736	6016	7	0	3025	1.00	590	22.06.22	10:26	2	30	590	590	00	0000020030254	0	0	0	0	0	0	0	0
$1	1736	6017	1	0	3090	1.00	750	22.06.22	10:59	2	30	750	750	00	0000020030902	0	0	0	0	0	0	0	0
$1	1736	6017	2	0	0977	1.00	690	22.06.22	10:59	2	30	690	690	00	0000005009770	0	0	0	0	0	0	0	0
$1	1736	6018	1	0	2350	2.00	1400	22.06.22	11:08	1	30	1400	1400	00	0000015023506	0	0	0	0	0	0	0	0
$1	1736	6019	1	0	0041	1.000	1990	22.06.22	11:48	1	30	1990	1990	00	0000000000000	0	0	0	0	0	0	0	0
$1	1736	6019	2	0	2341	1.00	1990	22.06.22	11:48	1	30	1990	1990	00	5903760200572	0	0	0	0	0	0	0	0
$1	1736	6019	3	0	0345	1.00	1890	22.06.22	11:48	1	30	1890	1890	00	5900168900387	0	0	0	0	0	0	0	0
$1	1736	6020	1	0	1442	1.00	2150	22.06.22	12:06	1	30	2150	2150	00	0000034014424	0	0	0	0	0	0	0	0
$1	1736	6021	1	0	2607	1.00	2150	22.06.22	12:16	2	30	2150	2150	00	0000017026079	0	0	0	0	0	0	0	0
$1	1736	6022	1	0	0441	1.00	4490	22.06.22	12:19	1	30	4490	4490	00	0000000000239	0	0	0	0	0	0	0	0
$1	1736	6022	2	0	3093	1.00	1150	22.06.22	12:19	2	30	1150	1150	00	0000020031107	0	0	0	0	0	0	0	0
$1	1736	6023	1	0	3337	1.00	19	22.06.22	12:36	1	30	19	1850	00	5900168908192	0	0	0	0	0	0	0	1
$1	1736	6024	1	0	2976	1.00	2690	22.06.22	12:51	2	30	2690	2690	00	0000019029764	0	0	0	0	0	0	0	0
$1	1736	6025	1	0	2350	1.00	700	22.06.22	13:10	1	30	700	700	00	0000015023506	0	0	0	0	0	0	0	0
$1	1736	6026	1	0	2663	1.00	790	22.06.22	14:13	4	30	790	790	00	0000017026635	0	0	0	0	0	0	0	0
$1	1736	6026	2	0	0301	1.00	1690	22.06.22	14:13	1	30	1690	1690	00	5900168908536	0	0	0	0	0	0	0	0
$1	1736	6027	1	0	1491	1.00	2690	22.06.22	14:14	4	30	2690	2690	00	5907804205301	0	0	0	0	0	0	0	0
$1	1736	6028	1	0	1841	1.00	3190	22.06.22	14:59	1	30	3190	3190	00	0000008018410	0	0	0	0	0	0	0	0
$1	1736	6028	2	0	1839	1.00	2490	22.06.22	14:59	1	30	2490	2490	00	0000008018397	0	0	0	0	0	0	0	0
$1	1736	6029	1	0	0835	1.00	4090	22.06.22	15:08	1	30	4090	4090	00	0000000000406	0	0	0	0	0	0	0	0
$1	1736	6029	2	0	0842	1.00	3750	22.06.22	15:08	1	30	3750	3750	00	0000000000413	0	0	0	0	0	0	0	0
$1	1736	6029	3	0	3499	1.00	3300	22.06.22	15:08	1	30	3300	3300	00	0000024034999	0	0	0	0	0	0	0	0
$1	1736	6029	4	0	3497	1.00	2850	22.06.22	15:08	1	30	2850	2850	00	0000024034975	0	0	0	0	0	0	0	0
$1	1736	6029	5	0	0002	2.000	500	22.06.22	15:08	1	30	500	500	00	0000000000000	0	0	0	0	0	0	0	0
$1	1736	6030	1	0	0698	1.00	3750	22.06.22	15:26	1	30	3750	3750	00	0000000000338	0	0	0	0	0	0	0	0
$1	1736	6030	2	0	3493	1.00	3950	22.06.22	15:26	1	30	3950	3950	00	0000024034937	0	0	0	0	0	0	0	0
$1	1736	6031	1	0	3021	1.00	1690	22.06.22	15:30	2	30	1690	1690	00	0000020030216	0	0	0	0	0	0	0	0
$1	1736	6032	1	0	3584	2.00	10780	22.06.22	15:49	4	30	10780	10780	00	0000000019866	0	0	0	0	0	0	0	0
$1	1736	6032	2	0	0473	1.00	2390	22.06.22	15:49	1	30	2390	2390	00	5907502687317	0	0	0	0	0	0	0	0
$1	1736	6032	3	0	2050	1.00	2550	22.06.22	15:49	1	30	2550	2550	00	0000011020509	0	0	0	0	0	0	0	0
$1	1736	6033	1	0	0140	1.000	2770	22.06.22	15:52	1	30	2770	2770	00	0000000000000	0	0	0	0	0	0	0	0
$1	1736	6034	1	0	3574	1.00	750	22.06.22	16:05	2	30	750	750	00	0000020035747	0	0	0	0	0	0	0	0
$10	1737	6036	1	0	3674	1.00	3090	22.06.23	09:36	1	30	3090	3090	00	0000023036741	0	0	0	0	0	0	0	0
$10	1737	6036	2	0	0027	1.000	3550	22.06.23	09:36	1	30	3550	3550	00	0000000000000	0	0	0	0	0	0	0	0
$10	1737	6036	3	0	0027	5.000	17750	22.06.23	09:36	1	30	17750	17750	00	0000000000000	0	0	0	0	0	0	0	0
$1	1737	6036	1	0	3674	1.00	3090	22.06.23	09:36	1	30	3090	3090	00	0000023036741	0	0	0	0	0	0	0	0
$1	1737	6036	2	0	0027	5.000	14750	22.06.23	09:36	1	30	14750	14750	00	0000000000000	0	0	0	0	0	0	0	0
$1	1737	6036	3	0	0027	1.000	3550	22.06.23	09:36	1	30	3550	3550	00	0000000000000	0	0	0	0	0	0	0	0
$1	1737	6037	1	0	2024	1.00	2490	22.06.23	09:43	1	30	2490	2490	00	0000010020241	0	0	0	0	0	0	0	0
$1	1737	6038	1	0	1555	1.00	2890	22.06.23	09:53	4	30	2890	2890	00	0000007015557	0	0	0	0	0	0	0	0
$1	1737	6038	2	0	4032	1.00	990	22.06.23	09:53	4	30	990	990	00	0000000019897	0	0	0	0	0	0	0	0
$1	1737	6038	3	0	3107	1.00	1550	22.06.23	09:53	2	30	1550	1550	00	0000020031077	0	0	0	0	0	0	0	0
$1	1737	6038	4	0	1593	1.00	1590	22.06.23	09:53	1	30	1590	1590	00	0000007015939	0	0	0	0	0	0	0	0
$1	1737	6039	1	0	2053	1.00	2550	22.06.23	09:59	1	30	2550	2550	00	0000011020530	0	0	0	0	0	0	0	0
$1	1737	6039	2	0	2050	1.00	2550	22.06.23	09:59	1	30	2550	2550	00	0000011020509	0	0	0	0	0	0	0	0
$1	1737	6040	1	0	1866	1.00	12850	22.06.23	10:10	1	30	12850	12850	00	0000008018663	0	0	0	0	0	0	0	0
$1	1737	6040	2	0	3011	1.00	6500	22.06.23	10:10	1	30	6500	6500	00	0000001030112	0	0	0	0	0	0	0	0
$1	1737	6041	1	0	2066	1.00	4650	22.06.23	10:35	1	30	4650	4650	00	0000012020669	0	0	0	0	0	0	0	0
$1	1737	6042	1	0	2350	1.00	700	22.06.23	11:04	1	30	700	700	00	0000015023506	0	0	0	0	0	0	0	0
$1	1737	6042	2	0	1039	1.00	590	22.06.23	11:04	2	30	590	590	00	5906365702823	0	0	0	0	0	0	0	0
$1	1737	6042	3	0	3588	1.00	1100	22.06.23	11:04	4	30	1100	1100	00	0000020035884	0	0	0	0	0	0	0	0
$1	1737	6042	4	0	1049	1.00	1390	22.06.23	11:04	4	30	1390	1390	00	0000005010493	0	0	0	0	0	0	0	0
$1	1737	6042	5	0	3114	1.00	750	22.06.23	11:04	2	30	750	750	00	0000020031145	0	0	0	0	0	0	0	0
$1	1737	6042	6	0	3580	1.00	750	22.06.23	11:04	2	30	750	750	00	0000020035808	0	0	0	0	0	0	0	0
$1	1737	6042	7	0	0952	1.00	450	22.06.23	11:04	4	30	450	450	00	5906365702472	0	0	0	0	0	0	0	0
$1	1737	6042	8	0	0953	1.00	490	22.06.23	11:04	2	30	490	490	00	0000005009534	0	0	0	0	0	0	0	0
$1	1737	6042	9	0	1028	1.00	950	22.06.23	11:04	2	30	950	950	00	0000005010288	0	0	0	0	0	0	0	0
$1	1737	6042	10	0	1379	1.00	1850	22.06.23	11:04	1	30	1850	1850	00	0000006013790	0	0	0	0	0	0	0	0
$1	1737	6043	1	0	0581	1.00	1345	22.06.23	11:17	1	30	1345	2690	00	5902249010572	0	0	0	0	0	0	0	1
$1	1737	6043	2	0	2392	1.00	2890	22.06.23	11:17	1	30	2890	2890	00	0000016023925	0	0	0	0	0	0	0	0
$1	1737	6044	1	0	0297	1.00	2000	22.06.23	11:21	1	30	2000	2000	00	0800307842750	0	0	0	0	0	0	0	0
$1	1737	6044	2	0	2024	1.00	2490	22.06.23	11:21	1	30	2490	2490	00	0000010020241	0	0	0	0	0	0	0	0
$1	1737	6045	1	0	3117	1.00	1150	22.06.23	13:03	2	30	1150	1150	00	0000020031176	0	0	0	0	0	0	0	0
$1	1737	6045	2	0	0371	1.00	1790	22.06.23	13:03	1	30	1790	1790	00	5906874565292	0	0	0	0	0	0	0	0
$1	1737	6045	3	0	1788	1.00	11000	22.06.23	13:03	1	30	11000	11000	00	0000008017888	0	0	0	0	0	0	0	0
$1	1737	6045	4	0	3559	1.00	1990	22.06.23	13:03	1	30	1990	1990	00	0000006013783	0	0	0	0	0	0	0	0
$1	1737	6045	5	0	1375	1.00	1850	22.06.23	13:03	1	30	1850	1850	00	0000006013752	0	0	0	0	0	0	0	0
$1	1737	6045	6	0	4093	1.00	3000	22.06.23	13:03	1	30	3000	3000	00	5903760203009	0	0	0	0	0	0	0	0
$1	1737	6045	7	0	4090	1.00	2500	22.06.23	13:03	1	30	2500	2500	00	5903760203085	0	0	0	0	0	0	0	0
$1	1737	6045	8	0	1605	1.00	1050	22.06.23	13:03	1	30	1050	1050	00	0000007016059	0	0	0	0	0	0	0	0
$1	1737	6045	9	0	1815	1.00	2150	22.06.23	13:03	1	30	2150	2150	00	5711914066239	0	0	0	0	0	0	0	0
$1	1737	6046	1	0	1461	1.00	2850	22.06.23	13:40	1	30	2850	2850	00	0000034014615	0	0	0	0	0	0	0	0
$1	1737	6047	1	0	0540	1.00	25	22.06.23	14:10	1	30	25	2490	00	5902249010091	0	0	0	0	0	0	0	1
$1	1737	6048	1	0	3227	1.00	5850	22.06.23	14:31	1	30	5850	5850	00	0000004032274	0	0	0	0	0	0	0	0
$1	1737	6048	2	0	1593	1.00	1590	22.06.23	14:31	1	30	1590	1590	00	0000007015939	0	0	0	0	0	0	0	0
$1	1737	6048	3	0	1586	1.00	1550	22.06.23	14:31	1	30	1550	1550	00	0000007015861	0	0	0	0	0	0	0	0
$1	1737	6048	4	0	3083	1.00	690	22.06.23	14:31	2	30	690	690	00	0000020030926	0	0	0	0	0	0	0	0
$1	1737	6048	5	0	1573	2.00	1100	22.06.23	14:31	4	30	1100	1100	00	5906660817208	0	0	0	0	0	0	0	0
$1	1737	6049	1	0	0441	1.00	4490	22.06.23	14:47	1	30	4490	4490	00	0000000000239	0	0	0	0	0	0	0	0
$1	1737	6050	1	0	2167	1.00	3690	22.06.23	14:53	1	30	3690	3690	00	0000000025447	0	0	0	0	0	0	0	0
$1	1737	6050	2	0	2167	1.00	3690	22.06.23	14:53	1	30	3690	3690	00	0000000025447	0	0	0	0	0	0	0	0
$1	1737	6050	3	0	2165	1.00	1550	22.06.23	14:53	1	30	1550	1550	00	0000000025430	0	0	0	0	0	0	0	0
$1	1737	6050	4	0	2165	1.00	1550	22.06.23	14:53	1	30	1550	1550	00	0000000025430	0	0	0	0	0	0	0	0
$1	1737	6050	5	0	3906	1.00	3950	22.06.23	14:53	1	30	3950	3950	00	0000028039068	0	0	0	0	0	0	0	0
$1	1737	6050	6	0	2221	1.00	690	22.06.23	14:53	1	30	690	690	00	0000000025461	0	0	0	0	0	0	0	0
$1	1737	6051	1	0	2050	1.00	2550	22.06.23	14:55	1	30	2550	2550	00	0000011020509	0	0	0	0	0	0	0	0
$1	1737	6052	1	0	3551	1.00	3450	22.06.23	15:09	1	30	3450	3450	00	0000008035516	0	0	0	0	0	0	0	0
$1	1737	6053	1	0	1839	1.00	25	22.06.23	15:14	1	30	25	2490	00	0000008018397	0	0	0	0	0	0	0	1
$1	1737	6054	1	0	3457	1.00	3950	22.06.23	15:21	1	30	3950	3950	00	0000014034572	0	0	0	0	0	0	0	0
$1	1737	6054	2	0	3462	1.00	4950	22.06.23	15:21	1	30	4950	4950	00	0000014034626	0	0	0	0	0	0	0	0
$1	1737	6054	3	0	2293	1.00	3950	22.06.23	15:21	1	30	3950	3950	00	0000014022937	0	0	0	0	0	0	0	0
$1	1737	6054	4	0	0048	1.000	6850	22.06.23	15:21	1	30	6850	6850	00	0000000000000	0	0	0	0	0	0	0	0
$1	1737	6055	1	0	1716	1.00	3550	22.06.23	15:25	1	30	3550	3550	00	0000034017166	0	0	0	0	0	0	0	0
$1	1737	6056	1	0	3091	1.00	590	22.06.23	15:45	2	30	590	590	00	0000020030919	0	0	0	0	0	0	0	0
$1	1737	6056	2	0	2167	1.00	3690	22.06.23	15:45	1	30	3690	3690	00	0000000025447	0	0	0	0	0	0	0	0
$1	1737	6056	3	0	0048	1.000	6850	22.06.23	15:45	1	30	6850	6850	00	0000000000000	0	0	0	0	0	0	0	0
$1	1737	6056	4	0	3058	1.00	890	22.06.23	15:45	2	30	890	890	00	0000020030582	0	0	0	0	0	0	0	0
$1	1737	6056	5	0	2167	1.00	3690	22.06.23	15:45	1	30	3690	3690	00	0000000025447	0	0	0	0	0	0	0	0
$1	1737	6056	6	0	0048	1.000	6850	22.06.23	15:45	1	30	6850	6850	00	0000000000000	0	0	0	0	0	0	0	0
$1	1737	6056	7	0	3111	1.00	2350	22.06.23	15:45	2	30	2350	2350	00	0000020031114	0	0	0	0	0	0	0	0
$1	1737	6056	8	0	0048	1.000	8390	22.06.23	15:45	1	30	8390	8390	00	0000000000000	0	0	0	0	0	0	0	0
$1	1737	6056	9	0	3901	3.00	2850	22.06.23	15:45	1	30	2850	2850	00	0000028039013	0	0	0	0	0	0	0	0
$1	1737	6056	10	0	3900	1.00	3290	22.06.23	15:45	1	30	3290	3290	00	0000028039006	0	0	0	0	0	0	0	0
$1	1737	6056	11	0	1589	1.00	1590	22.06.23	15:45	1	30	1590	1590	00	0000007015892	0	0	0	0	0	0	0	0
$1	1737	6056	12	0	2167	1.00	3690	22.06.23	15:45	1	30	3690	3690	00	0000000025447	0	0	0	0	0	0	0	0
$1	1737	6057	1	0	2009	1.00	3290	22.06.23	15:46	1	30	3290	3290	00	0000009020092	0	0	0	0	0	0	0	0
$1	1737	6058	1	0	2265	1.00	850	22.06.23	15:48	2	30	850	850	00	0000020022655	0	0	0	0	0	0	0	0
$1	1737	6059	1	0	2768	1.00	15850	22.06.23	15:50	1	30	15850	15850	00	0000018027686	0	0	0	0	0	0	0	0
$1	1737	6060	1	0	0441	1.00	3592	22.06.23	15:53	1	30	3592	4490	00	0000000000239	0	0	0	0	0	0	0	1
$1	1737	6060	2	0	0441	1.00	4490	22.06.23	15:53	1	30	4490	4490	00	0000000000239	0	0	0	0	0	0	0	0
$1	1737	6061	1	0	1825	1.00	2350	22.06.23	15:56	1	30	2350	2350	00	0000008018250	0	0	0	0	0	0	0	0
$1	1737	6061	2	0	4060	1.00	6650	22.06.23	15:56	2	30	6650	6650	00	0000027040607	0	0	0	0	0	0	0	0
$1	1737	6062	1	0	0066	1.000	1190	22.06.23	16:06	1	30	1190	1190	00	0000000000000	0	0	0	0	0	0	0	0
$1	1737	6062	2	0	2024	1.00	2490	22.06.23	16:06	1	30	2490	2490	00	0000010020241	0	0	0	0	0	0	0	0
$1	1737	6063	1	0	1841	1.00	3190	22.06.23	16:09	1	30	3190	3190	00	0000008018410	0	0	0	0	0	0	0	0
$1	1737	6063	2	0	1257	1.00	3950	22.06.23	16:09	1	30	3950	3950	00	0000000000444	0	0	0	0	0	0	0	0
$1	1737	6064	1	0	0613	1.00	25	22.06.23	16:17	1	30	25	2490	00	5902249011197	0	0	0	0	0	0	0	1
$1	1737	6065	1	0	1629	1.00	2690	22.06.23	17:07	1	30	2690	2690	00	0000007016295	0	0	0	0	0	0	0	0
$1	1737	6066	1	0	2053	1.00	2550	22.06.23	17:08	1	30	2550	2550	00	0000011020530	0	0	0	0	0	0	0	0
$1	1738	6072	1	0	0988	2.00	1580	22.06.24	09:52	1	30	1580	1580	00	0000005009886	0	0	0	0	0	0	0	0
$1	1738	6073	1	0	0525	1.00	3650	22.06.24	10:06	1	30	3650	3650	00	5907502687676	0	0	0	0	0	0	0	0
$1	1738	6074	1	0	3399	3.00	11550	22.06.24	10:34	1	30	11550	11550	00	0000000025744	0	0	0	0	0	0	0	0
$1	1738	6074	2	0	0027	1.000	4450	22.06.24	10:34	1	30	4450	4450	00	0000000000000	0	0	0	0	0	0	0	0
$1	1738	6075	1	0	1715	1.00	2290	22.06.24	10:46	1	30	2290	2290	00	0000034017159	0	0	0	0	0	0	0	0
$1	1738	6075	2	0	1451	1.00	1490	22.06.24	10:46	1	30	1490	1490	00	0000034014516	0	0	0	0	0	0	0	0
$1	1738	6075	3	0	2350	2.00	1400	22.06.24	10:46	1	30	1400	1400	00	0000015023506	0	0	0	0	0	0	0	0
$1	1738	6076	1	0	2053	1.00	2550	22.06.24	11:08	1	30	2550	2550	00	0000011020530	0	0	0	0	0	0	0	0
$1	1738	6076	2	0	2050	1.00	2550	22.06.24	11:08	1	30	2550	2550	00	0000011020509	0	0	0	0	0	0	0	0
$1	1738	6076	3	0	2506	1.00	1050	22.06.24	11:08	1	30	1050	1050	00	0000020025069	0	0	0	0	0	0	0	0
$1	1738	6077	1	0	0973	1.00	450	22.06.24	11:34	2	30	450	450	00	5905279799448	0	0	0	0	0	0	0	0
$1	1738	6078	1	0	1232	1.00	450	22.06.24	11:38	2	30	450	450	00	5909990219520	0	0	0	0	0	0	0	0
$1	1738	6079	1	0	1574	2.00	1100	22.06.24	11:53	4	30	1100	1100	00	5906660817215	0	0	0	0	0	0	0	0
$1	1738	6079	2	0	1573	2.00	1100	22.06.24	11:53	4	30	1100	1100	00	5906660817208	0	0	0	0	0	0	0	0
$1	1738	6080	1	0	3901	1.00	10	22.06.24	11:59	1	30	10	950	00	0000028039013	0	0	0	0	0	0	0	1
$1	1738	6081	1	0	0527	1.00	3650	22.06.24	12:01	1	30	3650	3650	00	5907502687690	0	0	0	0	0	0	0	0
$1	1738	6082	1	0	1232	1.00	450	22.06.24	12:42	2	30	450	450	00	5909990219520	0	0	0	0	0	0	0	0
$1	1738	6083	1	0	2530	1.00	2150	22.06.24	13:54	2	30	2150	2150	00	0000017025300	0	0	0	0	0	0	0	0
$1	1738	6083	2	0	1813	1.00	2990	22.06.24	13:54	1	30	2990	2990	00	0000008018137	0	0	0	0	0	0	0	0
$1	1738	6083	3	0	0532	1.00	2790	22.06.24	13:54	1	30	2790	2790	00	5907502687874	0	0	0	0	0	0	0	0
$1	1738	6084	1	0	3668	1.00	4950	22.06.24	14:17	1	30	4950	4950	00	0000000025751	0	0	0	0	0	0	0	0
$1	1738	6085	1	0	3240	1.00	2850	22.06.24	14:38	1	30	2850	2850	00	0000034032404	0	0	0	0	0	0	0	0
$1	1738	6085	2	0	0066	1.000	1190	22.06.24	14:38	1	30	1190	1190	00	0000000000000	0	0	0	0	0	0	0	0
$1	1738	6086	1	0	1821	1.00	1990	22.06.24	15:06	1	30	1990	1990	00	0000008018212	0	0	0	0	0	0	0	0
$1	1738	6087	1	0	1894	1.00	3690	22.06.24	15:15	1	30	3690	3690	00	0000000025928	0	0	0	0	0	0	0	0
$1	1738	6087	2	0	0066	1.000	1190	22.06.24	15:15	1	30	1190	1190	00	0000000000000	0	0	0	0	0	0	0	0
$1	1738	6088	1	0	0727	1.00	8250	22.06.24	15:48	1	30	8250	8250	00	0000003007273	0	0	0	0	0	0	0	0
$1	1738	6088	2	0	1203	1.00	590	22.06.24	15:48	2	30	590	590	00	5909990219612	0	0	0	0	0	0	0	0
$1	1738	6089	1	0	0541	1.00	2990	22.06.24	16:44	1	30	2990	2990	00	5902249010107	0	0	0	0	0	0	0	0
$1	1739	6091	1	0	3258	1.00	2750	22.06.25	09:54	1	30	2750	2750	00	5900168904361	0	0	0	0	0	0	0	0
$1	1739	6091	2	0	1690	1.00	3250	22.06.25	09:54	1	30	3250	3250	00	0000007016905	0	0	0	0	0	0	0	0
$1	1739	6091	3	0	0225	1.000	200	22.06.25	09:54	1	30	200	200	00	0000000000000	0	0	0	0	0	0	0	0
$1	1739	6092	1	0	0226	1.000	2190	22.06.25	10:18	1	30	2190	2190	00	0000000000000	0	0	0	0	0	0	0	0
$1	1739	6092	2	0	2053	1.00	2550	22.06.25	10:18	1	30	2550	2550	00	0000011020530	0	0	0	0	0	0	0	0
$1	1739	6093	1	0	0772	1.00	6690	22.06.25	10:21	1	30	6690	6690	00	0000003007723	0	0	0	0	0	0	0	0
$1	1739	6094	1	0	2350	1.00	700	22.06.25	10:28	1	30	700	700	00	0000015023506	0	0	0	0	0	0	0	0
$1	1739	6095	1	0	3410	1.00	32	22.06.25	10:29	1	30	32	3190	00	0000000025935	0	0	0	0	0	0	0	1
$1	1739	6096	1	0	1713	1.00	3190	22.06.25	10:36	1	30	3190	3190	00	0000034017135	0	0	0	0	0	0	0	0
$1	1739	6097	1	0	1107	3.00	1350	22.06.25	11:47	2	30	1350	1350	00	5909994311466	0	0	0	0	0	0	0	0
$1	1739	6097	2	0	1211	2.00	900	22.06.25	11:47	2	30	900	900	00	5909994309920	0	0	0	0	0	0	0	0
$1	1739	6097	3	0	1183	1.00	650	22.06.25	11:47	2	30	650	650	00	5909990628414	0	0	0	0	0	0	0	0
$1	1739	6097	4	0	1562	1.00	2550	22.06.25	11:47	4	30	2550	2550	00	0000007015625	0	0	0	0	0	0	0	0
$1	1739	6097	5	0	1574	1.00	550	22.06.25	11:47	4	30	550	550	00	5906660817215	0	0	0	0	0	0	0	0
$1	1739	6098	1	0	0726	1.00	5900	22.06.25	12:43	1	30	5900	5900	00	0000003007266	0	0	0	0	0	0	0	0
$1	1739	6098	2	0	3938	1.00	2250	22.06.25	12:43	1	30	2250	2250	00	8691190763183	0	0	0	0	0	0	0	0
$1	1739	6098	3	0	2024	1.00	2490	22.06.25	12:43	1	30	2490	2490	00	0000010020241	0	0	0	0	0	0	0	0
$1	1739	6099	1	0	2053	1.00	2550	22.06.25	12:49	1	30	2550	2550	00	0000011020530	0	0	0	0	0	0	0	0
$1	1740	6101	1	0	0027	1.000	4450	22.06.28	09:33	1	30	4450	4450	00	0000000000000	0	0	0	0	0	0	0	0
$1	1740	6102	1	0	0473	1.00	2390	22.06.28	10:26	1	30	2390	2390	00	5907502687317	0	0	0	0	0	0	0	0
$1	1740	6102	2	0	2053	1.00	2550	22.06.28	10:26	1	30	2550	2550	00	0000011020530	0	0	0	0	0	0	0	0
$1	1740	6103	1	0	2050	1.00	2550	22.06.28	11:01	1	30	2550	2550	00	0000011020509	0	0	0	0	0	0	0	0
$1	1740	6104	1	0	1234	2.00	1500	22.06.28	11:22	2	30	1500	1500	00	5909990311910	0	0	0	0	0	0	0	0
$1	1740	6105	1	0	3602	1.00	2850	22.06.28	11:25	1	30	2850	2850	00	0000016036024	0	0	0	0	0	0	0	0
$1	1740	6106	1	0	0344	1.00	1890	22.06.28	12:01	1	30	1890	1890	00	5900168900370	0	0	0	0	0	0	0	0
$1	1740	6106	2	0	0031	1.000	2000	22.06.28	12:01	1	30	2000	2000	00	0000000000000	0	0	0	0	0	0	0	0
$1	1740	6107	1	0	2572	1.00	28	22.06.28	13:09	2	30	28	2790	00	0000017025720	0	0	0	0	0	0	0	1
$1	1740	6108	1	0	1881	1.00	50	22.06.28	13:11	1	30	50	4950	00	0000008018816	0	0	0	0	0	0	0	1
$1	1740	6109	1	0	2589	1.00	95	22.06.28	13:11	2	30	95	950	00	0000017025898	0	0	0	0	0	0	0	1
$1	1740	6110	1	0	2009	1.00	3290	22.06.28	13:53	1	30	3290	3290	00	0000009020092	0	0	0	0	0	0	0	0
$1	1740	6111	1	0	2024	1.00	1990	22.06.28	14:21	1	30	1990	2490	00	0000010020241	0	0	0	0	0	0	0	1
$1	1740	6111	2	0	0297	1.00	2000	22.06.28	14:21	1	30	2000	2000	00	0800307842750	0	0	0	0	0	0	0	0
$1	1740	6112	1	0	4093	1.00	3000	22.06.28	16:21	1	30	3000	3000	00	0000001040937	0	0	0	0	0	0	0	0
$1	1740	6112	2	0	0571	1.00	1250	22.06.28	16:21	1	30	1250	1250	00	5902249011142	0	0	0	0	0	0	0	0
$1	1740	6112	3	0	0203	1.000	2590	22.06.28	16:21	1	30	2590	2590	00	0000000000000	0	0	0	0	0	0	0	0
$1	1740	6112	4	0	2024	1.00	2490	22.06.28	16:21	1	30	2490	2490	00	0000010020241	0	0	0	0	0	0	0	0
$1	1740	6113	1	0	2596	1.00	1050	22.06.28	16:33	2	30	1050	1050	00	0000017025966	0	0	0	0	0	0	0	0
$1	1740	6113	2	0	1716	1.00	3550	22.06.28	16:33	1	30	3550	3550	00	0000034017166	0	0	0	0	0	0	0	0
$1	1741	6115	1	0	0662	1.00	3350	22.06.29	10:10	1	30	3350	3350	00	5902249014952	0	0	0	0	0	0	0	0
$1	1741	6115	2	0	3522	1.00	2490	22.06.29	10:10	1	30	2490	2490	00	5907467544519	0	0	0	0	0	0	0	0
$1	1741	6115	3	0	0557	1.00	2590	22.06.29	10:10	1	30	2590	2590	00	5902249010411	0	0	0	0	0	0	0	0
$1	1741	6115	4	0	3347	1.00	2890	22.06.29	10:10	1	30	2890	2890	00	0000002033471	0	0	0	0	0	0	0	0
$1	1741	6115	5	0	2024	1.00	2490	22.06.29	10:10	1	30	2490	2490	00	0000010020241	0	0	0	0	0	0	0	0
$1	1741	6116	1	0	1587	1.00	1650	22.06.29	11:35	1	30	1650	1650	00	0000007015878	0	0	0	0	0	0	0	0
$1	1741	6116	2	0	2545	1.00	2750	22.06.29	11:35	2	30	2750	2750	00	0000017025454	0	0	0	0	0	0	0	0
$1	1741	6117	1	0	2050	1.00	2550	22.06.29	11:41	1	30	2550	2550	00	0000011020509	0	0	0	0	0	0	0	0
$1	1741	6118	1	0	0702	1.00	2150	22.06.29	12:12	1	30	2150	2150	00	0000003007020	0	0	0	0	0	0	0	0
$1	1741	6118	2	0	0608	1.00	850	22.06.29	12:12	1	30	850	850	00	5902249011050	0	0	0	0	0	0	0	0
$1	1741	6118	3	0	0026	1.000	590	22.06.29	12:12	1	30	590	590	00	0000000000000	0	0	0	0	0	0	0	0
$1	1741	6119	1	0	1230	1.00	450	22.06.29	12:25	2	30	450	450	00	5909994310766	0	0	0	0	0	0	0	0
$1	1741	6119	2	0	0586	1.00	690	22.06.29	12:25	1	30	690	690	00	5902249010527	0	0	0	0	0	0	0	0
$1	1741	6120	1	0	0580	1.00	2871	22.06.29	12:31	1	30	2871	3190	00	5902249011067	0	0	0	0	0	0	0	1
$1	1741	6121	1	0	1068	1.00	650	22.06.29	12:35	2	30	650	650	00	5905279799400	0	0	0	0	0	0	0	0
$1	1741	6122	1	0	2011	1.00	3150	22.06.29	12:52	2	30	3150	3150	00	0680275060888	0	0	0	0	0	0	0	0
$1	1741	6122	2	0	2165	1.00	1550	22.06.29	12:52	1	30	1550	1550	00	0000000025430	0	0	0	0	0	0	0	0
$1	1741	6122	3	0	2165	1.00	1550	22.06.29	12:52	1	30	1550	1550	00	0000000025430	0	0	0	0	0	0	0	0
$1	1741	6123	1	0	1191	2.00	900	22.06.29	14:40	2	30	900	900	00	5909990628490	0	0	0	0	0	0	0	0
$1	1741	6123	2	0	1170	1.00	490	22.06.29	14:40	2	30	490	490	00	5909994311565	0	0	0	0	0	0	0	0
$1	1741	6123	3	0	0982	1.00	490	22.06.29	14:40	2	30	490	490	00	5907752643385	0	0	0	0	0	0	0	0
$1	1741	6124	1	0	0066	2.000	2380	22.06.29	16:04	1	30	2380	2380	00	0000000000000	0	0	0	0	0	0	0	0
$1	1741	6125	1	0	0016	1.000	3790	22.06.29	16:13	1	30	3790	3790	00	0000000000000	0	0	0	0	0	0	0	0
$1	1741	6125	2	0	1924	1.00	1600	22.06.29	16:13	2	30	1600	1600	00	0000009019249	0	0	0	0	0	0	0	0
$1	1741	6125	3	0	1925	1.00	1590	22.06.29	16:13	2	30	1590	1590	00	0000009019256	0	0	0	0	0	0	0	0
$1	1742	6130	1	0	0016	1.000	4450	22.06.30	10:00	1	30	4450	4450	00	0000000000000	0	0	0	0	0	0	0	0
$1	1742	6130	2	0	0304	1.00	2190	22.06.30	10:00	1	30	2190	2190	00	5900168908451	0	0	0	0	0	0	0	0
$1	1742	6130	3	0	0301	1.00	1690	22.06.30	10:00	1	30	1690	1690	00	5900168908536	0	0	0	0	0	0	0	0
$1	1742	6131	1	0	1181	1.00	450	22.06.30	10:05	2	30	450	450	00	5909994310964	0	0	0	0	0	0	0	0
$1	1742	6131	2	0	1111	1.00	550	22.06.30	10:05	2	30	550	550	00	5906365702304	0	0	0	0	0	0	0	0
$1	1742	6132	1	0	1291	1.00	5450	22.06.30	10:27	3	30	5450	5450	00	0000006012915	0	0	0	0	0	0	0	0
$1	1742	6132	2	0	2530	1.00	2150	22.06.30	10:27	2	30	2150	2150	00	0000017025300	0	0	0	0	0	0	0	0
$1	1742	6132	3	0	1527	1.00	3390	22.06.30	10:27	4	30	3390	3390	00	5906660817147	0	0	0	0	0	0	0	0
$1	1742	6132	4	0	0002	1.000	2990	22.06.30	10:27	1	30	2990	2990	00	0000000000000	0	0	0	0	0	0	0	0
$1	1742	6132	5	0	0140	1.000	2770	22.06.30	10:27	1	30	2770	2770	00	0000000000000	0	0	0	0	0	0	0	0
$1	1742	6132	6	0	1339	1.00	1390	22.06.30	10:27	3	30	1390	1390	00	0000006013394	0	0	0	0	0	0	0	0
$1	1742	6132	7	0	0001	1.000	890	22.06.30	10:27	1	30	890	890	00	0000000000000	0	0	0	0	0	0	0	0
$1	1742	6133	1	0	0960	1.00	500	22.06.30	10:48	4	30	500	500	00	5905279799608	0	0	0	0	0	0	0	0
$1	1742	6133	2	0	1458	1.00	2290	22.06.30	10:48	1	30	2290	2290	00	0000034014585	0	0	0	0	0	0	0	0
$1	1742	6133	3	0	3090	1.00	750	22.06.30	10:48	2	30	750	750	00	0000020030902	0	0	0	0	0	0	0	0
$1	1742	6134	1	0	0450	1.00	4250	22.06.30	10:53	1	30	4250	4250	00	5907502687157	0	0	0	0	0	0	0	0
$12	1742	1	1	0	2759	2.00	4980	22.06.30	13:08	1	30	4980	4980	00	0000036027590	0	0	0	0	0	0	0	0
$1	1742	6136	1	0	4065	1.00	1350	22.06.30	14:15	1	30	1350	1350	00	0000026040653	0	0	0	0	0	0	0	0
$1	1742	6137	1	0	1215	2.00	130	22.06.30	14:16	2	30	130	1300	00	5909994311213	0	0	0	0	0	0	0	1
$1	1742	6138	1	0	1816	1.00	2490	22.06.30	15:34	1	30	2490	2490	00	0000008018168	0	0	0	0	0	0	0	0
$1	1742	6139	1	0	1734	1.00	2450	22.06.30	16:07	1	30	2450	2450	00	0000057039879	0	0	0	0	0	0	0	0
$1	1742	6140	1	0	4026	1.00	1350	22.06.30	16:33	1	30	1350	1350	00	8691190115074	0	0	0	0	0	0	0	0
$12	1743	1	1	0	0574	1.00	3550	22.07.01	10:04	1	30	3550	3550	00	5902249010046	0	0	0	0	0	0	0	0
$1	1743	6144	1	0	2053	1.00	2550	22.07.01	10:21	1	30	2550	2550	00	0000011020530	0	0	0	0	0	0	0	0
$1	1743	6144	2	0	0499	1.00	2950	22.07.01	10:21	1	30	2950	2950	00	5907502687553	0	0	0	0	0	0	0	0
$1	1743	6144	3	0	0578	1.00	3090	22.07.01	10:21	1	30	3090	3090	00	5902249010916	0	0	0	0	0	0	0	0
$1	1743	6144	4	0	3392	1.00	100	22.07.01	10:21	1	30	100	100	00	5902249016864	0	0	0	0	0	0	0	0
$1	1743	6145	1	0	0026	1.000	590	22.07.01	10:42	1	30	590	590	00	0000000000000	0	0	0	0	0	0	0	0
$1	1743	6146	1	0	2759	2.00	4980	22.07.01	11:26	1	30	4980	4980	00	0000036027590	0	0	0	0	0	0	0	0
$1	1743	6147	1	0	3242	1.00	2150	22.07.01	13:01	1	30	2150	2150	00	0000034032428	0	0	0	0	0	0	0	0
$1	1743	6147	2	0	1456	1.00	1490	22.07.01	13:01	1	30	1490	1490	00	0000034014561	0	0	0	0	0	0	0	0
$1	1743	6147	3	0	2936	1.00	3990	22.07.01	13:01	1	30	3990	3990	00	0000034029367	0	0	0	0	0	0	0	0
$1	1743	6147	4	0	1436	1.00	2850	22.07.01	13:01	1	30	2850	2850	00	0000034014363	0	0	0	0	0	0	0	0
$1	1743	6147	5	0	1445	1.00	4750	22.07.01	13:01	1	30	4750	4750	00	0000034014455	0	0	0	0	0	0	0	0
$1	1743	6147	6	0	1437	1.00	2850	22.07.01	13:01	1	30	2850	2850	00	0000034014370	0	0	0	0	0	0	0	0
$1	1743	6147	7	0	1462	2.00	3180	22.07.01	13:01	1	30	3180	3180	00	0000034014622	0	0	0	0	0	0	0	0
$1	1743	6147	8	0	1715	1.00	2290	22.07.01	13:01	1	30	2290	2290	00	0000034017159	0	0	0	0	0	0	0	0
$1	1743	6147	9	0	1708	1.00	1590	22.07.01	13:01	1	30	1590	1590	00	0000034017081	0	0	0	0	0	0	0	0
$1	1743	6147	10	0	1460	2.00	3900	22.07.01	13:01	1	30	3900	3900	00	0000034014608	0	0	0	0	0	0	0	0
$1	1743	6148	1	0	0502	1.00	2390	22.07.01	14:10	1	30	2390	2390	00	5907502687522	0	0	0	0	0	0	0	0
$1	1743	6148	2	0	0463	1.00	2450	22.07.01	14:10	1	30	2450	2450	00	5907502687249	0	0	0	0	0	0	0	0
$1	1743	6148	3	0	3392	1.00	100	22.07.01	14:10	1	30	100	100	00	5902249016864	0	0	0	0	0	0	0	0
$1	1743	6149	1	0	0499	1.00	2950	22.07.01	14:27	1	30	2950	2950	00	5907502687553	0	0	0	0	0	0	0	0
$1	1743	6149	2	0	0516	1.00	3250	22.07.01	14:27	1	30	3250	3250	00	5907502687751	0	0	0	0	0	0	0	0
$1	1743	6149	3	0	3392	1.00	100	22.07.01	14:27	1	30	100	100	00	5902249016864	0	0	0	0	0	0	0	0
$1	1743	6149	4	0	2163	1.00	1650	22.07.01	14:27	1	30	1650	1650	00	5901887032915	0	0	0	0	0	0	0	0
$1	1743	6149	5	0	0297	1.00	2000	22.07.01	14:27	1	30	2000	2000	00	0800307842750	0	0	0	0	0	0	0	0
$1	1743	6149	6	0	2024	1.00	1990	22.07.01	14:27	1	30	1990	2490	00	0000010020241	0	0	0	0	0	0	0	1
$1	1743	6149	7	0	0195	1.000	850	22.07.01	14:27	1	30	850	850	00	0000000000000	0	0	0	0	0	0	0	0
$1	1743	6150	1	0	3474	1.00	2990	22.07.01	14:29	1	30	2990	2990	00	0000006034740	0	0	0	0	0	0	0	0
$1	1743	6150	2	0	1886	1.00	1990	22.07.01	14:29	3	30	1990	1990	00	0000006018863	0	0	0	0	0	0	0	0
$1	1743	6150	3	0	1219	1.00	590	22.07.01	14:29	2	30	590	590	00	0000005012190	0	0	0	0	0	0	0	0
$1	1743	6150	4	0	1196	1.00	590	22.07.01	14:29	2	30	590	590	00	5909990468324	0	0	0	0	0	0	0	0
$10	1743	6151	1	0	1519	1.00	4990	22.07.01	14:50	4	30	4990	4990	00	5907804205318	0	0	0	0	0	0	0	0
$10	1743	6151	2	0	4069	1.00	690	22.07.01	14:50	1	30	690	690	00	0000026040691	0	0	0	0	0	0	0	0
$1	1743	6151	1	0	4069	1.00	69	22.07.01	14:50	1	30	69	690	00	0000026040691	0	0	0	0	0	0	0	1
$1	1743	6152	1	0	1519	1.00	50	22.07.01	15:29	4	30	50	4990	00	5907804205318	0	0	0	0	0	0	0	1
$1	1743	6153	1	0	0520	1.00	2990	22.07.01	16:28	1	30	2990	2990	00	5907502687737	0	0	0	0	0	0	0	0
$1	1743	6153	2	0	0450	1.00	4250	22.07.01	16:28	1	30	4250	4250	00	5907502687157	0	0	0	0	0	0	0	0
$1	1743	6153	3	0	2053	1.00	2550	22.07.01	16:28	1	30	2550	2550	00	0000011020530	0	0	0	0	0	0	0	0
$1	1743	6153	4	0	3392	1.00	100	22.07.01	16:28	1	30	100	100	00	5902249016864	0	0	0	0	0	0	0	0
$1	1743	6154	1	0	3169	1.00	3190	22.07.01	16:36	1	30	3190	3190	00	0000008031693	0	0	0	0	0	0	0	0
$1	1743	6155	1	0	1286	1.00	2950	22.07.01	16:49	1	30	2950	2950	00	0000006012861	0	0	0	0	0	0	0	0
$1	1743	6155	2	0	3140	1.00	1150	22.07.01	16:49	2	30	1150	1150	00	0000020031404	0	0	0	0	0	0	0	0
$1	1743	6155	3	0	2350	1.00	700	22.07.01	16:49	1	30	700	700	00	0000015023506	0	0	0	0	0	0	0	0
$1	1743	6156	1	0	0736	1.00	4390	22.07.01	16:53	1	30	4390	4390	00	0000003007365	0	0	0	0	0	0	0	0
$1	1744	6159	1	0	0893	1.00	4500	22.07.02	09:45	1	30	4500	4500	00	0000004008934	0	0	0	0	0	0	0	0
$1	1744	6159	2	0	0898	1.00	3500	22.07.02	09:45	1	30	3500	3500	00	0000004008989	0	0	0	0	0	0	0	0
$1	1744	6159	3	0	0605	1.00	4250	22.07.02	09:45	1	30	4250	4250	00	5902249011098	0	0	0	0	0	0	0	0
$1	1744	6160	1	0	2307	1.00	3900	22.07.02	11:21	1	30	3900	3900	00	5906660352389	0	0	0	0	0	0	0	0
$1	1744	6161	1	0	1116	1.00	590	22.07.02	11:32	2	30	590	590	00	5906365702335	0	0	0	0	0	0	0	0
$1	1744	6161	2	0	1230	1.00	450	22.07.02	11:32	2	30	450	450	00	5909994310766	0	0	0	0	0	0	0	0
$1	1744	6161	3	0	1183	1.00	650	22.07.02	11:32	2	30	650	650	00	5909990628414	0	0	0	0	0	0	0	0
$1	1744	6161	4	0	0951	1.00	490	22.07.02	11:32	4	30	490	490	00	5907752643569	0	0	0	0	0	0	0	0
$1	1744	6161	5	0	1106	1.00	550	22.07.02	11:32	2	30	550	550	00	5906365702960	0	0	0	0	0	0	0	0
$1	1744	6161	6	0	1181	1.00	450	22.07.02	11:32	2	30	450	450	00	5909994310964	0	0	0	0	0	0	0	0
$1	1744	6161	7	0	1179	1.00	700	22.07.02	11:32	2	30	700	700	00	5909994309524	0	0	0	0	0	0	0	0
$1	1744	6162	1	0	0551	1.00	3450	22.07.02	11:50	1	30	3450	3450	00	5902249010374	0	0	0	0	0	0	0	0
$1	1744	6162	2	0	0550	1.00	2590	22.07.02	11:50	1	30	2590	2590	00	5902249010367	0	0	0	0	0	0	0	0
$1	1744	6162	3	0	3392	1.00	100	22.07.02	11:50	1	30	100	100	00	5902249016864	0	0	0	0	0	0	0	0
$1	1744	6163	1	0	0519	1.00	2790	22.07.02	12:00	1	30	2790	2790	00	5907502687720	0	0	0	0	0	0	0	0
$1	1744	6164	1	0	2053	1.00	2550	22.07.02	12:11	1	30	2550	2550	00	0000011020530	0	0	0	0	0	0	0	0
$1	1744	6165	1	0	1513	1.00	21	22.07.02	12:24	4	30	21	2050	00	5907804205271	0	0	0	0	0	0	0	1
$12	1744	1	1	0	1047	1.00	1150	22.07.02	12:30	4	30	1150	1150	00	0000005010479	0	0	0	0	0	0	0	0
$1	1744	6167	1	0	2697	1.00	29	22.07.02	12:55	4	30	29	2890	00	0000017026970	0	0	0	0	0	0	0	1
$1	1744	6168	1	0	2307	1.00	3900	22.07.02	13:02	1	30	3900	3900	00	0000014023071	0	0	0	0	0	0	0	0
$1	1744	6168	2	0	3247	1.00	3290	22.07.02	13:02	1	30	3290	3290	00	0000034032473	0	0	0	0	0	0	0	0
$1	1744	6169	1	0	2943	1.00	9	22.07.02	13:07	2	30	9	900	00	0000020029432	0	0	0	0	0	0	0	1
$1	1745	6171	1	0	2298	1.00	3550	22.07.05	09:39	1	30	3550	3550	00	5907502687942	0	0	0	0	0	0	0	0
$1	1745	6171	2	0	0499	1.00	2950	22.07.05	09:39	1	30	2950	2950	00	5907502687553	0	0	0	0	0	0	0	0
$1	1745	6171	3	0	3392	1.00	100	22.07.05	09:39	1	30	100	100	00	5902249016864	0	0	0	0	0	0	0	0
$1	1745	6171	4	0	2348	1.00	4290	22.07.05	09:39	1	30	4290	4290	00	0000004023487	0	0	0	0	0	0	0	0
$1	1745	6172	1	0	3522	1.00	2490	22.07.05	09:44	1	30	2490	2490	00	0000000000710	0	0	0	0	0	0	0	0
$1	1745	6172	2	0	3526	1.00	2590	22.07.05	09:44	1	30	2590	2590	00	0000000000727	0	0	0	0	0	0	0	0
$1	1745	6173	1	0	4064	1.00	1790	22.07.05	10:32	1	30	1790	1790	00	5902610970962	0	0	0	0	0	0	0	0
$1	1745	6173	2	0	2341	1.00	1590	22.07.05	10:32	4	30	1590	1590	00	5903760200572	0	0	0	0	0	0	0	0
$1	1745	6173	3	0	1815	1.00	2150	22.07.05	10:32	1	30	2150	2150	00	0000008018151	0	0	0	0	0	0	0	0
$1	1745	6174	1	0	1047	1.00	978	22.07.05	10:41	4	30	978	1150	00	0000005010479	0	0	0	0	0	0	0	1
$1	1745	6174	2	0	2282	1.00	2390	22.07.05	10:41	1	30	2390	2390	00	5907502687775	0	0	0	0	0	0	0	0
$1	1745	6174	3	0	2284	1.00	2790	22.07.05	10:41	1	30	2790	2790	00	5907502687768	0	0	0	0	0	0	0	0
$1	1745	6174	4	0	0012	1.000	1990	22.07.05	10:41	1	30	1990	1990	00	0000000000000	0	0	0	0	0	0	0	0
$1	1745	6174	5	0	3392	1.00	100	22.07.05	10:41	1	30	100	100	00	5902249016864	0	0	0	0	0	0	0	0
$1	1745	6175	1	0	0673	1.00	3090	22.07.05	10:49	1	30	3090	3090	00	5902249014839	0	0	0	0	0	0	0	0
$1	1745	6175	2	0	0494	1.00	3500	22.07.05	10:49	1	30	3500	3500	00	5907502687409	0	0	0	0	0	0	0	0
$1	1745	6175	3	0	1823	1.00	2650	22.07.05	10:49	1	30	2650	2650	00	0000008018236	0	0	0	0	0	0	0	0
$1	1745	6176	1	0	3392	1.00	100	22.07.05	10:49	1	30	100	100	00	5902249016864	0	0	0	0	0	0	0	0
$1	1745	6177	1	0	1321	1.00	3690	22.07.05	11:43	1	30	3690	3690	00	0000000025652	0	0	0	0	0	0	0	0
$1	1745	6177	2	0	1342	1.00	3690	22.07.05	11:43	1	30	3690	3690	00	0000000025720	0	0	0	0	0	0	0	0
$1	1745	6177	3	0	3058	1.00	890	22.07.05	11:43	2	30	890	890	00	5902581617620	0	0	0	0	0	0	0	0
$1	1745	6177	4	0	1574	1.00	550	22.07.05	11:43	4	30	550	550	00	5906660817215	0	0	0	0	0	0	0	0
$1	1745	6177	5	0	0590	1.00	3150	22.07.05	11:43	1	30	3150	3150	00	5907502687911	0	0	0	0	0	0	0	0
$1	1745	6177	6	0	0491	1.00	3050	22.07.05	11:43	1	30	3050	3050	00	5902249011456	0	0	0	0	0	0	0	0
$1	1745	6177	7	0	3392	1.00	100	22.07.05	11:43	1	30	100	100	00	5902249016864	0	0	0	0	0	0	0	0
$12	1745	1	1	0	1249	1.00	790	22.07.05	11:45	2	30	790	790	00	5909994310667	0	0	0	0	0	0	0	0
$12	1745	1	2	0	1168	1.00	450	22.07.05	11:45	2	30	450	450	00	5909994310261	0	0	0	0	0	0	0	0
$1	1745	6179	1	0	1249	2.00	1580	22.07.05	11:46	2	30	1580	1580	00	5909994310667	0	0	0	0	0	0	0	0
$1	1745	6179	2	0	1107	1.00	450	22.07.05	11:46	2	30	450	450	00	5909994311466	0	0	0	0	0	0	0	0
$1	1745	6179	3	0	1168	1.00	450	22.07.05	11:46	2	30	450	450	00	5909994310261	0	0	0	0	0	0	0	0
$1	1745	6180	1	0	2350	1.00	700	22.07.05	11:49	1	30	700	700	00	0000015023506	0	0	0	0	0	0	0	0
$1	1745	6181	1	0	2827	1.00	11950	22.07.05	11:50	1	30	11950	11950	00	0000018028270	0	0	0	0	0	0	0	0
$1	1745	6181	2	0	2828	1.00	12890	22.07.05	11:50	1	30	12890	12890	00	0000018028287	0	0	0	0	0	0	0	0
$1	1745	6181	3	0	0869	1.00	5490	22.07.05	11:50	1	30	5490	5490	00	0000004008699	0	0	0	0	0	0	0	0
$1	1745	6182	1	0	2818	1.00	3850	22.07.05	12:10	1	30	3850	3850	00	0000018028188	0	0	0	0	0	0	0	0
$1	1745	6182	2	0	2228	1.00	8350	22.07.05	12:10	1	30	8350	8350	00	0000000025485	0	0	0	0	0	0	0	0
$1	1745	6183	1	0	2009	1.00	3290	22.07.05	12:16	1	30	3290	3290	00	0000009020092	0	0	0	0	0	0	0	0
$1	1745	6183	2	0	0225	1.000	460	22.07.05	12:16	1	30	460	460	00	0000000000000	0	0	0	0	0	0	0	0
$1	1745	6184	1	0	1817	1.00	2150	22.07.05	12:21	1	30	2150	2150	00	0000008018175	0	0	0	0	0	0	0	0
$1	1745	6185	1	0	3136	1.00	2190	22.07.05	12:47	2	30	2190	2190	00	0000020031367	0	0	0	0	0	0	0	0
$1	1745	6185	2	0	2734	1.00	1550	22.07.05	12:47	2	30	1550	1550	00	0000020027346	0	0	0	0	0	0	0	0
$1	1745	6185	3	0	2015	1.00	4990	22.07.05	12:47	1	30	4990	4990	00	0000009020153	0	0	0	0	0	0	0	0
$1	1745	6186	1	0	3603	1.00	2850	22.07.05	12:49	1	30	2850	2850	00	0000016036031	0	0	0	0	0	0	0	0
$1	1745	6187	1	0	1115	1.00	550	22.07.05	15:13	2	30	550	550	00	5905279799615	0	0	0	0	0	0	0	0
$1	1745	6187	2	0	1887	1.00	490	22.07.05	15:13	4	30	490	490	00	5905279799721	0	0	0	0	0	0	0	0
$1	1745	6187	3	0	1232	1.00	450	22.07.05	15:13	2	30	450	450	00	5909990219520	0	0	0	0	0	0	0	0
$1	1745	6187	4	0	1184	1.00	450	22.07.05	15:13	2	30	450	450	00	5909990628377	0	0	0	0	0	0	0	0
$1	1745	6187	5	0	3516	1.00	1550	22.07.05	15:13	4	30	1550	1550	00	0000000000703	0	0	0	0	0	0	0	0
$1	1745	6188	1	0	2343	1.00	1990	22.07.05	16:02	1	30	1990	1990	00	5900168907706	0	0	0	0	0	0	0	0
$1	1745	6188	2	0	0310	1.00	1750	22.07.05	16:02	1	30	1750	1750	00	5903111747015	0	0	0	0	0	0	0	0
$1	1745	6188	3	0	2346	1.00	1850	22.07.05	16:02	1	30	1850	1850	00	5900168904323	0	0	0	0	0	0	0	0
$1	1745	6188	4	0	2341	1.00	1590	22.07.05	16:02	4	30	1590	1590	00	5903760200572	0	0	0	0	0	0	0	0
$1	1745	6188	5	0	0564	1.00	2890	22.07.05	16:02	1	30	2890	2890	00	5902249010480	0	0	0	0	0	0	0	0
$1	1745	6188	6	0	2277	1.00	2590	22.07.05	16:02	1	30	2590	2590	00	5902249014808	0	0	0	0	0	0	0	0
$1	1745	6188	7	0	3392	1.00	100	22.07.05	16:02	1	30	100	100	00	5902249016864	0	0	0	0	0	0	0	0
$1	1745	6189	1	0	1035	4.00	1960	22.07.05	16:06	4	30	1960	1960	00	5909994310124	0	0	0	0	0	0	0	0
$1	1745	6189	2	0	1036	1.00	450	22.07.05	16:06	4	30	450	450	00	5905279799431	0	0	0	0	0	0	0	0
$1	1745	6189	3	0	1037	1.00	550	22.07.05	16:06	2	30	550	550	00	5905279799424	0	0	0	0	0	0	0	0
$1	1746	6193	1	0	2938	1.00	2150	22.07.06	09:37	3	30	2150	2150	00	0000006029388	0	0	0	0	0	0	0	0
$1	1746	6193	2	0	1573	1.00	550	22.07.06	09:37	4	30	550	550	00	5906660817208	0	0	0	0	0	0	0	0
$1	1746	6194	1	0	2024	1.00	2490	22.07.06	09:48	1	30	2490	2490	00	0000010020241	0	0	0	0	0	0	0	0
$1	1746	6195	1	0	1606	1.00	890	22.07.06	10:26	1	30	890	890	00	0000007016066	0	0	0	0	0	0	0	0
$1	1746	6195	2	0	2015	1.00	4990	22.07.06	10:26	1	30	4990	4990	00	0000009020153	0	0	0	0	0	0	0	0
$1	1746	6195	3	0	1603	1.00	850	22.07.06	10:26	1	30	850	850	00	0000007016035	0	0	0	0	0	0	0	0
$1	1746	6195	4	0	1602	1.00	850	22.07.06	10:26	1	30	850	850	00	0000007016028	0	0	0	0	0	0	0	0
$1	1746	6196	1	0	0510	1.00	2590	22.07.06	10:32	1	30	2590	2590	00	5902249010466	0	0	0	0	0	0	0	0
$1	1746	6196	2	0	0002	1.000	1140	22.07.06	10:32	1	30	1140	1140	00	0000000000000	0	0	0	0	0	0	0	0
$1	1746	6197	1	0	0031	1.000	7800	22.07.06	10:50	1	30	7800	7800	00	0000000000000	0	0	0	0	0	0	0	0
$1	1746	6197	2	0	2053	1.00	2550	22.07.06	10:50	1	30	2550	2550	00	0000011020530	0	0	0	0	0	0	0	0
$1	1746	6197	3	0	1376	1.00	1290	22.07.06	10:50	1	30	1290	1290	00	8691190068660	0	0	0	0	0	0	0	0
$1	1746	6198	1	0	2024	1.00	1990	22.07.06	10:52	1	30	1990	2490	00	0000010020241	0	0	0	0	0	0	0	1
$1	1746	6198	2	0	0297	1.00	2000	22.07.06	10:52	1	30	2000	2000	00	0800307842750	0	0	0	0	0	0	0	0
$10	1746	6199	1	0	2350	2.00	1400	22.07.06	10:59	1	30	1400	1400	00	0000015023506	0	0	0	0	0	0	0	0
$1	1746	6199	1	0	0971	1.00	790	22.07.06	10:59	2	30	790	790	00	0000005009718	0	0	0	0	0	0	0	0
$1	1746	6200	1	0	2350	1.00	35	22.07.06	11:01	1	30	35	700	00	0000015023506	0	0	0	0	0	0	0	1
$1	1746	6201	1	0	2053	1.00	2550	22.07.06	11:16	1	30	2550	2550	00	0000011020530	0	0	0	0	0	0	0	0
$1	1746	6202	1	0	2350	1.00	700	22.07.06	11:25	1	30	700	700	00	0000015023506	0	0	0	0	0	0	0	0
$1	1746	6203	1	0	1221	1.00	1350	22.07.06	11:27	2	30	1350	1350	00	0000005012213	0	0	0	0	0	0	0	0
$1	1746	6204	1	0	1044	2.00	800	22.07.06	11:32	4	30	800	800	00	5907752643552	0	0	0	0	0	0	0	0
$1	1746	6205	1	0	0864	1.00	5900	22.07.06	11:45	1	30	5900	5900	00	0000004008644	0	0	0	0	0	0	0	0
$1	1746	6205	2	0	2053	1.00	2550	22.07.06	11:45	1	30	2550	2550	00	0000011020530	0	0	0	0	0	0	0	0
$1	1746	6205	3	0	3392	1.00	100	22.07.06	11:45	1	30	100	100	00	5902249016864	0	0	0	0	0	0	0	0
$1	1746	6205	4	0	0038	1.000	1490	22.07.06	11:45	1	30	1490	1490	00	0000000000000	0	0	0	0	0	0	0	0
$1	1746	6206	1	0	3251	1.00	1250	22.07.06	11:52	2	30	1250	1250	00	0000022032515	0	0	0	0	0	0	0	0
$1	1746	6207	1	0	0182	1.000	76	22.07.06	12:46	2	30	76	760	00	0000000000000	0	0	0	0	0	0	0	1
$1	1746	6208	1	0	3514	1.00	4250	22.07.06	13:37	1	30	4250	4250	00	0000024035149	0	0	0	0	0	0	0	0
$1	1746	6208	2	0	3513	1.00	3650	22.07.06	13:37	1	30	3650	3650	00	0000024035132	0	0	0	0	0	0	0	0
$1	1746	6208	3	0	3042	1.00	850	22.07.06	13:37	2	30	850	850	00	0000020030421	0	0	0	0	0	0	0	0
$1	1746	6208	4	0	1821	1.00	1990	22.07.06	13:37	1	30	1990	1990	00	0000008018212	0	0	0	0	0	0	0	0
$1	1746	6208	5	0	1820	1.00	1990	22.07.06	13:37	1	30	1990	1990	00	0000008018205	0	0	0	0	0	0	0	0
$1	1746	6208	6	0	0225	1.000	200	22.07.06	13:37	1	30	200	200	00	0000000000000	0	0	0	0	0	0	0	0
$1	1746	6209	1	0	1007	2.00	1380	22.07.06	14:06	2	30	1380	1380	00	5907752643460	0	0	0	0	0	0	0	0
$1	1746	6209	2	0	1189	1.00	590	22.07.06	14:06	2	30	590	590	00	5909994310711	0	0	0	0	0	0	0	0
$1	1746	6210	1	0	2052	1.00	9800	22.07.06	14:16	1	30	9800	9800	00	0000011020523	0	0	0	0	0	0	0	0
$1	1746	6210	2	0	0583	1.00	4050	22.07.06	14:16	1	30	4050	4050	00	5902249010589	0	0	0	0	0	0	0	0
$1	1746	6211	1	0	2596	1.00	1050	22.07.06	14:22	2	30	1050	1050	00	0000017025966	0	0	0	0	0	0	0	0
$1	1746	6211	2	0	0972	1.00	390	22.07.06	14:22	4	30	390	390	00	5906365702359	0	0	0	0	0	0	0	0
$1	1746	6211	3	0	1184	1.00	450	22.07.06	14:22	2	30	450	450	00	5909990628377	0	0	0	0	0	0	0	0
$1	1746	6212	1	0	1133	1.00	1250	22.07.06	14:25	4	30	1250	1250	00	5905279799592	0	0	0	0	0	0	0	0
$10	1746	6213	1	0	3670	1.00	3750	22.07.06	14:36	1	30	3750	3750	00	0000000025782	0	0	0	0	0	0	0	0
$10	1746	6213	2	0	0002	2.000	500	22.07.06	14:36	1	30	500	500	00	0000000000000	0	0	0	0	0	0	0	0
$10	1746	6213	3	0	1184	1.00	450	22.07.06	14:36	2	30	450	450	00	5909990628377	0	0	0	0	0	0	0	0
$1	1746	6213	1	0	1184	4.00	1800	22.07.06	14:36	2	30	1800	1800	00	5909990628377	0	0	0	0	0	0	0	0
$1	1746	6214	1	0	1184	1.00	450	22.07.06	14:37	2	30	450	450	00	5909990628377	0	0	0	0	0	0	0	0
$1	1746	6215	1	0	3670	1.00	3750	22.07.06	14:40	1	30	3750	3750	00	0000000025782	0	0	0	0	0	0	0	0
$1	1746	6215	2	0	0002	2.000	500	22.07.06	14:40	1	30	500	500	00	0000000000000	0	0	0	0	0	0	0	0
$1	1746	6215	3	0	1601	1.00	850	22.07.06	14:40	1	30	850	850	00	0000007016011	0	0	0	0	0	0	0	0
$1	1746	6216	1	0	2053	1.00	2550	22.07.06	14:57	1	30	2550	2550	00	0000011020530	0	0	0	0	0	0	0	0
$1	1746	6217	1	0	0453	1.00	4450	22.07.06	15:37	1	30	4450	4450	00	5907502687027	0	0	0	0	0	0	0	0
$1	1746	6217	2	0	0529	1.00	2490	22.07.06	15:37	1	30	2490	2490	00	5907502687904	0	0	0	0	0	0	0	0
$1	1746	6217	3	0	3392	1.00	100	22.07.06	15:37	1	30	100	100	00	5902249016864	0	0	0	0	0	0	0	0
$1	1746	6218	1	0	1011	1.00	550	22.07.06	16:37	2	30	550	550	00	5906365702755	0	0	0	0	0	0	0	0
$1	1746	6219	1	0	2389	1.00	2590	22.07.06	16:42	1	30	2590	2590	00	0000016023895	0	0	0	0	0	0	0	0
$1	1746	6220	1	0	3145	1.00	2550	22.07.06	16:55	1	30	2550	2550	00	0000016031456	0	0	0	0	0	0	0	0
$1	1747	6222	1	0	2050	1.00	2550	22.07.07	09:45	1	30	2550	2550	00	0000011020509	0	0	0	0	0	0	0	0
$1	1747	6222	2	0	0031	1.000	7800	22.07.07	09:45	1	30	7800	7800	00	0000000000000	0	0	0	0	0	0	0	0
$1	1747	6223	1	0	0972	1.00	273	22.07.07	10:07	4	30	273	390	00	5906365702359	0	0	0	0	0	0	0	1
$1	1747	6224	1	0	1166	2.00	900	22.07.07	11:50	2	30	900	900	00	5909990195329	0	0	0	0	0	0	0	0
$1	1747	6224	2	0	1195	1.00	450	22.07.07	11:50	2	30	450	450	00	5909990219421	0	0	0	0	0	0	0	0
$1	1747	6224	3	0	1229	1.00	490	22.07.07	11:50	2	30	490	490	00	5909994309722	0	0	0	0	0	0	0	0
$1	1747	6224	4	0	0980	1.00	590	22.07.07	11:50	2	30	590	590	00	5906365702410	0	0	0	0	0	0	0	0
$1	1747	6224	5	0	1159	1.00	490	22.07.07	11:50	2	30	490	490	00	5909994311657	0	0	0	0	0	0	0	0
$1	1747	6224	6	0	1097	1.00	400	22.07.07	11:50	4	30	400	400	00	5909994310568	0	0	0	0	0	0	0	0
$1	1747	6224	7	0	1181	1.00	450	22.07.07	11:50	2	30	450	450	00	5909994310964	0	0	0	0	0	0	0	0
$1	1747	6224	8	0	1155	1.00	750	22.07.07	11:50	2	30	750	750	00	5909994309029	0	0	0	0	0	0	0	0
$1	1747	6224	9	0	1210	1.00	400	22.07.07	11:50	2	30	400	400	00	5909994310360	0	0	0	0	0	0	0	0
$1	1747	6224	10	0	1210	1.00	400	22.07.07	11:50	2	30	400	400	00	5909994310360	0	0	0	0	0	0	0	0
$1	1747	6224	11	0	1116	1.00	590	22.07.07	11:50	2	30	590	590	00	5906365702335	0	0	0	0	0	0	0	0
$1	1747	6224	12	0	1197	2.00	900	22.07.07	11:50	2	30	900	900	00	5909994309128	0	0	0	0	0	0	0	0
$1	1747	6224	13	0	1226	1.00	490	22.07.07	11:50	2	30	490	490	00	5909990219025	0	0	0	0	0	0	0	0
$1	1747	6224	14	0	1207	1.00	417	22.07.07	11:50	2	30	417	490	00	5909994309821	0	0	0	0	0	0	0	1
$1	1747	6224	15	0	1165	1.00	490	22.07.07	11:50	2	30	490	490	00	5909994311169	0	0	0	0	0	0	0	0
$1	1747	6224	16	0	1232	1.00	450	22.07.07	11:50	2	30	450	450	00	5909990219520	0	0	0	0	0	0	0	0
$1	1747	6225	1	0	1232	1.00	450	22.07.07	11:58	2	30	450	450	00	5909990219520	0	0	0	0	0	0	0	0
$1	1747	6225	2	0	1249	2.00	1580	22.07.07	11:58	2	30	1580	1580	00	5909994310667	0	0	0	0	0	0	0	0
$1	1747	6225	3	0	1165	2.00	980	22.07.07	11:58	2	30	980	980	00	5909994311169	0	0	0	0	0	0	0	0
$1	1747	6225	4	0	1197	1.00	450	22.07.07	11:58	2	30	450	450	00	5909994309128	0	0	0	0	0	0	0	0
$1	1747	6225	5	0	1181	1.00	450	22.07.07	11:58	2	30	450	450	00	5909994310964	0	0	0	0	0	0	0	0
$1	1747	6226	1	0	0031	1.000	12400	22.07.07	12:30	1	30	12400	12400	00	0000000000000	0	0	0	0	0	0	0	0
$1	1747	6227	1	0	3342	1.00	3450	22.07.07	12:41	1	30	3450	3450	00	0000002033426	0	0	0	0	0	0	0	0
$1	1747	6227	2	0	3345	1.00	2290	22.07.07	12:41	1	30	2290	2290	00	5902249015966	0	0	0	0	0	0	0	0
$1	1747	6227	3	0	3392	1.00	100	22.07.07	12:41	1	30	100	100	00	5902249016864	0	0	0	0	0	0	0	0
$1	1747	6227	4	0	0396	1.00	1890	22.07.07	12:41	1	30	1890	1890	00	5900168907775	0	0	0	0	0	0	0	0
$1	1747	6227	5	0	0370	1.00	1390	22.07.07	12:41	1	30	1390	1390	00	5906874565063	0	0	0	0	0	0	0	0
$1	1747	6227	6	0	2024	1.00	2490	22.07.07	12:41	1	30	2490	2490	00	0000010020241	0	0	0	0	0	0	0	0
$1	1747	6228	1	0	0835	1.00	4090	22.07.07	12:45	1	30	4090	4090	00	0000000000406	0	0	0	0	0	0	0	0
$1	1747	6228	2	0	0842	1.00	3750	22.07.07	12:45	1	30	3750	3750	00	0000000000413	0	0	0	0	0	0	0	0
$1	1747	6228	3	0	3589	1.00	1290	22.07.07	12:45	2	30	1290	1290	00	0000020035891	0	0	0	0	0	0	0	0
$1	1747	6228	4	0	0225	1.000	200	22.07.07	12:45	1	30	200	200	00	0000000000000	0	0	0	0	0	0	0	0
$1	1747	6229	1	0	3265	1.00	1750	22.07.07	12:57	4	30	1750	1750	00	5905279799783	0	0	0	0	0	0	0	0
$1	1747	6230	1	0	1376	1.00	1290	22.07.07	13:46	1	30	1290	1290	00	8691190068660	0	0	0	0	0	0	0	0
$1	1747	6231	1	0	1208	1.00	650	22.07.07	15:34	2	30	650	650	00	5909990312016	0	0	0	0	0	0	0	0
$1	1747	6231	2	0	1002	1.00	1100	22.07.07	15:34	2	30	1100	1100	00	5906365702984	0	0	0	0	0	0	0	0
$1	1747	6231	3	0	0996	1.00	590	22.07.07	15:34	2	30	590	590	00	5906365702076	0	0	0	0	0	0	0	0
$1	1747	6231	4	0	1223	1.00	590	22.07.07	15:34	2	30	590	590	00	5909990195428	0	0	0	0	0	0	0	0
$1	1747	6231	5	0	1159	1.00	490	22.07.07	15:34	2	30	490	490	00	5909994311657	0	0	0	0	0	0	0	0
$1	1747	6231	6	0	1097	1.00	400	22.07.07	15:34	4	30	400	400	00	5909994310568	0	0	0	0	0	0	0	0
$1	1747	6231	7	0	0965	1.00	650	22.07.07	15:34	2	30	650	650	00	5906365702038	0	0	0	0	0	0	0	0
$1	1747	6232	1	0	3477	1.00	3200	22.07.07	15:59	1	30	3200	3200	00	0000002034775	0	0	0	0	0	0	0	0
$1	1747	6232	2	0	0450	1.00	4250	22.07.07	15:59	1	30	4250	4250	00	5907502687157	0	0	0	0	0	0	0	0
$1	1747	6232	3	0	3392	1.00	100	22.07.07	15:59	1	30	100	100	00	5902249016864	0	0	0	0	0	0	0	0
$1	1747	6232	4	0	1010	1.00	450	22.07.07	15:59	4	30	450	450	00	5906365702908	0	0	0	0	0	0	0	0
$10	1747	6233	1	0	0507	1.00	3450	22.07.07	16:36	1	30	3450	3450	00	5902249012255	0	0	0	0	0	0	0	0
$1	1747	6233	1	0	0469	1.00	2490	22.07.07	16:36	1	30	2490	2490	00	5907502687294	0	0	0	0	0	0	0	0
$1	1747	6233	2	0	0543	1.00	3050	22.07.07	16:36	1	30	3050	3050	00	5902249010138	0	0	0	0	0	0	0	0
$1	1747	6233	3	0	3392	1.00	100	22.07.07	16:36	1	30	100	100	00	5902249016864	0	0	0	0	0	0	0	0
$10	1747	6233	2	0	0074	1.000	1490	22.07.07	16:36	1	30	1490	1490	00	0000000000000	0	0	0	0	0	0	0	0
$1	1747	6233	4	0	0074	1.000	1490	22.07.07	16:36	1	30	1490	1490	00	0000000000000	0	0	0	0	0	0	0	0
$1	1747	6233	5	0	0041	1.000	3750	22.07.07	16:36	1	30	3750	3750	00	0000000000000	0	0	0	0	0	0	0	0
$1	1747	6234	1	0	3152	1.00	2490	22.07.07	17:24	1	30	2490	2490	00	5902249015775	0	0	0	0	0	0	0	0
$1	1747	6234	2	0	0469	1.00	2490	22.07.07	17:24	1	30	2490	2490	00	5907502687294	0	0	0	0	0	0	0	0
$1	1747	6234	3	0	3392	1.00	100	22.07.07	17:24	1	30	100	100	00	5902249016864	0	0	0	0	0	0	0	0
$1	1748	6236	1	0	3535	1.00	3950	22.07.08	09:35	1	30	3950	3950	00	0000024035354	0	0	0	0	0	0	0	0
$1	1748	6236	2	0	3042	1.00	850	22.07.08	09:35	2	30	850	850	00	0000020030421	0	0	0	0	0	0	0	0
$1	1748	6237	1	0	2350	4.00	2800	22.07.08	09:41	1	30	2800	2800	00	0000015023506	0	0	0	0	0	0	0	0
$1	1748	6237	2	0	3620	1.00	250	22.07.08	09:41	1	30	250	250	00	5901887944737	0	0	0	0	0	0	0	0
$1	1748	6237	3	0	3619	1.00	250	22.07.08	09:41	1	30	250	250	00	5901887944713	0	0	0	0	0	0	0	0
$1	1748	6237	4	0	0554	1.00	690	22.07.08	09:41	1	30	690	690	00	5902249010442	0	0	0	0	0	0	0	0
$1	1748	6238	1	0	2060	1.00	2790	22.07.08	09:51	1	30	2790	2790	00	0000012020607	0	0	0	0	0	0	0	0
$1	1748	6238	2	0	2067	1.00	1450	22.07.08	09:51	1	30	1450	1450	00	0000012020676	0	0	0	0	0	0	0	0
$1	1748	6239	1	0	0451	1.00	4250	22.07.08	10:53	1	30	4250	4250	00	5907502687102	0	0	0	0	0	0	0	0
$1	1748	6239	2	0	0571	1.00	1290	22.07.08	10:53	1	30	1290	1290	00	5902249011142	0	0	0	0	0	0	0	0
$1	1748	6239	3	0	3392	1.00	100	22.07.08	10:53	1	30	100	100	00	5902249016864	0	0	0	0	0	0	0	0
$1	1748	6240	1	0	3477	1.00	3200	22.07.08	12:08	1	30	3200	3200	00	0000002034775	0	0	0	0	0	0	0	0
$1	1748	6240	2	0	3478	1.00	2700	22.07.08	12:08	1	30	2700	2700	00	0000002034782	0	0	0	0	0	0	0	0
$1	1748	6240	3	0	3392	1.00	100	22.07.08	12:08	1	30	100	100	00	5902249016864	0	0	0	0	0	0	0	0
$1	1748	6240	4	0	3100	1.00	1850	22.07.08	12:08	1	30	1850	1850	00	5903760202477	0	0	0	0	0	0	0	0
$1	1748	6240	5	0	3483	1.00	1550	22.07.08	12:08	1	30	1550	1550	00	5903760201838	0	0	0	0	0	0	0	0
$1	1748	6241	1	0	3951	1.00	1650	22.07.08	12:20	1	30	1650	1650	00	8691190967291	0	0	0	0	0	0	0	0
$1	1748	6241	2	0	0972	1.00	390	22.07.08	12:20	4	30	390	390	00	5906365702359	0	0	0	0	0	0	0	0
$1	1748	6242	1	0	1606	1.00	890	22.07.08	12:45	1	30	890	890	00	0000007016066	0	0	0	0	0	0	0	0
$1	1748	6242	2	0	1601	1.00	850	22.07.08	12:45	1	30	850	850	00	0000007016011	0	0	0	0	0	0	0	0
$1	1748	6243	1	0	3900	1.00	3290	22.07.08	13:32	1	30	3290	3290	00	0000028039006	0	0	0	0	0	0	0	0
$1	1748	6243	2	0	2168	1.00	2990	22.07.08	13:32	1	30	2990	2990	00	0000000025454	0	0	0	0	0	0	0	0
$1	1748	6243	3	0	0365	1.00	1150	22.07.08	13:32	1	30	1150	1150	00	5905279370142	0	0	0	0	0	0	0	0
$1	1748	6243	4	0	0368	1.00	1390	22.07.08	13:32	1	30	1390	1390	00	5906874565087	0	0	0	0	0	0	0	0
$1	1748	6243	5	0	0524	1.00	2590	22.07.08	13:32	1	30	2590	2590	00	5907502687669	0	0	0	0	0	0	0	0
$1	1748	6243	6	0	0537	1.00	2790	22.07.08	13:32	1	30	2790	2790	00	0000002005379	0	0	0	0	0	0	0	0
$1	1748	6243	7	0	3392	1.00	100	22.07.08	13:32	1	30	100	100	00	5902249016864	0	0	0	0	0	0	0	0
$1	1748	6244	1	0	4064	1.00	1790	22.07.08	13:41	1	30	1790	1790	00	5902610970962	0	0	0	0	0	0	0	0
$10	1748	6245	1	0	2050	3.00	7650	22.07.08	13:44	1	30	7650	7650	00	0000011020509	0	0	0	0	0	0	0	0
$10	1748	6245	2	0	2053	1.00	2550	22.07.08	13:44	1	30	2550	2550	00	0000011020530	0	0	0	0	0	0	0	0
$1	1748	6245	1	0	2050	2.00	5100	22.07.08	13:44	1	30	5100	5100	00	0000011020509	0	0	0	0	0	0	0	0
$1	1748	6245	2	0	2053	1.00	2550	22.07.08	13:44	1	30	2550	2550	00	0000011020530	0	0	0	0	0	0	0	0
$1	1748	6246	1	0	2692	1.00	1050	22.07.08	14:07	4	30	1050	1050	00	0000017026925	0	0	0	0	0	0	0	0
$10	1748	6247	1	0	0345	1.00	1890	22.07.08	14:27	1	30	1890	1890	00	5900168900387	0	0	0	0	0	0	0	0
$1	1748	6247	1	0	1047	1.00	978	22.07.08	14:27	4	30	978	1150	00	0000005010479	0	0	0	0	0	0	0	1
$1	1748	6247	2	0	4075	1.00	3000	22.07.08	14:27	1	30	3000	3000	00	5903760203047	0	0	0	0	0	0	0	0
$1	1748	6247	3	0	0345	1.00	1890	22.07.08	14:27	1	30	1890	1890	00	5900168900387	0	0	0	0	0	0	0	0
$1	1748	6247	4	0	0794	1.00	1550	22.07.08	14:27	1	30	1550	1550	00	8691190070175	0	0	0	0	0	0	0	0
$1	1748	6247	5	0	3505	1.00	690	22.07.08	14:27	2	30	690	690	00	0000000000673	0	0	0	0	0	0	0	0
$1	1748	6247	6	0	0508	1.00	2190	22.07.08	14:27	1	30	2190	2190	00	5902249010459	0	0	0	0	0	0	0	0
$1	1748	6247	7	0	3392	1.00	100	22.07.08	14:27	1	30	100	100	00	5902249016864	0	0	0	0	0	0	0	0
$1	1748	6248	1	0	0580	1.00	2712	22.07.08	14:29	1	30	2712	3190	00	5902249011067	0	0	0	0	0	0	0	1
$1	1748	6248	2	0	1574	1.00	550	22.07.08	14:29	4	30	550	550	00	5906660817215	0	0	0	0	0	0	0	0
$1	1748	6248	3	0	1574	1.00	550	22.07.08	14:29	4	30	550	550	00	5906660817215	0	0	0	0	0	0	0	0
$1	1748	6249	1	0	1818	1.00	3190	22.07.08	15:06	1	30	3190	3190	00	0000008018182	0	0	0	0	0	0	0	0
$1	1748	6250	1	0	0026	1.000	290	22.07.08	15:08	1	30	290	290	00	0000000000000	0	0	0	0	0	0	0	0
$1	1748	6251	1	0	3604	1.00	5450	22.07.08	15:23	1	30	5450	5450	00	0000016036048	0	0	0	0	0	0	0	0
$1	1748	6251	2	0	2429	1.00	2890	22.07.08	15:23	1	30	2890	2890	00	0000016024298	0	0	0	0	0	0	0	0
$1	1748	6252	1	0	0195	1.000	650	22.07.08	15:33	1	30	650	650	00	0000000000000	0	0	0	0	0	0	0	0
$1	1748	6252	2	0	2053	1.00	2550	22.07.08	15:33	1	30	2550	2550	00	0000011020530	0	0	0	0	0	0	0	0
$1	1748	6253	1	0	0527	1.00	3650	22.07.08	15:36	1	30	3650	3650	00	5907502687690	0	0	0	0	0	0	0	0
$1	1748	6254	1	0	1839	1.00	2490	22.07.08	15:55	1	30	2490	2490	00	0000008018397	0	0	0	0	0	0	0	0
$1	1748	6254	2	0	3058	1.00	890	22.07.08	15:55	2	30	890	890	00	0000020030582	0	0	0	0	0	0	0	0
$1	1748	6255	1	0	0504	1.00	3350	22.07.08	16:11	1	30	3350	3350	00	5907502687508	0	0	0	0	0	0	0	0
$1	1748	6255	2	0	0507	1.00	3450	22.07.08	16:11	1	30	3450	3450	00	5902249012255	0	0	0	0	0	0	0	0
$1	1748	6255	3	0	3392	1.00	100	22.07.08	16:11	1	30	100	100	00	5902249016864	0	0	0	0	0	0	0	0
$1	1748	6256	1	0	0503	1.00	2390	22.07.08	16:14	1	30	2390	2390	00	5907502687539	0	0	0	0	0	0	0	0
$1	1748	6256	2	0	3342	1.00	3450	22.07.08	16:14	1	30	3450	3450	00	0000002033426	0	0	0	0	0	0	0	0
$1	1748	6256	3	0	3392	1.00	100	22.07.08	16:14	1	30	100	100	00	5902249016864	0	0	0	0	0	0	0	0
$1	1748	6257	1	0	3446	1.00	3550	22.07.08	16:21	1	30	3550	3550	00	0000016034464	0	0	0	0	0	0	0	0
$1	1748	6257	2	0	2392	1.00	2890	22.07.08	16:21	1	30	2890	2890	00	0000016023925	0	0	0	0	0	0	0	0
$1	1748	6257	3	0	1590	1.00	1590	22.07.08	16:21	1	30	1590	1590	00	0000007015908	0	0	0	0	0	0	0	0
$1	1748	6257	4	0	1573	1.00	550	22.07.08	16:21	4	30	550	550	00	5906660817208	0	0	0	0	0	0	0	0
$1	1749	6259	1	0	1162	1.00	450	22.07.09	09:20	2	30	450	450	00	5909994311763	0	0	0	0	0	0	0	0
$1	1749	6259	2	0	1162	1.00	450	22.07.09	09:20	2	30	450	450	00	5909994311763	0	0	0	0	0	0	0	0
$1	1749	6260	1	0	0880	1.00	6850	22.07.09	10:10	1	30	6850	6850	00	0000004008804	0	0	0	0	0	0	0	0
$1	1749	6260	2	0	0909	1.00	5600	22.07.09	10:10	1	30	5600	5600	00	0000004009092	0	0	0	0	0	0	0	0
$1	1749	6261	1	0	1047	1.00	978	22.07.09	10:34	4	30	978	1150	00	0000005010479	0	0	0	0	0	0	0	1
$1	1749	6261	2	0	2506	1.00	1050	22.07.09	10:34	1	30	1050	1050	00	0000020025069	0	0	0	0	0	0	0	0
$1	1749	6261	3	0	2010	1.00	3190	22.07.09	10:34	2	30	3190	3190	00	0000009020108	0	0	0	0	0	0	0	0
$1	1749	6261	4	0	3084	1.00	200	22.07.09	10:34	2	30	200	200	00	0000020030841	0	0	0	0	0	0	0	0
$1	1749	6261	5	0	0596	1.00	2950	22.07.09	10:34	1	30	2950	2950	00	5902249011012	0	0	0	0	0	0	0	0
$1	1749	6261	6	0	0498	1.00	2490	22.07.09	10:34	1	30	2490	2490	00	5907502687546	0	0	0	0	0	0	0	0
$1	1749	6261	7	0	3392	1.00	100	22.07.09	10:34	1	30	100	100	00	5902249016864	0	0	0	0	0	0	0	0
$1	1749	6261	8	0	0370	1.00	1390	22.07.09	10:34	1	30	1390	1390	00	5906874565063	0	0	0	0	0	0	0	0
$1	1749	6261	9	0	0373	1.00	1790	22.07.09	10:34	1	30	1790	1790	00	5906874565285	0	0	0	0	0	0	0	0
$1	1749	6261	10	0	0066	1.000	1190	22.07.09	10:34	1	30	1190	1190	00	0000000000000	0	0	0	0	0	0	0	0
$1	1749	6262	1	0	2485	1.00	1850	22.07.09	10:42	1	30	1850	1850	00	5903760202446	0	0	0	0	0	0	0	0
$1	1749	6262	2	0	0363	1.00	1390	22.07.09	10:42	1	30	1390	1390	00	5900168902923	0	0	0	0	0	0	0	0
$1	1749	6263	1	0	0329	1.00	1850	22.07.09	10:43	1	30	1850	1850	00	5900168908116	0	0	0	0	0	0	0	0
$1	1749	6263	2	0	0327	1.00	1850	22.07.09	10:43	1	30	1850	1850	00	5906874565032	0	0	0	0	0	0	0	0
$1	1749	6264	1	0	2024	1.00	2490	22.07.09	10:45	1	30	2490	2490	00	0000010020241	0	0	0	0	0	0	0	0
$1	1749	6265	1	0	2024	1.00	2490	22.07.09	10:53	1	30	2490	2490	00	0000010020241	0	0	0	0	0	0	0	0
$1	1749	6266	1	0	0486	1.00	1990	22.07.09	10:57	1	30	1990	1990	00	5902249010688	0	0	0	0	0	0	0	0
$1	1749	6267	1	0	0360	1.00	1150	22.07.09	11:01	1	30	1150	1150	00	5905279370111	0	0	0	0	0	0	0	0
$1	1749	6267	2	0	1432	1.00	1490	22.07.09	11:01	1	30	1490	1490	00	5903760200091	0	0	0	0	0	0	0	0
$1	1749	6268	1	0	0311	1.00	1850	22.07.09	11:03	1	30	1850	1850	00	5903111747039	0	0	0	0	0	0	0	0
$1	1749	6268	2	0	0359	1.00	990	22.07.09	11:03	1	30	990	990	00	5905279370104	0	0	0	0	0	0	0	0
$1	1749	6268	3	0	2350	4.00	2800	22.07.09	11:03	1	30	2800	2800	00	0000015023506	0	0	0	0	0	0	0	0
$1	1749	6269	1	0	2419	1.00	1150	22.07.09	11:09	1	30	1150	1150	00	0000016024199	0	0	0	0	0	0	0	0
$1	1749	6269	2	0	2395	1.00	2450	22.07.09	11:09	1	30	2450	2450	00	0000016023956	0	0	0	0	0	0	0	0
$1	1749	6269	3	0	0539	1.00	2590	22.07.09	11:09	1	30	2590	2590	00	5902249010084	0	0	0	0	0	0	0	0
$1	1749	6269	4	0	0563	1.00	3250	22.07.09	11:09	1	30	3250	3250	00	5902249010947	0	0	0	0	0	0	0	0
$1	1749	6269	5	0	3392	1.00	100	22.07.09	11:09	1	30	100	100	00	5902249016864	0	0	0	0	0	0	0	0
$1	1749	6270	1	0	3958	1.00	1550	22.07.09	11:35	1	30	1550	1550	00	8691190903220	0	0	0	0	0	0	0	0
$1	1749	6271	1	0	2053	1.00	2550	22.07.09	11:39	1	30	2550	2550	00	0000011020530	0	0	0	0	0	0	0	0
$1	1749	6271	2	0	2274	1.00	4190	22.07.09	11:39	1	30	4190	4190	00	0000014022746	0	0	0	0	0	0	0	0
$1	1749	6271	3	0	2289	1.00	2390	22.07.09	11:39	1	30	2390	2390	00	0000014022890	0	0	0	0	0	0	0	0
$1	1749	6272	1	0	1321	1.00	3690	22.07.09	12:01	1	30	3690	3690	00	0000000025652	0	0	0	0	0	0	0	0
$1	1749	6273	1	0	4064	1.00	18	22.07.09	12:06	1	30	18	1790	00	5902610970962	0	0	0	0	0	0	0	1
$1	1749	6274	1	0	1856	1.00	9900	22.07.09	12:10	1	30	9900	9900	00	0000008018564	0	0	0	0	0	0	0	0
$1	1749	6275	1	0	1369	1.00	890	22.07.09	12:46	1	30	890	890	00	8691190142018	0	0	0	0	0	0	0	0
$1	1749	6275	2	0	3723	1.00	1090	22.07.09	12:46	1	30	1090	1090	00	8691190815578	0	0	0	0	0	0	0	0
$1	1749	6275	3	0	2323	1.00	1850	22.07.09	12:46	1	30	1850	1850	00	5903760202422	0	0	0	0	0	0	0	0
$1	1749	6275	4	0	3259	1.00	1550	22.07.09	12:46	1	30	1550	1550	00	5900168904385	0	0	0	0	0	0	0	0
$1	1749	6275	5	0	2497	1.00	1650	22.07.09	12:46	1	30	1650	1650	00	0000000019835	0	0	0	0	0	0	0	0
$1	1749	6276	1	0	0551	1.00	35	22.07.09	12:47	1	30	35	3450	00	5902249010374	0	0	0	0	0	0	0	1
$1	1749	6276	2	0	0499	1.00	30	22.07.09	12:47	1	30	30	2950	00	5907502687553	0	0	0	0	0	0	0	1
