#1	COM12:57600:MUX0:1	3	2021.12.23	17:47	OPSpRoz4	WIN 13.32.2020	OPSPROZ4IN.txt	OPSPROZ4OUT.txt
#
#Jota E 4095 PLU II gen. ver. 01 (identyfikator odczytany z urzadzenia i pliku ECRTBUF.TXT)
$1	1602	3190	1	0	0031	1.000	2000	21.12.13	15:16	1	30	2000	2000	00	0000000000000	0	0	0	0	0	0	0	0
$1	1602	3191	1	0	0182	1.000	2190	21.12.13	16:24	2	30	2190	2190	00	0000000000000	0	0	0	0	0	0	0	0
$1	1602	3192	1	0	3650	2.00	6380	21.12.13	16:34	1	30	6380	6380	00	0000009036505	0	0	0	0	0	0	0	0
$1	1602	3193	1	0	3652	1.00	3190	21.12.13	16:38	1	30	3190	3190	00	0000009036529	0	0	0	0	0	0	0	0
$1	1602	3193	2	0	2953	1.00	1750	21.12.13	16:38	1	30	1750	1750	00	0000001029536	0	0	0	0	0	0	0	0
$1	1602	3193	3	0	1573	1.00	490	21.12.13	16:38	2	30	490	490	00	5906660817208	0	0	0	0	0	0	0	0
$1	1603	3195	1	0	3642	1.00	8950	21.12.14	10:10	1	30	8950	8950	00	0000018036428	0	0	0	0	0	0	0	0
$1	1603	3196	1	0	2336	1.00	2990	21.12.14	10:12	1	30	2990	2990	00	0000028023364	0	0	0	0	0	0	0	0
$1	1603	3196	2	0	3901	1.00	950	21.12.14	10:12	1	30	950	950	00	0000028039013	0	0	0	0	0	0	0	0
$1	1603	3197	1	0	3790	1.00	2850	21.12.14	10:50	1	30	2850	2850	00	0000025037906	0	0	0	0	0	0	0	0
$1	1603	3198	1	0	3057	1.00	1890	21.12.14	11:03	1	30	1890	1890	00	0000020030575	0	0	0	0	0	0	0	0
$1	1603	3198	2	0	1510	1.00	990	21.12.14	11:03	3	30	990	990	00	5906660810575	0	0	0	0	0	0	0	0
$1	1603	3198	3	0	1534	1.00	850	21.12.14	11:03	3	30	850	850	00	5906660810421	0	0	0	0	0	0	0	0
$1	1603	3198	4	0	1562	1.00	2550	21.12.14	11:03	3	30	2550	2550	00	0000007015625	0	0	0	0	0	0	0	0
$1	1603	3199	1	0	2350	2.00	1300	21.12.14	11:17	1	30	1300	1300	00	0000015023506	0	0	0	0	0	0	0	0
$1	1603	3199	2	0	2350	2.00	1300	21.12.14	11:17	1	30	1300	1300	00	0000015023506	0	0	0	0	0	0	0	0
$1	1603	3199	3	0	3901	2.00	1900	21.12.14	11:17	1	30	1900	1900	00	0000028039013	0	0	0	0	0	0	0	0
$1	1603	3200	1	0	2428	1.00	2790	21.12.14	11:19	1	30	2790	2790	00	0000016024281	0	0	0	0	0	0	0	0
$1	1603	3201	1	0	0182	1.000	540	21.12.14	11:33	2	30	540	540	00	0000000000000	0	0	0	0	0	0	0	0
$1	1603	3201	2	0	0182	1.000	690	21.12.14	11:33	2	30	690	690	00	0000000000000	0	0	0	0	0	0	0	0
$1	1603	3202	1	0	0971	1.00	790	21.12.14	11:42	2	30	790	790	00	5905279799516	0	0	0	0	0	0	0	0
$1	1603	3202	2	0	1573	3.00	1470	21.12.14	11:42	2	30	1470	1470	00	5906660817208	0	0	0	0	0	0	0	0
$1	1603	3203	1	0	0038	2.000	420	21.12.14	11:49	1	30	420	420	00	0000000000000	0	0	0	0	0	0	0	0
$1	1603	3203	2	0	0026	2.000	1180	21.12.14	11:49	1	30	1180	1180	00	0000000000000	0	0	0	0	0	0	0	0
$1	1603	3203	3	0	0026	1.000	1650	21.12.14	11:49	1	30	1650	1650	00	0000000000000	0	0	0	0	0	0	0	0
$1	1603	3203	4	0	2119	1.00	2350	21.12.14	11:49	1	30	2350	2350	00	0000031021197	0	0	0	0	0	0	0	0
$1	1603	3204	1	0	3907	1.00	7950	21.12.14	12:09	1	30	7950	7950	00	0000028039075	0	0	0	0	0	0	0	0
$1	1603	3204	2	0	1557	1.00	2390	21.12.14	12:09	3	30	2390	2390	00	0000007015571	0	0	0	0	0	0	0	0
$1	1603	3204	3	0	3149	1.00	1950	21.12.14	12:09	1	30	1950	1950	00	0000028031499	0	0	0	0	0	0	0	0
$1	1603	3204	4	0	3903	1.00	2290	21.12.14	12:09	1	30	2290	2290	00	0000028039037	0	0	0	0	0	0	0	0
$1	1603	3205	1	0	0031	1.000	2000	21.12.14	12:23	1	30	2000	2000	00	0000000000000	0	0	0	0	0	0	0	0
$1	1603	3206	1	0	0971	1.00	790	21.12.14	12:46	2	30	790	790	00	5905279799516	0	0	0	0	0	0	0	0
$1	1603	3207	1	0	0048	1.000	2890	21.12.14	13:13	1	30	2890	2890	00	0000000000000	0	0	0	0	0	0	0	0
$1	1603	3207	2	0	3651	1.00	3190	21.12.14	13:13	1	30	3190	3190	00	0000009036512	0	0	0	0	0	0	0	0
$1	1603	3208	1	0	3798	1.00	2890	21.12.14	13:20	1	30	2890	2890	00	0000025037982	0	0	0	0	0	0	0	0
$1	1603	3209	1	0	3096	1.00	550	21.12.14	13:28	2	30	550	550	00	5902581617101	0	0	0	0	0	0	0	0
$1	1603	3210	1	0	3901	2.00	1900	21.12.14	13:43	1	30	1900	1900	00	0000028039013	0	0	0	0	0	0	0	0
$1	1603	3210	2	0	2336	1.00	2990	21.12.14	13:43	1	30	2990	2990	00	0000028023364	0	0	0	0	0	0	0	0
$1	1603	3211	1	0	3901	1.00	950	21.12.14	13:44	1	30	950	950	00	0000028039013	0	0	0	0	0	0	0	0
$1	1603	3211	2	0	3901	1.00	950	21.12.14	13:44	1	30	950	950	00	0000028039013	0	0	0	0	0	0	0	0
$1	1603	3211	3	0	2336	1.00	2990	21.12.14	13:44	1	30	2990	2990	00	0000028023364	0	0	0	0	0	0	0	0
$1	1603	3212	1	0	3901	1.00	950	21.12.14	14:16	1	30	950	950	00	0000028039013	0	0	0	0	0	0	0	0
$1	1603	3212	2	0	1286	1.00	2950	21.12.14	14:16	1	30	2950	2950	00	0000006012861	0	0	0	0	0	0	0	0
$1	1603	3213	1	0	3651	1.00	3190	21.12.14	14:50	1	30	3190	3190	00	0000009036512	0	0	0	0	0	0	0	0
$1	1603	3213	2	0	3869	1.00	2590	21.12.14	14:50	1	30	2590	2590	00	5907618131049	0	0	0	0	0	0	0	0
$1	1603	3213	3	0	0041	1.000	3590	21.12.14	14:50	1	30	3590	3590	00	0000000000000	0	0	0	0	0	0	0	0
$1	1603	3213	4	0	0225	1.000	460	21.12.14	14:50	1	30	460	460	00	0000000000000	0	0	0	0	0	0	0	0
$1	1603	3213	5	0	0530	1.00	2690	21.12.14	14:50	1	30	2690	2690	00	5907502687867	0	0	0	0	0	0	0	0
$1	1603	3213	6	0	0458	1.00	1290	21.12.14	14:50	1	30	1290	1290	00	5907502687072	0	0	0	0	0	0	0	0
$1	1603	3214	1	0	0181	1.000	1550	21.12.14	15:08	3	30	1550	1550	00	0000000000000	0	0	0	0	0	0	0	0
$1	1603	3215	1	0	2050	1.00	2550	21.12.14	16:59	1	30	2550	2550	00	0000011020509	0	0	0	0	0	0	0	0
$1	1603	3215	2	0	0031	2.000	4000	21.12.14	16:59	1	30	4000	4000	00	0000000000000	0	0	0	0	0	0	0	0
$1	1603	3215	3	0	0031	1.000	2100	21.12.14	16:59	1	30	2100	2100	00	0000000000000	0	0	0	0	0	0	0	0
$1	1603	3216	1	0	1255	1.00	5490	21.12.14	17:00	1	30	5490	5490	00	0000024012553	0	0	0	0	0	0	0	0
$1	1603	3217	1	0	2108	1.00	2190	21.12.14	17:03	2	30	2190	2190	00	0000006021085	0	0	0	0	0	0	0	0
$1	1603	3217	2	0	0787	1.00	3950	21.12.14	17:03	1	30	3950	3950	00	5902729032551	0	0	0	0	0	0	0	0
$1	1603	3217	3	0	3080	7.50	5625	21.12.14	17:03	2	30	5625	5625	00	5902741003317	0	0	0	0	0	0	0	0
$1	1603	3217	4	0	1342	1.00	1590	21.12.14	17:03	3	30	1590	1590	00	0000006013424	0	0	0	0	0	0	0	0
$1	1603	3217	5	0	2019	1.00	1750	21.12.14	17:03	1	30	1750	1750	00	0000009020191	0	0	0	0	0	0	0	0
$1	1603	3217	6	0	3058	1.00	890	21.12.14	17:03	2	30	890	890	00	0000020030582	0	0	0	0	0	0	0	0
$1	1603	3218	1	0	3042	1.00	750	21.12.14	17:11	2	30	750	750	00	0000020030421	0	0	0	0	0	0	0	0
$1	1603	3218	2	0	1203	1.00	550	21.12.14	17:11	2	30	550	550	00	0000005012039	0	0	0	0	0	0	0	0
$1	1603	3219	1	0	2927	1.00	8990	21.12.14	17:27	1	30	8990	8990	00	0000036029273	0	0	0	0	0	0	0	0
$1	1603	3219	2	0	0736	1.00	4390	21.12.14	17:27	1	30	4390	4390	00	0000003007365	0	0	0	0	0	0	0	0
$1	1603	3219	3	0	0727	1.00	7750	21.12.14	17:27	1	30	7750	8250	00	0000003007273	0	0	0	0	0	0	0	1
$1	1603	3219	4	0	0380	1.00	4650	21.12.14	17:27	1	30	4650	4650	00	0000001003802	0	0	0	0	0	0	0	0
$1	1603	3219	5	0	0329	1.00	1890	21.12.14	17:27	1	30	1890	1890	00	5900168908116	0	0	0	0	0	0	0	0
$1	1603	3219	6	0	3214	1.00	890	21.12.14	17:27	1	30	890	890	00	0000003032145	0	0	0	0	0	0	0	0
$1	1604	3221	1	0	1543	1.00	4750	21.12.15	10:08	3	30	4750	4750	00	0000007015434	0	0	0	0	0	0	0	0
$1	1604	3221	2	0	1602	1.00	750	21.12.15	10:08	1	30	750	750	00	0000007016028	0	0	0	0	0	0	0	0
$1	1604	3221	3	0	2069	1.00	2690	21.12.15	10:08	1	30	2690	2690	00	0000012020690	0	0	0	0	0	0	0	0
$1	1604	3221	4	0	0182	1.000	540	21.12.15	10:08	2	30	540	540	00	0000000000000	0	0	0	0	0	0	0	0
$1	1604	3221	5	0	0204	1.000	200	21.12.15	10:08	1	30	200	200	00	0000000000000	0	0	0	0	0	0	0	0
$1	1604	3222	1	0	1031	1.00	1250	21.12.15	10:26	2	30	1250	1250	00	5905279799639	0	0	0	0	0	0	0	0
$1	1604	3223	1	0	1119	1.00	490	21.12.15	10:27	2	30	490	490	00	5906365702892	0	0	0	0	0	0	0	0
$1	1604	3224	1	0	0002	1.000	1090	21.12.15	10:51	1	30	1090	1090	00	0000000000000	0	0	0	0	0	0	0	0
$1	1604	3224	2	0	1112	1.00	650	21.12.15	10:51	2	30	650	650	00	5906365702267	0	0	0	0	0	0	0	0
$1	1604	3225	1	0	0038	1.000	1890	21.12.15	11:09	1	30	1890	1890	00	0000000000000	0	0	0	0	0	0	0	0
$1	1604	3226	1	0	0968	1.00	450	21.12.15	11:15	2	30	450	450	00	5906365702045	0	0	0	0	0	0	0	0
$1	1604	3227	1	0	1513	1.00	2050	21.12.15	12:04	3	30	2050	2050	00	0000007015137	0	0	0	0	0	0	0	0
$1	1604	3227	2	0	1453	1.00	1490	21.12.15	12:04	1	30	1490	1490	00	0000034014530	0	0	0	0	0	0	0	0
$1	1604	3228	1	0	2350	4.00	2600	21.12.15	12:14	1	30	2600	2600	00	0000015023506	0	0	0	0	0	0	0	0
$1	1604	3229	1	0	1192	1.00	750	21.12.15	12:31	2	30	750	750	00	5909990219322	0	0	0	0	0	0	0	0
$1	1604	3229	2	0	2942	1.00	600	21.12.15	12:31	3	30	600	600	00	0000020029425	0	0	0	0	0	0	0	0
$1	1604	3230	1	0	1652	1.00	1290	21.12.15	12:42	1	30	1290	1290	00	0000007016523	0	0	0	0	0	0	0	0
$10	1604	3231	1	0	3901	1.00	950	21.12.15	12:56	1	30	950	950	00	0000028039013	0	0	0	0	0	0	0	0
$10	1604	3231	2	0	3901	1.00	950	21.12.15	12:56	1	30	950	950	00	0000028039013	0	0	0	0	0	0	0	0
$10	1604	3231	3	0	3901	1.00	950	21.12.15	12:56	1	30	950	950	00	0000028039013	0	0	0	0	0	0	0	0
$10	1604	3231	4	0	3901	1.00	950	21.12.15	12:56	1	30	950	950	00	0000028039013	0	0	0	0	0	0	0	0
$1	1604	3231	1	0	3901	1.00	950	21.12.15	12:56	1	30	950	950	00	0000028039013	0	0	0	0	0	0	0	0
$1	1604	3231	2	0	3901	1.00	950	21.12.15	12:56	1	30	950	950	00	0000028039013	0	0	0	0	0	0	0	0
$1	1604	3231	3	0	3901	1.00	950	21.12.15	12:56	1	30	950	950	00	0000028039013	0	0	0	0	0	0	0	0
$1	1604	3231	4	0	3901	1.00	950	21.12.15	12:56	1	30	950	950	00	0000028039013	0	0	0	0	0	0	0	0
$1	1604	3231	5	0	3901	1.00	950	21.12.15	12:56	1	30	950	950	00	0000028039013	0	0	0	0	0	0	0	0
$1	1604	3231	6	0	3901	1.00	950	21.12.15	12:56	1	30	950	950	00	0000028039013	0	0	0	0	0	0	0	0
$1	1604	3231	7	0	3901	1.00	950	21.12.15	12:56	1	30	950	950	00	0000028039013	0	0	0	0	0	0	0	0
$1	1604	3231	8	0	3901	1.00	950	21.12.15	12:56	1	30	950	950	00	0000028039013	0	0	0	0	0	0	0	0
$1	1604	3232	1	0	3967	1.00	990	21.12.15	13:01	1	30	990	990	00	0000031039673	0	0	0	0	0	0	0	0
$1	1604	3232	2	0	2947	1.00	1690	21.12.15	13:01	1	30	1690	1690	00	0000031029476	0	0	0	0	0	0	0	0
$1	1604	3233	1	0	3038	1.00	690	21.12.15	13:05	2	30	690	690	00	0000020030384	0	0	0	0	0	0	0	0
$1	1604	3233	2	0	3038	1.00	690	21.12.15	13:05	2	30	690	690	00	0000020030384	0	0	0	0	0	0	0	0
$1	1604	3233	3	0	3032	1.00	490	21.12.15	13:05	2	30	490	490	00	0000020030322	0	0	0	0	0	0	0	0
$1	1604	3233	4	0	2350	1.00	650	21.12.15	13:05	1	30	650	650	00	0000015023506	0	0	0	0	0	0	0	0
$1	1604	3234	1	0	1165	1.00	490	21.12.15	13:10	2	30	490	490	00	5909994311169	0	0	0	0	0	0	0	0
$1	1604	3234	2	0	1165	1.00	490	21.12.15	13:10	2	30	490	490	00	5909994311169	0	0	0	0	0	0	0	0
$1	1604	3234	3	0	1887	1.00	490	21.12.15	13:10	3	30	490	490	00	5905279799721	0	0	0	0	0	0	0	0
$1	1604	3234	4	0	1887	1.00	490	21.12.15	13:10	3	30	490	490	00	5905279799721	0	0	0	0	0	0	0	0
$1	1604	3235	1	0	0204	2.000	2180	21.12.15	13:35	1	30	2180	2180	00	0000000000000	0	0	0	0	0	0	0	0
$1	1604	3235	2	0	0982	1.00	450	21.12.15	13:35	2	30	450	450	00	5907752643385	0	0	0	0	0	0	0	0
$1	1604	3235	3	0	0820	1.00	3850	21.12.15	13:35	1	30	3850	3850	00	0000024008204	0	0	0	0	0	0	0	0
$1	1604	3235	4	0	0820	1.00	3850	21.12.15	13:35	1	30	3850	3850	00	0000024008204	0	0	0	0	0	0	0	0
$1	1604	3236	1	0	0008	1.000	5490	21.12.15	13:49	1	30	5490	5490	00	0000000000000	0	0	0	0	0	0	0	0
$1	1604	3236	2	0	3869	1.00	2590	21.12.15	13:49	1	30	2590	2590	00	5907618131049	0	0	0	0	0	0	0	0
$1	1604	3236	3	0	3213	1.00	1990	21.12.15	13:49	1	30	1990	1990	00	0000003032138	0	0	0	0	0	0	0	0
$1	1604	3236	4	0	0034	1.000	3250	21.12.15	13:49	1	30	3250	3250	00	0000000000000	0	0	0	0	0	0	0	0
$1	1604	3237	1	0	1555	1.00	2890	21.12.15	14:13	3	30	2890	2890	00	0000007015557	0	0	0	0	0	0	0	0
$1	1604	3238	1	0	0002	1.000	1990	21.12.15	14:28	1	30	1990	1990	00	0000000000000	0	0	0	0	0	0	0	0
$1	1604	3238	2	0	3890	1.00	3350	21.12.15	14:28	1	30	3350	3350	00	0000023038905	0	0	0	0	0	0	0	0
$1	1604	3238	3	0	0041	1.000	1390	21.12.15	14:28	1	30	1390	1390	00	0000000000000	0	0	0	0	0	0	0	0
$1	1604	3239	1	0	0973	2.00	780	21.12.15	15:02	2	30	780	780	00	5905279799448	0	0	0	0	0	0	0	0
$1	1604	3240	1	0	0973	3.00	1170	21.12.15	15:03	2	30	1170	1170	00	5905279799448	0	0	0	0	0	0	0	0
$1	1604	3241	1	0	1150	1.00	1450	21.12.15	15:18	2	30	1450	1450	00	0000005011506	0	0	0	0	0	0	0	0
$1	1604	3242	1	0	2443	1.00	2890	21.12.15	15:38	1	30	2890	2890	00	0000016024434	0	0	0	0	0	0	0	0
$1	1604	3243	1	0	2931	2.00	2780	21.12.15	16:04	1	30	2780	2780	00	0000036029310	0	0	0	0	0	0	0	0
$1	1604	3243	2	0	3221	1.00	4550	21.12.15	16:04	1	30	4550	4550	00	0000003032213	0	0	0	0	0	0	0	0
$1	1604	3243	3	0	2930	1.00	4990	21.12.15	16:04	1	30	4990	4990	00	0000036029303	0	0	0	0	0	0	0	0
$1	1604	3243	4	0	2274	1.00	3450	21.12.15	16:04	1	30	3450	3450	00	0000014022746	0	0	0	0	0	0	0	0
$1	1604	3244	1	0	0026	1.000	1090	21.12.15	16:14	1	30	1090	1090	00	0000000000000	0	0	0	0	0	0	0	0
$1	1604	3245	1	0	3488	1.00	2790	21.12.15	17:10	1	30	2790	2790	00	0000016034884	0	0	0	0	0	0	0	0
$1	1604	3245	2	0	2430	1.00	2790	21.12.15	17:10	1	30	2790	2790	00	0000016024304	0	0	0	0	0	0	0	0
$1	1604	3245	3	0	1461	1.00	2850	21.12.15	17:10	1	30	2850	2850	00	0000034014615	0	0	0	0	0	0	0	0
$1	1604	3245	4	0	2303	1.00	3590	21.12.15	17:10	1	30	3590	3590	00	0000014023033	0	0	0	0	0	0	0	0
$1	1604	3245	5	0	1605	1.00	790	21.12.15	17:10	1	30	790	790	00	5907804205004	0	0	0	0	0	0	0	0
$1	1604	3245	6	0	0034	1.000	3250	21.12.15	17:10	1	30	3250	3250	00	0000000000000	0	0	0	0	0	0	0	0
$1	1604	3245	7	0	3650	1.00	3190	21.12.15	17:10	1	30	3190	3190	00	0000009036505	0	0	0	0	0	0	0	0
$1	1604	3246	1	0	2333	1.00	1250	21.12.15	17:18	3	30	1250	1250	00	0000020023331	0	0	0	0	0	0	0	0
$1	1604	3247	1	0	2350	1.00	650	21.12.15	17:31	1	30	650	650	00	0000015023506	0	0	0	0	0	0	0	0
$1	1604	3247	2	0	0256	1.000	640	21.12.15	17:31	1	30	640	640	00	0000000000000	0	0	0	0	0	0	0	0
$1	1604	3248	1	0	2942	1.00	150	21.12.15	17:44	3	30	600	600	00	0000020029425	0	1	0	0	0	0	0	0
$1	1604	3248	2	0	1164	1.00	138	21.12.15	17:44	2	30	550	550	00	0000005011643	0	1	0	0	0	0	0	0
$1	1604	3248	3	0	1190	1.00	138	21.12.15	17:44	2	30	550	550	00	0000005011902	0	1	0	0	0	0	0	0
$1	1604	3248	4	0	1011	1.00	123	21.12.15	17:44	2	30	490	490	00	5906365702755	0	1	0	0	0	0	0	0
$1	1604	3248	5	0	1055	1.00	238	21.12.15	17:44	3	30	950	950	00	5905279799141	0	1	0	0	0	0	0	0
$1	1604	3248	6	0	1543	1.00	1188	21.12.15	17:44	3	30	4750	4750	00	5907804205073	0	1	0	0	0	0	0	0
$1	1604	3248	7	0	2729	1.00	848	21.12.15	17:44	2	30	3390	3390	00	0000017027298	0	1	0	0	0	0	0	0
$1	1605	3253	1	0	1162	1.00	450	21.12.16	10:00	2	30	450	450	00	5909994311763	0	0	0	0	0	0	0	0
$1	1605	3254	1	0	3663	1.00	3050	21.12.16	10:03	1	30	3050	3050	00	0000023036635	0	0	0	0	0	0	0	0
$1	1605	3254	2	0	2350	1.00	650	21.12.16	10:03	1	30	650	650	00	0000015023506	0	0	0	0	0	0	0	0
$1	1605	3254	3	0	0034	1.000	3250	21.12.16	10:03	1	30	3250	3250	00	0000000000000	0	0	0	0	0	0	0	0
$1	1605	3255	1	0	1556	1.00	1290	21.12.16	10:08	2	30	1290	1290	00	0000007015564	0	0	0	0	0	0	0	0
$1	1605	3255	2	0	3779	3.00	4170	21.12.16	10:08	1	30	4170	4170	00	0000025037791	0	0	0	0	0	0	0	0
$1	1605	3256	1	0	3665	1.00	2990	21.12.16	10:19	1	30	2990	2990	00	0000023036659	0	0	0	0	0	0	0	0
$1	1605	3256	2	0	1893	1.00	2450	21.12.16	10:19	1	30	2450	2450	00	0000023018938	0	0	0	0	0	0	0	0
$1	1605	3256	3	0	1909	1.00	1750	21.12.16	10:19	1	30	1750	1750	00	0000009019096	0	0	0	0	0	0	0	0
$1	1605	3256	4	0	1905	1.00	1750	21.12.16	10:19	1	30	1750	1750	00	0000009019058	0	0	0	0	0	0	0	0
$1	1605	3256	5	0	3150	1.00	3290	21.12.16	10:19	1	30	3290	3290	00	0000028031505	0	0	0	0	0	0	0	0
$1	1605	3256	6	0	3901	1.00	950	21.12.16	10:19	1	30	950	950	00	0000028039013	0	0	0	0	0	0	0	0
$1	1605	3256	7	0	3901	2.00	1900	21.12.16	10:19	1	30	1900	1900	00	0000028039013	0	0	0	0	0	0	0	0
$1	1605	3256	8	0	2759	1.00	2490	21.12.16	10:19	1	30	2490	2490	00	0000036027590	0	0	0	0	0	0	0	0
$1	1605	3256	9	0	3894	1.00	2750	21.12.16	10:19	1	30	2750	2750	00	0000023038943	0	0	0	0	0	0	0	0
$1	1605	3256	10	0	2319	1.00	3890	21.12.16	10:19	1	30	3890	3890	00	0000014023194	0	0	0	0	0	0	0	0
$1	1605	3256	11	0	2272	1.00	4390	21.12.16	10:19	1	30	4390	4390	00	0000014022722	0	0	0	0	0	0	0	0
$1	1605	3256	12	0	2276	1.00	3590	21.12.16	10:19	1	30	3590	3590	00	0000014022760	0	0	0	0	0	0	0	0
$1	1605	3256	13	0	3227	1.00	5850	21.12.16	10:19	1	30	5850	5850	00	0000004032274	0	0	0	0	0	0	0	0
$10	1605	3257	1	0	0002	1.000	1190	21.12.16	10:47	1	30	1190	1190	00	0000000000000	0	0	0	0	0	0	0	0
$1	1605	3257	1	0	3066	1.00	2990	21.12.16	10:47	2	30	2990	2990	00	0000020030667	0	0	0	0	0	0	0	0
$1	1605	3257	2	0	1344	1.00	1350	21.12.16	10:47	3	30	1350	1350	00	0000006013448	0	0	0	0	0	0	0	0
$1	1605	3257	3	0	1557	1.00	2390	21.12.16	10:47	3	30	2390	2390	00	0000007015571	0	0	0	0	0	0	0	0
$1	1605	3257	4	0	1713	1.00	3190	21.12.16	10:47	1	30	3190	3190	00	0000034017135	0	0	0	0	0	0	0	0
$1	1605	3257	5	0	1707	1.00	2850	21.12.16	10:47	1	30	2850	2850	00	0000034017074	0	0	0	0	0	0	0	0
$1	1605	3257	6	0	1465	1.00	3190	21.12.16	10:47	1	30	3190	3190	00	0000034014653	0	0	0	0	0	0	0	0
$1	1605	3257	7	0	1437	1.00	2850	21.12.16	10:47	1	30	2850	2850	00	0000034014370	0	0	0	0	0	0	0	0
$1	1605	3257	8	0	3118	1.00	1450	21.12.16	10:47	2	30	1450	1450	00	0000020031183	0	0	0	0	0	0	0	0
$1	1605	3257	9	0	1690	1.00	2890	21.12.16	10:47	1	30	2890	2890	00	0000007016905	0	0	0	0	0	0	0	0
$1	1605	3257	10	0	0034	1.000	3250	21.12.16	10:47	1	30	3250	3250	00	0000000000000	0	0	0	0	0	0	0	0
$1	1605	3257	11	0	2265	1.00	690	21.12.16	10:47	2	30	690	690	00	0000020022655	0	0	0	0	0	0	0	0
$1	1605	3257	12	0	2328	1.00	690	21.12.16	10:47	2	30	690	690	00	0000020023287	0	0	0	0	0	0	0	0
$1	1605	3257	13	0	1337	1.00	1190	21.12.16	10:47	3	30	1190	1190	00	0000006013370	0	0	0	0	0	0	0	0
$1	1605	3257	14	0	0690	1.00	4900	21.12.16	10:47	1	30	4900	4900	00	0000024006903	0	0	0	0	0	0	0	0
$1	1605	3257	15	0	0494	1.00	3500	21.12.16	10:47	1	30	3500	3500	00	5907502687409	0	0	0	0	0	0	0	0
$1	1605	3258	1	0	2351	1.00	2150	21.12.16	10:48	1	30	2150	2150	00	0000015023513	0	0	0	0	0	0	0	0
$1	1605	3259	1	0	2350	1.00	650	21.12.16	10:59	1	30	650	650	00	0000015023506	0	0	0	0	0	0	0	0
$1	1605	3259	2	0	3907	1.00	7950	21.12.16	10:59	1	30	7950	7950	00	0000028039075	0	0	0	0	0	0	0	0
$1	1605	3260	1	0	3650	1.00	3190	21.12.16	11:10	1	30	3190	3190	00	0680275060796	0	0	0	0	0	0	0	0
$1	1605	3260	2	0	3136	1.00	1990	21.12.16	11:10	2	30	1990	1990	00	0000020031367	0	0	0	0	0	0	0	0
$1	1605	3261	1	0	2126	1.00	990	21.12.16	11:10	1	30	990	1250	00	0000013021269	0	0	0	0	0	0	0	1
$1	1605	3262	1	0	2523	1.00	2450	21.12.16	11:12	2	30	2450	2450	00	0000017025232	0	0	0	0	0	0	0	0
$1	1605	3262	2	0	2663	1.00	590	21.12.16	11:12	3	30	590	590	00	0000017026635	0	0	0	0	0	0	0	0
$1	1605	3262	3	0	0002	1.000	490	21.12.16	11:12	1	30	490	490	00	0000000000000	0	0	0	0	0	0	0	0
$1	1605	3263	1	0	0243	1.000	860	21.12.16	11:13	1	30	860	860	00	0000000000000	0	0	0	0	0	0	0	0
$1	1605	3264	1	0	0828	1.00	4550	21.12.16	11:21	1	30	4550	4550	00	0000024008280	0	0	0	0	0	0	0	0
$1	1605	3264	2	0	3650	1.00	3190	21.12.16	11:21	1	30	3190	3190	00	0000009036505	0	0	0	0	0	0	0	0
$1	1605	3264	3	0	2019	1.00	1750	21.12.16	11:21	1	30	1750	1750	00	0000009020191	0	0	0	0	0	0	0	0
$1	1605	3264	4	0	2274	1.00	3450	21.12.16	11:21	1	30	3450	3450	00	0000014022746	0	0	0	0	0	0	0	0
$1	1605	3265	1	0	0136	1.000	1481	21.12.16	11:26	1	30	3290	3290	00	0000000000000	0	1	0	0	0	0	0	0
$1	1605	3265	2	0	0136	1.000	1526	21.12.16	11:26	1	30	3390	3390	00	0000000000000	0	1	0	0	0	0	0	0
$1	1605	3266	1	0	1555	1.00	2890	21.12.16	12:14	3	30	2890	2890	00	0000007015557	0	0	0	0	0	0	0	0
$1	1605	3266	2	0	3089	1.00	550	21.12.16	12:14	2	30	550	550	00	0000020030896	0	0	0	0	0	0	0	0
$1	1605	3266	3	0	1586	1.00	1350	21.12.16	12:14	1	30	1350	1350	00	5906660814993	0	0	0	0	0	0	0	0
$1	1605	3266	4	0	0002	1.000	2990	21.12.16	12:14	1	30	2990	2990	00	0000000000000	0	0	0	0	0	0	0	0
$1	1605	3266	5	0	2053	1.00	2550	21.12.16	12:14	1	30	2550	2550	00	0000011020530	0	0	0	0	0	0	0	0
$1	1605	3267	1	0	3901	1.00	950	21.12.16	12:16	1	30	950	950	00	0000028039013	0	0	0	0	0	0	0	0
$1	1605	3268	1	0	1491	1.00	2567	21.12.16	12:23	3	30	2790	2790	00	0000007014918	0	1	0	0	0	0	0	0
$1	1605	3268	2	0	2729	1.00	3119	21.12.16	12:23	2	30	3390	3390	00	0000017027298	0	1	0	0	0	0	0	0
$1	1605	3268	3	0	2111	1.00	3763	21.12.16	12:23	2	30	4090	4090	00	5902709520702	0	1	0	0	0	0	0	0
$1	1605	3268	4	0	2053	1.00	2346	21.12.16	12:23	1	30	2550	2550	00	0000011020530	0	1	0	0	0	0	0	0
$1	1605	3268	5	0	3634	1.00	3358	21.12.16	12:23	1	30	3650	3650	00	0000008036346	0	1	0	0	0	0	0	0
$1	1605	3268	6	0	2352	1.00	4223	21.12.16	12:23	1	30	4590	4590	00	0000008023520	0	1	0	0	0	0	0	0
$1	1605	3268	7	0	3230	1.00	4462	21.12.16	12:23	1	30	4850	4850	00	0000004032304	0	1	0	0	0	0	0	0
$1	1605	3268	8	0	3921	1.00	8188	21.12.16	12:23	1	30	8900	8900	00	0000014039218	0	1	0	0	0	0	0	0
$1	1605	3268	9	0	2305	1.00	3542	21.12.16	12:23	1	30	3850	3850	00	0000014023057	0	1	0	0	0	0	0	0
$1	1605	3268	10	0	0038	1.000	819	21.12.16	12:23	1	30	890	890	00	0000000000000	0	1	0	0	0	0	0	0
$1	1605	3268	11	0	0790	1.00	7268	21.12.16	12:23	1	30	7900	7900	00	0000003007907	0	1	0	0	0	0	0	0
$1	1605	3268	12	0	1690	1.00	2659	21.12.16	12:23	1	30	2890	2890	00	0000007016905	0	1	0	0	0	0	0	0
$1	1605	3268	13	0	2935	1.00	7259	21.12.16	12:23	1	30	7890	7890	00	0000034029350	0	1	0	0	0	0	0	0
$1	1605	3268	14	0	2351	1.00	1978	21.12.16	12:23	1	30	2150	2150	00	0000015023513	0	1	0	0	0	0	0	0
$1	1605	3268	15	0	3901	2.00	1748	21.12.16	12:23	1	30	1900	1900	00	0000028039013	0	1	0	0	0	0	0	0
$1	1605	3268	16	0	2930	1.00	4591	21.12.16	12:23	1	30	4990	4990	00	0000036029303	0	1	0	0	0	0	0	0
$1	1605	3269	1	0	0182	1.000	1606	21.12.16	13:04	2	30	1690	1690	00	0000000000000	0	1	0	0	0	0	0	0
$1	1605	3269	2	0	3219	1.00	5938	21.12.16	13:04	1	30	6250	6250	00	0000003032190	0	1	0	0	0	0	0	0
$1	1605	3269	3	0	1689	1.00	2746	21.12.16	13:04	1	30	2890	2890	00	0000007016899	0	1	0	0	0	0	0	0
$1	1605	3269	4	0	1644	1.00	2081	21.12.16	13:04	1	30	2190	2190	00	5906660816041	0	1	0	0	0	0	0	0
$1	1605	3269	5	0	3653	1.00	1891	21.12.16	13:04	1	30	1990	1990	00	0000009036536	0	1	0	0	0	0	0	0
$1	1605	3269	6	0	3906	1.00	3753	21.12.16	13:04	1	30	3950	3950	00	0000028039068	0	1	0	0	0	0	0	0
$1	1605	3269	7	0	0726	1.00	5605	21.12.16	13:04	1	30	5900	5900	00	0000003007266	0	1	0	0	0	0	0	0
$1	1605	3269	8	0	0182	1.000	656	21.12.16	13:04	2	30	690	690	00	0000000000000	0	1	0	0	0	0	0	0
$1	1605	3269	9	0	3653	1.00	1891	21.12.16	13:04	1	30	1990	1990	00	0000009036536	0	1	0	0	0	0	0	0
$1	1605	3269	10	0	3089	1.00	523	21.12.16	13:04	2	30	550	550	00	0000020030896	0	1	0	0	0	0	0	0
$1	1605	3269	11	0	0798	1.00	3753	21.12.16	13:04	1	30	3950	3950	00	0000024007986	0	1	0	0	0	0	0	0
$1	1605	3269	12	0	3907	1.00	7553	21.12.16	13:04	1	30	7950	7950	00	0000028039075	0	1	0	0	0	0	0	0
$1	1605	3269	13	0	1716	1.00	3373	21.12.16	13:04	1	30	3550	3550	00	0000034017166	0	1	0	0	0	0	0	0
$1	1605	3269	14	0	1716	1.00	3373	21.12.16	13:04	1	30	3550	3550	00	0000034017166	0	1	0	0	0	0	0	0
$1	1605	3270	1	0	0002	1.000	2990	21.12.16	13:31	1	30	2990	2990	00	0000000000000	0	0	0	0	0	0	0	0
$1	1605	3270	2	0	1556	1.00	1290	21.12.16	13:31	2	30	1290	1290	00	0000007015564	0	0	0	0	0	0	0	0
$1	1605	3271	1	0	0182	2.000	980	21.12.16	13:35	2	30	980	980	00	0000000000000	0	0	0	0	0	0	0	0
$1	1605	3272	1	0	0013	2.000	3520	21.12.16	13:35	3	30	3520	3520	00	0000000000000	0	0	0	0	0	0	0	0
$1	1605	3273	1	0	3222	1.00	3250	21.12.16	13:41	1	30	3250	3250	00	0000035032229	0	0	0	0	0	0	0	0
$1	1605	3273	2	0	3476	1.00	2900	21.12.16	13:41	1	30	2900	2900	00	0000002034768	0	0	0	0	0	0	0	0
$1	1605	3273	3	0	3477	1.00	3200	21.12.16	13:41	1	30	3200	3200	00	0000002034775	0	0	0	0	0	0	0	0
$1	1605	3273	4	0	0008	1.000	5490	21.12.16	13:41	1	30	5490	5490	00	0000000000000	0	0	0	0	0	0	0	0
$1	1605	3274	1	0	3804	1.00	390	21.12.16	14:23	1	30	390	390	00	0000026038049	0	0	0	0	0	0	0	0
$1	1605	3274	2	0	3804	1.00	390	21.12.16	14:23	1	30	390	390	00	0000026038049	0	0	0	0	0	0	0	0
$1	1605	3275	1	0	1313	1.00	3850	21.12.16	14:26	1	30	3850	3850	00	0000006013134	0	0	0	0	0	0	0	0
$1	1605	3275	2	0	0094	1.000	1790	21.12.16	14:26	2	30	1790	1790	00	0000000000000	0	0	0	0	0	0	0	0
$1	1605	3275	3	0	3054	1.00	850	21.12.16	14:26	2	30	850	850	00	5902741006103	0	0	0	0	0	0	0	0
$1	1605	3275	4	0	3122	1.00	490	21.12.16	14:26	2	30	490	490	00	0000020031220	0	0	0	0	0	0	0	0
$1	1605	3276	1	0	0971	1.00	790	21.12.16	14:34	2	30	790	790	00	0000005009718	0	0	0	0	0	0	0	0
$1	1605	3276	2	0	0983	1.00	790	21.12.16	14:34	3	30	790	790	00	5905279799103	0	0	0	0	0	0	0	0
$1	1605	3277	1	0	2692	1.00	1050	21.12.16	14:43	3	30	1050	1050	00	0000017026925	0	0	0	0	0	0	0	0
$1	1605	3277	2	0	0372	1.00	1450	21.12.16	14:43	1	30	1450	1450	00	5906874565278	0	0	0	0	0	0	0	0
$1	1605	3277	3	0	3659	1.00	3950	21.12.16	14:43	1	30	3950	3950	00	0000001036596	0	0	0	0	0	0	0	0
$1	1605	3277	4	0	0024	1.000	2990	21.12.16	14:43	1	30	2990	2990	00	0000000000000	0	0	0	0	0	0	0	0
$1	1605	3277	5	0	2015	1.00	4690	21.12.16	14:43	1	30	4690	4690	00	0680275058281	0	0	0	0	0	0	0	0
$1	1605	3277	6	0	0034	1.000	3290	21.12.16	14:43	1	30	3290	3290	00	0000000000000	0	0	0	0	0	0	0	0
$1	1605	3277	7	0	3222	1.00	3250	21.12.16	14:43	1	30	3250	3250	00	0000035032229	0	0	0	0	0	0	0	0
$1	1605	3277	8	0	2019	1.00	1750	21.12.16	14:43	1	30	1750	1750	00	0000009020191	0	0	0	0	0	0	0	0
$1	1605	3277	9	0	1909	1.00	1750	21.12.16	14:43	1	30	1750	1750	00	0000009019096	0	0	0	0	0	0	0	0
$1	1605	3277	10	0	3230	1.00	4850	21.12.16	14:43	1	30	4850	4850	00	0000004032304	0	0	0	0	0	0	0	0
$1	1605	3277	11	0	0002	1.000	890	21.12.16	14:43	1	30	890	890	00	0000000000000	0	0	0	0	0	0	0	0
$1	1605	3278	1	0	1718	1.00	3650	21.12.16	14:48	1	30	3650	3650	00	0000034017180	0	0	0	0	0	0	0	0
$1	1605	3278	2	0	0795	1.00	3590	21.12.16	14:48	1	30	3590	3590	00	0000024007955	0	0	0	0	0	0	0	0
$1	1605	3279	1	0	1557	1.00	2390	21.12.16	15:01	3	30	2390	2390	00	0000007015571	0	0	0	0	0	0	0	0
$1	1605	3279	2	0	3072	1.00	690	21.12.16	15:01	2	30	690	690	00	0000020030728	0	0	0	0	0	0	0	0
$1	1605	3279	3	0	0002	1.000	1190	21.12.16	15:01	1	30	1190	1190	00	0000000000000	0	0	0	0	0	0	0	0
$1	1605	3279	4	0	1534	1.00	850	21.12.16	15:01	3	30	850	850	00	5906660810421	0	0	0	0	0	0	0	0
$1	1605	3280	1	0	2108	1.00	2081	21.12.16	15:04	2	30	2190	2190	00	0000006021085	0	1	0	0	0	0	0	0
$1	1605	3281	1	0	1009	1.00	750	21.12.16	15:18	2	30	750	750	00	5907752643453	0	0	0	0	0	0	0	0
$1	1605	3282	1	0	1344	1.00	1350	21.12.16	15:28	3	30	1350	1350	00	0000006013448	0	0	0	0	0	0	0	0
$1	1605	3283	1	0	2053	2.00	5100	21.12.16	15:31	1	30	5100	5100	00	0000011020530	0	0	0	0	0	0	0	0
$1	1605	3284	1	0	1718	1.00	3650	21.12.16	15:48	1	30	3650	3650	00	0000034017180	0	0	0	0	0	0	0	0
$1	1605	3285	1	0	1452	1.00	1490	21.12.16	16:14	1	30	1490	1490	00	0000034014523	0	0	0	0	0	0	0	0
$1	1605	3285	2	0	0457	1.00	1290	21.12.16	16:14	1	30	1290	1290	00	0000002004570	0	0	0	0	0	0	0	0
$1	1605	3285	3	0	0955	1.00	390	21.12.16	16:14	3	30	390	390	00	0000005009558	0	0	0	0	0	0	0	0
$1	1605	3285	4	0	1689	1.00	2890	21.12.16	16:14	1	30	2890	2890	00	0000007016899	0	0	0	0	0	0	0	0
$1	1605	3285	5	0	0993	1.00	450	21.12.16	16:14	2	30	450	450	00	5906365702991	0	0	0	0	0	0	0	0
$1	1605	3286	1	0	0182	1.000	690	21.12.16	16:53	2	30	690	690	00	0000000000000	0	0	0	0	0	0	0	0
$1	1605	3286	2	0	3901	2.00	1900	21.12.16	16:53	1	30	1900	1900	00	0000028039013	0	0	0	0	0	0	0	0
$1	1605	3286	3	0	0727	1.00	8250	21.12.16	16:53	1	30	8250	8250	00	0000003007273	0	0	0	0	0	0	0	0
$1	1605	3287	1	0	1040	1.00	450	21.12.16	16:55	2	30	450	450	00	5906365702847	0	0	0	0	0	0	0	0
$10	1606	3289	1	0	0529	1.00	2490	21.12.17	10:02	1	30	2490	2490	00	5907502687904	0	0	0	0	0	0	0	0
$1	1606	3289	1	0	0041	3.000	4770	21.12.17	10:02	1	30	4770	4770	00	0000000000000	0	0	0	0	0	0	0	0
$1	1606	3289	2	0	2954	1.00	1750	21.12.17	10:02	1	30	1750	1750	00	0000001029543	0	0	0	0	0	0	0	0
$1	1606	3290	1	0	3901	1.00	950	21.12.17	10:04	1	30	950	950	00	0000028039013	0	0	0	0	0	0	0	0
$1	1606	3291	1	0	0002	1.000	1190	21.12.17	10:09	1	30	1190	1190	00	0000000000000	0	0	0	0	0	0	0	0
$1	1606	3292	1	0	2954	1.00	1750	21.12.17	10:32	1	30	1750	1750	00	0000001029543	0	0	0	0	0	0	0	0
$1	1606	3292	2	0	2954	1.00	1750	21.12.17	10:32	1	30	1750	1750	00	0000001029543	0	0	0	0	0	0	0	0
$1	1606	3292	3	0	0002	2.000	3980	21.12.17	10:32	1	30	3980	3980	00	0000000000000	0	0	0	0	0	0	0	0
$1	1606	3292	4	0	0002	1.000	800	21.12.17	10:32	1	30	800	800	00	0000000000000	0	0	0	0	0	0	0	0
$1	1606	3293	1	0	0041	2.000	2780	21.12.17	10:44	1	30	2780	2780	00	0000000000000	0	0	0	0	0	0	0	0
$1	1606	3293	2	0	2053	1.00	2550	21.12.17	10:44	1	30	2550	2550	00	0000011020530	0	0	0	0	0	0	0	0
$1	1606	3294	1	0	1068	1.00	590	21.12.17	11:08	2	30	590	590	00	5905279799400	0	0	0	0	0	0	0	0
$1	1606	3294	2	0	1068	1.00	590	21.12.17	11:08	2	30	590	590	00	5905279799400	0	0	0	0	0	0	0	0
$1	1606	3295	1	0	2350	3.00	1950	21.12.17	11:09	1	30	1950	1950	00	0000015023506	0	0	0	0	0	0	0	0
$1	1606	3296	1	0	1866	1.00	12850	21.12.17	11:18	1	30	12850	12850	00	0000008018663	0	0	0	0	0	0	0	0
$1	1606	3297	1	0	1436	1.00	2850	21.12.17	11:35	1	30	2850	2850	00	0000034014363	0	0	0	0	0	0	0	0
$1	1606	3297	2	0	1339	1.00	1390	21.12.17	11:35	3	30	1390	1390	00	0000006013394	0	0	0	0	0	0	0	0
$1	1606	3297	3	0	2286	1.00	1850	21.12.17	11:35	1	30	1850	1850	00	0000014022869	0	0	0	0	0	0	0	0
$10	1606	3298	1	0	0605	1.00	4250	21.12.17	11:45	1	30	4250	4250	00	5902249011098	0	0	0	0	0	0	0	0
$1	1606	3298	1	0	1910	1.00	1750	21.12.17	11:45	1	30	1750	1750	00	0000009019102	0	0	0	0	0	0	0	0
$1	1606	3298	2	0	0893	1.00	3990	21.12.17	11:45	1	30	3990	3990	00	0000004008934	0	0	0	0	0	0	0	0
$1	1606	3298	3	0	2350	2.00	1300	21.12.17	11:45	1	30	1300	1300	00	0000015023506	0	0	0	0	0	0	0	0
$1	1606	3299	1	0	2322	1.00	950	21.12.17	11:48	1	30	950	950	00	0000014023224	0	0	0	0	0	0	0	0
$1	1606	3299	2	0	3266	1.00	3750	21.12.17	11:48	1	30	3750	3750	00	0000014032660	0	0	0	0	0	0	0	0
$1	1606	3299	3	0	0066	1.000	1190	21.12.17	11:48	1	30	1190	1190	00	0000000000000	0	0	0	0	0	0	0	0
$1	1606	3300	1	0	0031	1.000	7800	21.12.17	11:59	1	30	7800	7800	00	0000000000000	0	0	0	0	0	0	0	0
$1	1606	3300	2	0	0002	1.000	1990	21.12.17	11:59	1	30	1990	1990	00	0000000000000	0	0	0	0	0	0	0	0
$1	1606	3300	3	0	3065	1.00	2890	21.12.17	11:59	2	30	2890	2890	00	0000020030650	0	0	0	0	0	0	0	0
$1	1606	3301	1	0	1274	1.00	3850	21.12.17	12:13	1	30	3850	3850	00	0000006012748	0	0	0	0	0	0	0	0
$1	1606	3302	1	0	3901	1.00	950	21.12.17	12:27	1	30	950	950	00	0000028039013	0	0	0	0	0	0	0	0
$1	1606	3302	2	0	3901	4.00	3800	21.12.17	12:27	1	30	3800	3800	00	0000028039013	0	0	0	0	0	0	0	0
$1	1606	3303	1	0	0182	1.000	1890	21.12.17	12:51	2	30	1890	1890	00	0000000000000	0	0	0	0	0	0	0	0
$1	1606	3304	1	0	3650	1.00	3190	21.12.17	13:02	1	30	3190	3190	00	0000009036505	0	0	0	0	0	0	0	0
$1	1606	3304	2	0	0182	1.000	1890	21.12.17	13:02	2	30	1890	1890	00	0000000000000	0	0	0	0	0	0	0	0
$1	1606	3305	1	0	0723	1.00	5950	21.12.17	13:27	1	30	5950	5950	00	0000003007235	0	0	0	0	0	0	0	0
$1	1606	3305	2	0	0727	1.00	8250	21.12.17	13:27	1	30	8250	8250	00	0000003007273	0	0	0	0	0	0	0	0
$1	1606	3305	3	0	3214	1.00	890	21.12.17	13:27	1	30	890	890	00	0000003032145	0	0	0	0	0	0	0	0
$1	1606	3306	1	0	0038	1.000	820	21.12.17	13:31	1	30	820	820	00	0000000000000	0	0	0	0	0	0	0	0
$1	1606	3307	1	0	0971	1.00	790	21.12.17	13:32	2	30	790	790	00	0000005009718	0	0	0	0	0	0	0	0
$1	1606	3308	1	0	0807	1.00	5700	21.12.17	13:46	1	30	5700	5700	00	0000024008075	0	0	0	0	0	0	0	0
$1	1606	3308	2	0	0810	1.00	3050	21.12.17	13:46	1	30	3050	3050	00	0000024008105	0	0	0	0	0	0	0	0
$1	1606	3308	3	0	0814	1.00	2390	21.12.17	13:46	1	30	2390	2390	00	0000024008143	0	0	0	0	0	0	0	0
$1	1606	3308	4	0	0605	1.00	4250	21.12.17	13:46	1	30	4250	4250	00	5902249011098	0	0	0	0	0	0	0	0
$1	1606	3308	5	0	0603	1.00	4150	21.12.17	13:46	1	30	4150	4150	00	5902249011074	0	0	0	0	0	0	0	0
$1	1606	3309	1	0	0002	1.000	1190	21.12.17	13:56	1	30	1190	1190	00	0000000000000	0	0	0	0	0	0	0	0
$1	1606	3309	2	0	1249	1.00	790	21.12.17	13:56	2	30	790	790	00	5909994310667	0	0	0	0	0	0	0	0
$1	1606	3309	3	0	1249	1.00	790	21.12.17	13:56	2	30	790	790	00	5909994310667	0	0	0	0	0	0	0	0
$1	1606	3309	4	0	1012	1.00	890	21.12.17	13:56	2	30	890	890	00	5909994310865	0	0	0	0	0	0	0	0
$1	1606	3309	5	0	1012	1.00	890	21.12.17	13:56	2	30	890	890	00	5909994310865	0	0	0	0	0	0	0	0
$1	1606	3309	6	0	1170	1.00	490	21.12.17	13:56	2	30	490	490	00	5909994311565	0	0	0	0	0	0	0	0
$1	1606	3310	1	0	3138	1.00	890	21.12.17	14:04	2	30	890	890	00	0000020031381	0	0	0	0	0	0	0	0
$1	1606	3310	2	0	0002	2.000	3980	21.12.17	14:04	1	30	3980	3980	00	0000000000000	0	0	0	0	0	0	0	0
$1	1606	3310	3	0	2350	1.00	650	21.12.17	14:04	1	30	650	650	00	0000015023506	0	0	0	0	0	0	0	0
$1	1606	3311	1	0	1012	1.00	890	21.12.17	14:12	2	30	890	890	00	5909994310865	0	0	0	0	0	0	0	0
$1	1606	3311	2	0	1012	1.00	890	21.12.17	14:12	2	30	890	890	00	5909994310865	0	0	0	0	0	0	0	0
$1	1606	3312	1	0	2944	1.00	990	21.12.17	14:21	1	30	990	990	00	0000031029445	0	0	0	0	0	0	0	0
$1	1606	3312	2	0	0694	1.00	3750	21.12.17	14:21	1	30	3750	3750	00	0000024006941	0	0	0	0	0	0	0	0
$1	1606	3312	3	0	0695	1.00	2930	21.12.17	14:21	1	30	2930	3150	00	0000024006958	0	0	0	0	0	0	0	1
$1	1606	3312	4	0	3461	1.00	4950	21.12.17	14:21	1	30	4950	4950	00	0000024034616	0	0	0	0	0	0	0	0
$1	1606	3312	5	0	1708	1.00	1590	21.12.17	14:21	1	30	1590	1590	00	0000034017081	0	0	0	0	0	0	0	0
$1	1606	3312	6	0	1443	1.00	1790	21.12.17	14:21	1	30	1790	1790	00	0000034014431	0	0	0	0	0	0	0	0
$1	1606	3312	7	0	1339	1.00	1390	21.12.17	14:21	3	30	1390	1390	00	0000006013394	0	0	0	0	0	0	0	0
$1	1606	3312	8	0	0182	1.000	1890	21.12.17	14:21	2	30	1890	1890	00	0000000000000	0	0	0	0	0	0	0	0
$1	1606	3313	1	0	0489	1.00	3950	21.12.17	14:24	1	30	3950	3950	00	0000002004891	0	0	0	0	0	0	0	0
$1	1606	3313	2	0	2477	1.00	1490	21.12.17	14:24	2	30	1490	1490	00	0000020024772	0	0	0	0	0	0	0	0
$1	1606	3314	1	0	2359	1.00	5950	21.12.17	14:32	1	30	5950	5950	00	0000001023596	0	0	0	0	0	0	0	0
$1	1606	3314	2	0	0727	1.00	8250	21.12.17	14:32	1	30	8250	8250	00	0000003007273	0	0	0	0	0	0	0	0
$1	1606	3315	1	0	0522	1.00	2590	21.12.17	14:45	1	30	2590	2590	00	5907502687706	0	0	0	0	0	0	0	0
$1	1606	3315	2	0	2024	1.00	2490	21.12.17	14:45	1	30	2490	2490	00	0000010020241	0	0	0	0	0	0	0	0
$1	1606	3315	3	0	1491	1.00	2790	21.12.17	14:45	3	30	2790	2790	00	5907804205301	0	0	0	0	0	0	0	0
$1	1606	3315	4	0	1491	1.00	2790	21.12.17	14:45	3	30	2790	2790	00	5907804205301	0	0	0	0	0	0	0	0
$1	1606	3315	5	0	0244	1.000	1590	21.12.17	14:45	1	30	1590	1590	00	0000000000000	0	0	0	0	0	0	0	0
$1	1606	3315	6	0	0002	2.000	2380	21.12.17	14:45	1	30	2380	2380	00	0000000000000	0	0	0	0	0	0	0	0
$1	1606	3316	1	0	3901	2.00	1900	21.12.17	14:46	1	30	1900	1900	00	0000028039013	0	0	0	0	0	0	0	0
$1	1606	3317	1	0	2053	1.00	2550	21.12.17	15:16	1	30	2550	2550	00	0000011020530	0	0	0	0	0	0	0	0
$1	1606	3318	1	0	3215	1.00	3550	21.12.17	15:23	1	30	3550	3550	00	0000024032155	0	0	0	0	0	0	0	0
$1	1606	3319	1	0	0182	1.000	620	21.12.17	15:32	2	30	620	620	00	0000000000000	0	0	0	0	0	0	0	0
$1	1606	3319	2	0	3042	1.00	750	21.12.17	15:32	2	30	750	750	00	0000020030421	0	0	0	0	0	0	0	0
$1	1606	3319	3	0	3091	1.00	550	21.12.17	15:32	2	30	550	550	00	0000020030919	0	0	0	0	0	0	0	0
$1	1606	3319	4	0	3092	1.00	650	21.12.17	15:32	2	30	650	650	00	0000020030926	0	0	0	0	0	0	0	0
$1	1606	3319	5	0	3656	1.00	3690	21.12.17	15:32	4	30	3690	3690	00	0000001036565	0	0	0	0	0	0	0	0
$1	1606	3319	6	0	1339	1.00	1390	21.12.17	15:32	3	30	1390	1390	00	0000006013394	0	0	0	0	0	0	0	0
$1	1606	3319	7	0	0895	1.00	3890	21.12.17	15:32	1	30	3890	3890	00	0000004008958	0	0	0	0	0	0	0	0
$1	1606	3319	8	0	0446	1.00	4200	21.12.17	15:32	1	30	4200	4200	00	0000024004466	0	0	0	0	0	0	0	0
$1	1606	3319	9	0	3364	1.00	8990	21.12.17	15:32	1	30	8990	8990	00	0000024033640	0	0	0	0	0	0	0	0
$1	1606	3320	1	0	2937	1.00	250	21.12.17	15:41	1	30	250	250	00	0000028029373	0	0	0	0	0	0	0	0
$1	1606	3320	2	0	3906	1.00	3950	21.12.17	15:41	1	30	3950	3950	00	0000028039068	0	0	0	0	0	0	0	0
$1	1606	3320	3	0	3907	1.00	7950	21.12.17	15:41	1	30	7950	7950	00	0000028039075	0	0	0	0	0	0	0	0
$1	1606	3320	4	0	1865	1.00	12190	21.12.17	15:41	1	30	12190	12190	00	0000008018656	0	0	0	0	0	0	0	0
$1	1606	3320	5	0	2714	1.00	1990	21.12.17	15:41	3	30	1990	1990	00	0000017027144	0	0	0	0	0	0	0	0
$1	1606	3321	1	0	2362	1.00	2490	21.12.17	15:44	1	30	2490	2490	00	0000016023628	0	0	0	0	0	0	0	0
$1	1606	3322	1	0	2955	1.00	4590	21.12.17	15:54	1	30	4590	4590	00	0000001029550	0	0	0	0	0	0	0	0
$1	1606	3323	1	0	3890	1.00	3350	21.12.17	16:05	1	30	3350	3350	00	0000023038905	0	0	0	0	0	0	0	0
$1	1606	3323	2	0	3221	1.00	4550	21.12.17	16:05	1	30	4550	4550	00	0000003032213	0	0	0	0	0	0	0	0
$1	1606	3324	1	0	0182	1.000	890	21.12.17	16:06	2	30	890	890	00	0000000000000	0	0	0	0	0	0	0	0
$1	1606	3325	1	0	0089	1.000	1090	21.12.17	16:41	3	30	1090	1090	00	0000000000000	0	0	0	0	0	0	0	0
$1	1606	3325	2	0	3901	1.00	950	21.12.17	16:41	1	30	950	950	00	0000028039013	0	0	0	0	0	0	0	0
$1	1606	3326	1	0	0570	1.00	690	21.12.17	16:43	1	30	690	690	00	5902249010503	0	0	0	0	0	0	0	0
$1	1606	3326	2	0	0582	1.00	2890	21.12.17	16:43	1	30	2890	2890	00	5902249010565	0	0	0	0	0	0	0	0
$1	1606	3327	1	0	1820	1.00	1890	21.12.17	16:48	1	30	1890	1890	00	5701278288101	0	0	0	0	0	0	0	0
$1	1606	3327	2	0	0182	1.000	540	21.12.17	16:48	2	30	540	540	00	0000000000000	0	0	0	0	0	0	0	0
$1	1606	3327	3	0	0038	1.000	820	21.12.17	16:48	1	30	820	820	00	0000000000000	0	0	0	0	0	0	0	0
$1	1606	3327	4	0	0182	2.000	3780	21.12.17	16:48	2	30	3780	3780	00	0000000000000	0	0	0	0	0	0	0	0
$1	1606	3328	1	0	1537	1.00	1850	21.12.17	16:57	3	30	1850	1850	00	0000007015373	0	0	0	0	0	0	0	0
$1	1606	3328	2	0	3485	1.00	2850	21.12.17	16:57	1	30	2850	2850	00	0000001034851	0	0	0	0	0	0	0	0
$1	1607	3330	1	0	2050	1.00	2550	21.12.18	09:42	1	30	2550	2550	00	0000011020509	0	0	0	0	0	0	0	0
$1	1607	3330	2	0	3901	1.00	950	21.12.18	09:42	1	30	950	950	00	0000028039013	0	0	0	0	0	0	0	0
$1	1607	3331	1	0	3150	1.00	3290	21.12.18	09:44	1	30	3290	3290	00	0000028031505	0	0	0	0	0	0	0	0
$1	1607	3331	2	0	3901	1.00	950	21.12.18	09:44	1	30	950	950	00	0000028039013	0	0	0	0	0	0	0	0
$1	1607	3332	1	0	0031	1.000	7800	21.12.18	09:47	1	30	7800	7800	00	0000000000000	0	0	0	0	0	0	0	0
$1	1607	3332	2	0	0086	1.000	490	21.12.18	09:47	1	30	490	490	00	0000000000000	0	0	0	0	0	0	0	0
$1	1607	3333	1	0	3945	1.00	1490	21.12.18	10:13	1	30	1490	1490	00	8691190967253	0	0	0	0	0	0	0	0
$1	1607	3333	2	0	3650	1.00	3190	21.12.18	10:13	1	30	3190	3190	00	0000009036505	0	0	0	0	0	0	0	0
$1	1607	3333	3	0	3651	1.00	3190	21.12.18	10:13	1	30	3190	3190	00	0000009036512	0	0	0	0	0	0	0	0
$1	1607	3333	4	0	0230	2.000	2980	21.12.18	10:13	1	30	2980	2980	00	0000000000000	0	0	0	0	0	0	0	0
$1	1607	3334	1	0	0026	4.000	4360	21.12.18	10:13	1	30	4360	4360	00	0000000000000	0	0	0	0	0	0	0	0
$1	1607	3335	1	0	1369	1.00	1990	21.12.18	10:14	1	30	1990	1990	00	0000006013691	0	0	0	0	0	0	0	0
$1	1607	3335	2	0	1296	1.00	3850	21.12.18	10:14	3	30	3850	3850	00	5902596671006	0	0	0	0	0	0	0	0
$1	1607	3335	3	0	2048	1.00	2190	21.12.18	10:14	2	30	2190	2190	00	0000006020484	0	0	0	0	0	0	0	0
$1	1607	3335	4	0	0093	1.000	1790	21.12.18	10:14	3	30	1790	1790	00	0000000000000	0	0	0	0	0	0	0	0
$1	1607	3336	1	0	0952	1.00	390	21.12.18	10:17	3	30	390	390	00	5906365702472	0	0	0	0	0	0	0	0
$1	1607	3336	2	0	0975	1.00	700	21.12.18	10:17	2	30	700	700	00	5905279799035	0	0	0	0	0	0	0	0
$1	1607	3336	3	0	2350	1.00	650	21.12.18	10:17	1	30	650	650	00	0000015023506	0	0	0	0	0	0	0	0
$1	1607	3336	4	0	1237	1.00	850	21.12.18	10:17	3	30	850	850	00	0000005012374	0	0	0	0	0	0	0	0
$1	1607	3336	5	0	1590	1.00	1350	21.12.18	10:17	1	30	1350	1350	00	0000007015908	0	0	0	0	0	0	0	0
$1	1607	3336	6	0	1594	1.00	1350	21.12.18	10:17	1	30	1350	1350	00	0000007015946	0	0	0	0	0	0	0	0
$1	1607	3337	1	0	2282	1.00	1850	21.12.18	10:20	1	30	1850	1850	00	0000014022821	0	0	0	0	0	0	0	0
$1	1607	3337	2	0	2307	1.00	3750	21.12.18	10:20	1	30	3750	3750	00	0000014023071	0	0	0	0	0	0	0	0
$1	1607	3337	3	0	3269	1.00	5900	21.12.18	10:20	1	30	5900	5900	00	0000014032691	0	0	0	0	0	0	0	0
$1	1607	3337	4	0	3926	1.00	650	21.12.18	10:20	1	30	650	650	00	0000014039263	0	0	0	0	0	0	0	0
$1	1607	3337	5	0	2293	1.00	3590	21.12.18	10:20	1	30	3590	3590	00	0000014022937	0	0	0	0	0	0	0	0
$1	1607	3338	1	0	1208	1.00	550	21.12.18	10:25	2	30	550	550	00	5909990312016	0	0	0	0	0	0	0	0
$1	1607	3338	2	0	1192	1.00	750	21.12.18	10:25	2	30	750	750	00	5909990219322	0	0	0	0	0	0	0	0
$1	1607	3338	3	0	0995	1.00	2290	21.12.18	10:25	2	30	2290	2290	00	5906365702830	0	0	0	0	0	0	0	0
$1	1607	3338	4	0	2663	1.00	590	21.12.18	10:25	3	30	590	590	00	0000017026635	0	0	0	0	0	0	0	0
$1	1607	3338	5	0	0972	1.00	390	21.12.18	10:25	3	30	390	390	00	5906365702359	0	0	0	0	0	0	0	0
$1	1607	3339	1	0	0002	1.000	1190	21.12.18	10:26	1	30	1190	1190	00	0000000000000	0	0	0	0	0	0	0	0
$1	1607	3340	1	0	0642	1.00	3090	21.12.18	10:27	1	30	3090	3090	00	5902249011562	0	0	0	0	0	0	0	0
$1	1607	3341	1	0	2759	1.00	2490	21.12.18	10:30	1	30	2490	2490	00	0000036027590	0	0	0	0	0	0	0	0
$1	1607	3341	2	0	2759	1.00	2490	21.12.18	10:30	1	30	2490	2490	00	0000036027590	0	0	0	0	0	0	0	0
$1	1607	3342	1	0	2351	1.00	2150	21.12.18	10:40	1	30	2150	2150	00	0000015023513	0	0	0	0	0	0	0	0
$1	1607	3343	1	0	1215	1.00	650	21.12.18	10:54	2	30	650	650	00	5909994311213	0	0	0	0	0	0	0	0
$1	1607	3343	2	0	1193	1.00	490	21.12.18	10:54	2	30	490	490	00	5909990195725	0	0	0	0	0	0	0	0
$1	1607	3343	3	0	1085	1.00	590	21.12.18	10:54	2	30	590	590	00	5906365702779	0	0	0	0	0	0	0	0
$1	1607	3343	4	0	1249	1.00	790	21.12.18	10:54	2	30	790	790	00	5909994310667	0	0	0	0	0	0	0	0
$1	1607	3343	5	0	3893	1.00	2250	21.12.18	10:54	1	30	2250	2250	00	0000023038936	0	0	0	0	0	0	0	0
$1	1607	3344	1	0	1191	1.00	450	21.12.18	11:00	2	30	450	450	00	5909990628490	0	0	0	0	0	0	0	0
$1	1607	3344	2	0	1230	1.00	450	21.12.18	11:00	2	30	450	450	00	5909994310766	0	0	0	0	0	0	0	0
$1	1607	3344	3	0	1233	1.00	650	21.12.18	11:00	2	30	650	650	00	5909990628223	0	0	0	0	0	0	0	0
$1	1607	3344	4	0	1233	1.00	650	21.12.18	11:00	2	30	650	650	00	5909990628223	0	0	0	0	0	0	0	0
$1	1607	3344	5	0	1192	1.00	750	21.12.18	11:00	2	30	750	750	00	5909990219322	0	0	0	0	0	0	0	0
$1	1607	3344	6	0	1202	1.00	590	21.12.18	11:00	2	30	590	590	00	5909994309326	0	0	0	0	0	0	0	0
$1	1607	3344	7	0	1202	1.00	590	21.12.18	11:00	2	30	590	590	00	5909994309326	0	0	0	0	0	0	0	0
$1	1607	3344	8	0	0988	1.00	790	21.12.18	11:00	1	30	790	790	00	0000005009886	0	0	0	0	0	0	0	0
$1	1607	3344	9	0	1031	1.00	1250	21.12.18	11:00	2	30	1250	1250	00	5905279799639	0	0	0	0	0	0	0	0
$1	1607	3344	10	0	0093	1.000	340	21.12.18	11:00	3	30	340	340	00	0000000000000	0	0	0	0	0	0	0	0
$1	1607	3345	1	0	2968	1.00	2490	21.12.18	11:01	2	30	2490	2490	00	0000019029689	0	0	0	0	0	0	0	0
$1	1607	3346	1	0	3651	1.00	3190	21.12.18	11:09	1	30	3190	3190	00	0000009036512	0	0	0	0	0	0	0	0
$1	1607	3347	1	0	0182	2.000	1380	21.12.18	11:16	2	30	1380	1380	00	0000000000000	0	0	0	0	0	0	0	0
$1	1607	3347	2	0	0182	2.000	1380	21.12.18	11:16	2	30	1380	1380	00	0000000000000	0	0	0	0	0	0	0	0
$1	1607	3347	3	0	0243	2.000	2380	21.12.18	11:16	1	30	2380	2380	00	0000000000000	0	0	0	0	0	0	0	0
$1	1607	3347	4	0	0226	1.000	1390	21.12.18	11:16	1	30	1390	1390	00	0000000000000	0	0	0	0	0	0	0	0
$1	1607	3347	5	0	0243	2.000	1720	21.12.18	11:16	1	30	1720	1720	00	0000000000000	0	0	0	0	0	0	0	0
$1	1607	3348	1	0	3233	1.00	5950	21.12.18	11:20	1	30	5950	5950	00	0000018032338	0	0	0	0	0	0	0	0
$1	1607	3348	2	0	3651	1.00	3190	21.12.18	11:20	1	30	3190	3190	00	0000009036512	0	0	0	0	0	0	0	0
$1	1607	3348	3	0	3650	1.00	3190	21.12.18	11:20	1	30	3190	3190	00	0000009036505	0	0	0	0	0	0	0	0
$1	1607	3348	4	0	3652	1.00	3190	21.12.18	11:20	1	30	3190	3190	00	0000009036529	0	0	0	0	0	0	0	0
$1	1607	3348	5	0	3907	1.00	7950	21.12.18	11:20	1	30	7950	7950	00	0000028039075	0	0	0	0	0	0	0	0
$1	1607	3349	1	0	0982	2.00	900	21.12.18	11:47	2	30	900	900	00	5907752643385	0	0	0	0	0	0	0	0
$1	1607	3349	2	0	1191	1.00	450	21.12.18	11:47	2	30	450	450	00	5909990628490	0	0	0	0	0	0	0	0
$1	1607	3349	3	0	1231	1.00	450	21.12.18	11:47	2	30	450	450	00	5909994310469	0	0	0	0	0	0	0	0
$1	1607	3350	1	0	0668	1.00	6490	21.12.18	12:02	1	30	6490	6490	00	5902249014853	0	0	0	0	0	0	0	0
$1	1607	3350	2	0	2053	1.00	2550	21.12.18	12:02	1	30	2550	2550	00	0000011020530	0	0	0	0	0	0	0	0
$1	1607	3350	3	0	1876	1.00	2590	21.12.18	12:02	1	30	2590	2590	00	0000008018762	0	0	0	0	0	0	0	0
$1	1607	3351	1	0	3150	1.00	3290	21.12.18	12:18	1	30	3290	3290	00	0000028031505	0	0	0	0	0	0	0	0
$1	1607	3351	2	0	3901	2.00	1900	21.12.18	12:18	1	30	1900	1900	00	0000028039013	0	0	0	0	0	0	0	0
$1	1607	3351	3	0	0182	2.000	980	21.12.18	12:18	2	30	980	980	00	0000000000000	0	0	0	0	0	0	0	0
$1	1607	3351	4	0	2026	3.00	7950	21.12.18	12:18	1	30	7950	7950	00	0000010020265	0	0	0	0	0	0	0	0
$1	1607	3351	5	0	3482	1.00	1890	21.12.18	12:18	1	30	1890	1890	00	0000001034820	0	0	0	0	0	0	0	0
$1	1607	3351	6	0	3487	1.00	1890	21.12.18	12:18	1	30	1890	1890	00	0000001034875	0	0	0	0	0	0	0	0
$1	1607	3351	7	0	1534	1.00	850	21.12.18	12:18	3	30	850	850	00	5906660810421	0	0	0	0	0	0	0	0
$1	1607	3351	8	0	1534	1.00	850	21.12.18	12:18	3	30	850	850	00	0000007015342	0	0	0	0	0	0	0	0
$1	1607	3351	9	0	0726	1.00	5900	21.12.18	12:18	1	30	5900	5900	00	0000003007266	0	0	0	0	0	0	0	0
$1	1607	3351	10	0	0736	1.00	4171	21.12.18	12:18	1	30	4171	4390	00	5902729030595	0	0	0	0	0	0	0	1
$1	1607	3352	1	0	3903	1.00	2290	21.12.18	12:20	1	30	2290	2290	00	0000028039037	0	0	0	0	0	0	0	0
$1	1607	3352	2	0	2934	1.00	6650	21.12.18	12:20	1	30	6650	6650	00	0000034029343	0	0	0	0	0	0	0	0
$1	1607	3352	3	0	0850	1.00	1990	21.12.18	12:20	1	30	1990	1990	00	0000004008507	0	0	0	0	0	0	0	0
$1	1607	3353	1	0	0034	1.000	1590	21.12.18	12:29	1	30	1590	1590	00	0000000000000	0	0	0	0	0	0	0	0
$1	1607	3353	2	0	0667	1.00	6490	21.12.18	12:29	1	30	6490	6490	00	5902249014846	0	0	0	0	0	0	0	0
$1	1607	3353	3	0	0041	1.000	890	21.12.18	12:29	1	30	890	890	00	0000000000000	0	0	0	0	0	0	0	0
$1	1607	3353	4	0	2350	2.00	1300	21.12.18	12:29	1	30	1300	1300	00	0000015023506	0	0	0	0	0	0	0	0
$1	1607	3354	1	0	1813	1.00	2990	21.12.18	12:32	1	30	2990	2990	00	0000008018137	0	0	0	0	0	0	0	0
$1	1607	3354	2	0	1814	1.00	2590	21.12.18	12:32	1	30	2590	2590	00	0000008018144	0	0	0	0	0	0	0	0
$1	1607	3355	1	0	3894	1.00	2750	21.12.18	12:35	1	30	2750	2750	00	0000023038943	0	0	0	0	0	0	0	0
$1	1607	3356	1	0	3896	1.00	2750	21.12.18	12:43	1	30	2750	2750	00	0000023038967	0	0	0	0	0	0	0	0
$1	1607	3356	2	0	0182	1.000	1190	21.12.18	12:43	2	30	1190	1190	00	0000000000000	0	0	0	0	0	0	0	0
$1	1607	3357	1	0	1280	1.00	1890	21.12.18	12:45	3	30	1890	1890	00	0000006012809	0	0	0	0	0	0	0	0
$1	1607	3357	2	0	3907	1.00	7950	21.12.18	12:45	1	30	7950	7950	00	0000028039075	0	0	0	0	0	0	0	0
$1	1607	3357	3	0	2308	1.00	3950	21.12.18	12:45	1	30	3950	3950	00	0000014023088	0	0	0	0	0	0	0	0
$1	1607	3358	1	0	1445	1.00	4750	21.12.18	12:47	1	30	4750	4750	00	0000034014455	0	0	0	0	0	0	0	0
$1	1607	3358	2	0	2307	1.00	3750	21.12.18	12:47	1	30	3750	3750	00	0000014023071	0	0	0	0	0	0	0	0
$1	1607	3358	3	0	0001	1.000	4590	21.12.18	12:47	1	30	4590	4590	00	0000000000000	0	0	0	0	0	0	0	0
$1	1607	3359	1	0	3901	1.00	950	21.12.18	13:35	1	30	950	950	00	0000028039013	0	0	0	0	0	0	0	0
$1	1607	3359	2	0	3901	1.00	950	21.12.18	13:35	1	30	950	950	00	0000028039013	0	0	0	0	0	0	0	0
$1	1607	3359	3	0	0065	1.000	300	21.12.18	13:35	1	30	300	300	00	0000000000000	0	0	0	0	0	0	0	0
$1	1607	3360	1	0	0541	1.00	2990	21.12.18	13:38	1	30	2990	2990	00	5902249010107	0	0	0	0	0	0	0	0
$1	1607	3360	2	0	2270	1.00	3590	21.12.18	13:38	1	30	3590	3590	00	0000014022708	0	0	0	0	0	0	0	0
$1	1607	3361	1	0	2408	1.00	2950	21.12.18	13:42	1	30	2950	2950	00	0000016024083	0	0	0	0	0	0	0	0
$1	1607	3362	1	0	2350	4.00	2600	21.12.18	13:55	1	30	2600	2600	00	0000015023506	0	0	0	0	0	0	0	0
$1	1608	3364	1	0	3659	1.00	3950	21.12.19	11:27	1	30	3950	3950	00	0000001036596	0	0	0	0	0	0	0	0
$1	1608	3364	2	0	3487	1.00	1890	21.12.19	11:27	1	30	1890	1890	00	0000001034875	0	0	0	0	0	0	0	0
$1	1608	3364	3	0	3644	1.00	5590	21.12.19	11:27	1	30	5590	5590	00	0000009036444	0	0	0	0	0	0	0	0
$1	1608	3364	4	0	3906	1.00	3950	21.12.19	11:27	1	30	3950	3950	00	0000028039068	0	0	0	0	0	0	0	0
$1	1608	3364	5	0	1292	1.00	2690	21.12.19	11:27	3	30	2690	2690	00	0000006012922	0	0	0	0	0	0	0	0
$1	1608	3364	6	0	3222	1.00	3250	21.12.19	11:27	1	30	3250	3250	00	0000035032229	0	0	0	0	0	0	0	0
$1	1608	3364	7	0	0041	1.000	2850	21.12.19	11:27	1	30	2850	2850	00	0000000000000	0	0	0	0	0	0	0	0
$1	1608	3365	1	0	0244	1.000	950	21.12.19	11:28	1	30	950	950	00	0000000000000	0	0	0	0	0	0	0	0
$1	1608	3366	1	0	0373	1.00	1450	21.12.19	11:50	1	30	1450	1450	00	5906874565285	0	0	0	0	0	0	0	0
$1	1608	3366	2	0	0041	1.000	1390	21.12.19	11:50	1	30	1390	1390	00	0000000000000	0	0	0	0	0	0	0	0
$1	1608	3366	3	0	1534	1.00	850	21.12.19	11:50	3	30	850	850	00	5906660810421	0	0	0	0	0	0	0	0
$1	1608	3366	4	0	0001	1.000	1450	21.12.19	11:50	1	30	1450	1450	00	0000000000000	0	0	0	0	0	0	0	0
$1	1608	3366	5	0	3473	1.00	2550	21.12.19	11:50	3	30	2550	2550	00	0000006034733	0	0	0	0	0	0	0	0
$1	1608	3366	6	0	0034	1.000	1550	21.12.19	11:50	1	30	1550	1550	00	0000000000000	0	0	0	0	0	0	0	0
$1	1608	3367	1	0	2350	2.00	1300	21.12.19	12:14	1	30	1300	1300	00	0000015023506	0	0	0	0	0	0	0	0
$1	1608	3368	1	0	0983	1.00	790	21.12.19	12:18	3	30	790	790	00	0000005009831	0	0	0	0	0	0	0	0
$1	1608	3369	1	0	1560	1.00	4250	21.12.19	13:10	3	30	4250	4250	00	5907804205363	0	0	0	0	0	0	0	0
$1	1608	3369	2	0	3643	1.00	890	21.12.19	13:10	2	30	890	890	00	0000020036430	0	0	0	0	0	0	0	0
$1	1608	3369	3	0	2466	1.00	1290	21.12.19	13:10	2	30	1290	1290	00	0000020024666	0	0	0	0	0	0	0	0
$1	1608	3369	4	0	2467	1.00	1190	21.12.19	13:10	2	30	1190	1190	00	0000020024673	0	0	0	0	0	0	0	0
$1	1608	3369	5	0	3265	1.00	1750	21.12.19	13:10	3	30	1750	1750	00	0000005032655	0	0	0	0	0	0	0	0
$1	1608	3369	6	0	2350	3.00	1950	21.12.19	13:10	1	30	1950	1950	00	0000015023506	0	0	0	0	0	0	0	0
$1	1608	3370	1	0	1815	1.00	2150	21.12.19	13:10	1	30	2150	2150	00	0000008018151	0	0	0	0	0	0	0	0
$1	1608	3371	1	0	0002	1.000	990	21.12.19	13:13	1	30	990	990	00	0000000000000	0	0	0	0	0	0	0	0
$1	1608	3372	1	0	4060	1.00	6950	21.12.19	13:15	2	30	6950	6950	00	0000027040607	0	0	0	0	0	0	0	0
$1	1608	3373	1	0	0761	1.00	3650	21.12.19	14:04	1	30	3650	3650	00	0000003007617	0	0	0	0	0	0	0	0
$1	1608	3373	2	0	1643	1.00	2190	21.12.19	14:04	1	30	2190	2190	00	0000007016431	0	0	0	0	0	0	0	0
$1	1608	3373	3	0	3920	1.00	1950	21.12.19	14:04	1	30	1950	1950	00	0000014039201	0	0	0	0	0	0	0	0
$1	1608	3374	1	0	3221	1.00	4550	21.12.19	15:17	1	30	4550	4550	00	0000003032213	0	0	0	0	0	0	0	0
$1	1608	3374	2	0	2692	1.00	1050	21.12.19	15:17	3	30	1050	1050	00	0000017026925	0	0	0	0	0	0	0	0
$1	1608	3374	3	0	0647	1.00	3090	21.12.19	15:17	1	30	3090	3090	00	0000002006475	0	0	0	0	0	0	0	0
$1	1608	3374	4	0	2352	1.00	4590	21.12.19	15:17	1	30	4590	4590	00	0000008023520	0	0	0	0	0	0	0	0
$1	1608	3374	5	0	2272	1.00	4390	21.12.19	15:17	1	30	4390	4390	00	0000014022722	0	0	0	0	0	0	0	0
$1	1608	3374	6	0	1708	1.00	1590	21.12.19	15:17	1	30	1590	1590	00	0000034017081	0	0	0	0	0	0	0	0
$1	1608	3374	7	0	1706	1.00	2990	21.12.19	15:17	1	30	2990	2990	00	0000034017067	0	0	0	0	0	0	0	0
$1	1608	3374	8	0	1710	1.00	2850	21.12.19	15:17	1	30	2850	2850	00	0000034017104	0	0	0	0	0	0	0	0
$1	1608	3375	1	0	3906	1.00	3950	21.12.19	15:23	1	30	3950	3950	00	0000028039068	0	0	0	0	0	0	0	0
$1	1608	3375	2	0	1605	1.00	790	21.12.19	15:23	1	30	790	790	00	0000007016059	0	0	0	0	0	0	0	0
$1	1608	3375	3	0	2927	1.00	8990	21.12.19	15:23	1	30	8990	8990	00	0000036029273	0	0	0	0	0	0	0	0
$1	1608	3376	1	0	3356	1.00	46	21.12.19	16:19	1	30	4590	4590	00	0000008033567	0	1	0	0	0	0	0	0
$1	1608	3376	2	0	2795	1.00	70	21.12.19	16:19	1	30	6950	6950	00	0000018027952	0	1	0	0	0	0	0	0
$1	1608	3376	3	0	3641	1.00	14	21.12.19	16:19	1	30	1390	1390	00	0000018036411	0	1	0	0	0	0	0	0
$1	1609	3378	1	0	0182	1.000	490	21.12.20	09:41	2	30	490	490	00	0000000000000	0	0	0	0	0	0	0	0
$1	1609	3379	1	0	2350	2.00	1300	21.12.20	09:45	1	30	1300	1300	00	0000015023506	0	0	0	0	0	0	0	0
$1	1609	3380	1	0	0002	1.000	1950	21.12.20	09:59	1	30	1950	1950	00	0000000000000	0	0	0	0	0	0	0	0
$1	1609	3380	2	0	3022	1.00	550	21.12.20	09:59	2	30	550	550	00	0000020030223	0	0	0	0	0	0	0	0
$1	1609	3380	3	0	3089	1.00	550	21.12.20	09:59	2	30	550	550	00	0000020030896	0	0	0	0	0	0	0	0
$1	1609	3381	1	0	0230	1.000	1490	21.12.20	10:08	1	30	1490	1490	00	0000000000000	0	0	0	0	0	0	0	0
$1	1609	3381	2	0	2173	1.00	850	21.12.20	10:08	1	30	850	850	00	0000013021733	0	0	0	0	0	0	0	0
$1	1609	3381	3	0	3043	1.00	700	21.12.20	10:08	2	30	700	700	00	0000020030438	0	0	0	0	0	0	0	0
$1	1609	3381	4	0	2350	1.00	650	21.12.20	10:08	1	30	650	650	00	0000015023506	0	0	0	0	0	0	0	0
$1	1609	3382	1	0	1926	1.00	1750	21.12.20	10:09	1	30	1750	1750	00	0000009019263	0	0	0	0	0	0	0	0
$1	1609	3382	2	0	1926	1.00	1750	21.12.20	10:09	1	30	1750	1750	00	0000009019263	0	0	0	0	0	0	0	0
$1	1609	3382	3	0	1901	1.00	1750	21.12.20	10:09	1	30	1750	1750	00	0000009019010	0	0	0	0	0	0	0	0
$1	1609	3383	1	0	0530	1.00	2690	21.12.20	10:21	1	30	2690	2690	00	5907502687867	0	0	0	0	0	0	0	0
$1	1609	3383	2	0	0026	2.000	1180	21.12.20	10:21	1	30	1180	1180	00	0000000000000	0	0	0	0	0	0	0	0
$1	1609	3384	1	0	0596	1.00	2950	21.12.20	10:28	1	30	2950	2950	00	5902249011012	0	0	0	0	0	0	0	0
$1	1609	3385	1	0	0182	2.000	980	21.12.20	10:41	2	30	980	980	00	0000000000000	0	0	0	0	0	0	0	0
$1	1609	3386	1	0	2350	1.00	650	21.12.20	11:17	1	30	650	650	00	0000015023506	0	0	0	0	0	0	0	0
$1	1609	3386	2	0	1231	1.00	450	21.12.20	11:17	2	30	450	450	00	5909994310469	0	0	0	0	0	0	0	0
$1	1609	3386	3	0	1016	1.00	450	21.12.20	11:17	3	30	450	450	00	5906365702380	0	0	0	0	0	0	0	0
$1	1609	3387	1	0	1183	3.00	1770	21.12.20	11:30	2	30	1770	1770	00	5909990628414	0	0	0	0	0	0	0	0
$1	1609	3388	1	0	2927	1.00	8990	21.12.20	11:49	1	30	8990	8990	00	0000036029273	0	0	0	0	0	0	0	0
$1	1609	3388	2	0	3089	2.00	1100	21.12.20	11:49	2	30	1100	1100	00	0000020030896	0	0	0	0	0	0	0	0
$1	1609	3389	1	0	3651	4.00	12760	21.12.20	11:53	1	30	12760	12760	00	0000009036512	0	0	0	0	0	0	0	0
$1	1609	3390	1	0	1543	1.00	4750	21.12.20	11:59	3	30	4750	4750	00	0000007015434	0	0	0	0	0	0	0	0
$1	1609	3391	1	0	3917	1.00	9750	21.12.20	12:03	1	30	9750	9750	00	0000002039176	0	0	0	0	0	0	0	0
$1	1609	3392	1	0	3450	1.00	5690	21.12.20	12:12	1	30	5690	5690	00	0000024034500	0	0	0	0	0	0	0	0
$1	1609	3392	2	0	3381	1.00	11050	21.12.20	12:12	1	30	11050	11050	00	0000024033817	0	0	0	0	0	0	0	0
$1	1609	3393	1	0	2350	3.00	1950	21.12.20	12:15	1	30	1950	1950	00	0000015023506	0	0	0	0	0	0	0	0
$1	1609	3394	1	0	1529	1.00	5590	21.12.20	12:18	3	30	5590	5590	00	0000007015298	0	0	0	0	0	0	0	0
$1	1609	3395	1	0	0230	1.000	1490	21.12.20	12:20	1	30	1490	1490	00	0000000000000	0	0	0	0	0	0	0	0
$1	1609	3395	2	0	3089	1.00	550	21.12.20	12:20	2	30	550	550	00	0000020030896	0	0	0	0	0	0	0	0
$1	1609	3396	1	0	3657	1.00	3950	21.12.20	12:32	1	30	3950	3950	00	0000001036572	0	0	0	0	0	0	0	0
$1	1609	3397	1	0	0041	1.000	1390	21.12.20	12:44	1	30	1390	1390	00	0000000000000	0	0	0	0	0	0	0	0
$10	1609	3397	1	0	3869	23.90	61901	21.12.20	12:44	1	30	61901	61901	00	5907618131049	0	0	0	0	0	0	0	0
$1	1609	3397	2	0	3869	1.00	2590	21.12.20	12:44	1	30	2590	2590	00	5907618131049	0	0	0	0	0	0	0	0
$1	1609	3397	3	0	3698	1.00	2700	21.12.20	12:44	1	30	2700	2700	00	0000025036985	0	0	0	0	0	0	0	0
$1	1609	3397	4	0	0182	1.000	490	21.12.20	12:44	2	30	490	490	00	0000000000000	0	0	0	0	0	0	0	0
$1	1609	3397	5	0	0046	1.000	890	21.12.20	12:44	1	30	890	890	00	0000000000000	0	0	0	0	0	0	0	0
$1	1609	3397	6	0	0182	1.000	1890	21.12.20	12:44	2	30	1890	1890	00	0000000000000	0	0	0	0	0	0	0	0
$1	1609	3397	7	0	2956	1.00	3750	21.12.20	12:44	1	30	3750	3750	00	0000001029567	0	0	0	0	0	0	0	0
$1	1609	3397	8	0	2956	1.00	3750	21.12.20	12:44	1	30	3750	3750	00	0000001029567	0	0	0	0	0	0	0	0
$1	1609	3397	9	0	0004	1.000	1190	21.12.20	12:44	1	30	1190	1190	00	0000000000000	0	0	0	0	0	0	0	0
$1	1609	3397	10	0	3852	1.00	1090	21.12.20	12:44	1	30	1090	1090	00	0000026038520	0	0	0	0	0	0	0	0
$1	1609	3398	1	0	1028	1.00	790	21.12.20	12:48	2	30	790	790	00	5905279799363	0	0	0	0	0	0	0	0
$1	1609	3398	2	0	1191	1.00	450	21.12.20	12:48	2	30	450	450	00	5909990628490	0	0	0	0	0	0	0	0
$1	1609	3398	3	0	1115	1.00	450	21.12.20	12:48	2	30	450	450	00	5905279799615	0	0	0	0	0	0	0	0
$1	1609	3398	4	0	1016	1.00	450	21.12.20	12:48	3	30	450	450	00	5906365702380	0	0	0	0	0	0	0	0
$1	1609	3398	5	0	1237	1.00	850	21.12.20	12:48	3	30	850	850	00	0000005012374	0	0	0	0	0	0	0	0
$1	1609	3399	1	0	1249	1.00	790	21.12.20	12:54	2	30	790	790	00	5909994310667	0	0	0	0	0	0	0	0
$1	1609	3400	1	0	1135	1.00	950	21.12.20	13:08	2	30	950	950	00	0000005011353	0	0	0	0	0	0	0	0
$1	1609	3401	1	0	2417	1.00	2790	21.12.20	13:12	1	30	2790	2790	00	0000016024175	0	0	0	0	0	0	0	0
$1	1609	3401	2	0	2394	1.00	2150	21.12.20	13:12	1	30	2150	2150	00	0000016023949	0	0	0	0	0	0	0	0
$1	1609	3402	1	0	0031	1.000	7800	21.12.20	13:16	1	30	7800	7800	00	0000000000000	0	0	0	0	0	0	0	0
$1	1609	3403	1	0	2307	3.00	11250	21.12.20	13:27	1	30	11250	11250	00	0000014023071	0	0	0	0	0	0	0	0
$1	1609	3404	1	0	0698	1.00	4650	21.12.20	14:10	1	30	4650	4650	00	0000024006989	0	0	0	0	0	0	0	0
$1	1609	3404	2	0	0788	1.00	4750	21.12.20	14:10	1	30	4750	4750	00	0000003007884	0	0	0	0	0	0	0	0
$1	1609	3404	3	0	2024	2.00	3980	21.12.20	14:10	1	30	3980	4980	00	0000010020241	0	0	0	0	0	0	0	1
$1	1609	3405	1	0	3739	1.00	650	21.12.20	14:26	1	30	650	650	00	0000025037395	0	0	0	0	0	0	0	0
$1	1609	3405	2	0	3793	1.00	350	21.12.20	14:26	1	30	350	350	00	0000025037937	0	0	0	0	0	0	0	0
$1	1609	3405	3	0	3355	1.00	3990	21.12.20	14:26	1	30	3990	3990	00	0000008033550	0	0	0	0	0	0	0	0
$1	1609	3405	4	0	0230	1.000	1490	21.12.20	14:26	1	30	1490	1490	00	0000000000000	0	0	0	0	0	0	0	0
$1	1609	3405	5	0	2053	1.00	2550	21.12.20	14:26	1	30	2550	2550	00	0000011020530	0	0	0	0	0	0	0	0
$1	1609	3406	1	0	0031	1.000	7800	21.12.20	14:42	1	30	7800	7800	00	0000000000000	0	0	0	0	0	0	0	0
$1	1609	3407	1	0	0182	1.000	1250	21.12.20	14:45	2	30	1250	1250	00	0000000000000	0	0	0	0	0	0	0	0
$1	1609	3408	1	0	0140	1.000	1140	21.12.20	14:48	1	30	1140	1140	00	0000000000000	0	0	0	0	0	0	0	0
$1	1609	3408	2	0	2053	1.00	2550	21.12.20	14:48	1	30	2550	2550	00	0000011020530	0	0	0	0	0	0	0	0
$1	1609	3409	1	0	1534	2.00	1700	21.12.20	15:03	3	30	1700	1700	00	5906660810421	0	0	0	0	0	0	0	0
$1	1609	3409	2	0	1510	1.00	990	21.12.20	15:03	3	30	990	990	00	5906660810575	0	0	0	0	0	0	0	0
$1	1609	3409	3	0	0726	1.00	5900	21.12.20	15:03	1	30	5900	5900	00	0000003007266	0	0	0	0	0	0	0	0
$1	1609	3409	4	0	3482	1.00	1890	21.12.20	15:03	1	30	1890	1890	00	0000001034820	0	0	0	0	0	0	0	0
$1	1609	3409	5	0	3650	1.00	3190	21.12.20	15:03	1	30	3190	3190	00	0000009036505	0	0	0	0	0	0	0	0
$1	1609	3410	1	0	0182	1.000	1890	21.12.20	15:09	2	30	1890	1890	00	0000000000000	0	0	0	0	0	0	0	0
$1	1609	3410	2	0	1339	1.00	1390	21.12.20	15:09	3	30	1390	1390	00	0000006013394	0	0	0	0	0	0	0	0
$1	1609	3410	3	0	3051	1.00	1050	21.12.20	15:09	3	30	1050	1050	00	0000020030513	0	0	0	0	0	0	0	0
$1	1609	3410	4	0	1606	1.00	750	21.12.20	15:09	1	30	750	750	00	0000007016066	0	0	0	0	0	0	0	0
$1	1609	3410	5	0	3089	1.00	550	21.12.20	15:09	2	30	550	550	00	0000020030896	0	0	0	0	0	0	0	0
$1	1609	3410	6	0	1587	1.00	1350	21.12.20	15:09	1	30	1350	1350	00	0000007015878	0	0	0	0	0	0	0	0
$1	1609	3411	1	0	2053	1.00	2550	21.12.20	15:15	1	30	2550	2550	00	0000011020530	0	0	0	0	0	0	0	0
$1	1609	3411	2	0	0034	1.000	2990	21.12.20	15:15	1	30	2990	2990	00	0000000000000	0	0	0	0	0	0	0	0
$1	1609	3412	1	0	2053	2.00	5100	21.12.20	15:28	1	30	5100	5100	00	0000011020530	0	0	0	0	0	0	0	0
$1	1609	3413	1	0	0182	1.000	2190	21.12.20	15:34	2	30	2190	2190	00	0000000000000	0	0	0	0	0	0	0	0
$1	1609	3414	1	0	1040	2.00	900	21.12.20	15:36	2	30	900	900	00	5906365702847	0	0	0	0	0	0	0	0
$1	1609	3415	1	0	1339	1.00	1390	21.12.20	15:37	3	30	1390	1390	00	0000006013394	0	0	0	0	0	0	0	0
$1	1609	3416	1	0	3901	1.00	950	21.12.20	15:39	1	30	950	950	00	0000028039013	0	0	0	0	0	0	0	0
$1	1609	3416	2	0	2050	1.00	2550	21.12.20	15:39	1	30	2550	2550	00	0000011020509	0	0	0	0	0	0	0	0
$1	1609	3417	1	0	1230	1.00	450	21.12.20	15:44	2	30	450	450	00	5909994310766	0	0	0	0	0	0	0	0
$1	1609	3417	2	0	0002	1.000	1090	21.12.20	15:44	1	30	1090	1090	00	0000000000000	0	0	0	0	0	0	0	0
$1	1609	3418	1	0	3901	2.00	1900	21.12.20	15:45	1	30	1900	1900	00	0000028039013	0	0	0	0	0	0	0	0
$1	1609	3419	1	0	3722	1.00	790	21.12.20	16:08	1	30	790	790	00	0000025037227	0	0	0	0	0	0	0	0
$1	1609	3419	2	0	0002	2.000	1720	21.12.20	16:08	1	30	1720	1720	00	0000000000000	0	0	0	0	0	0	0	0
$1	1609	3419	3	0	0195	1.000	1050	21.12.20	16:08	1	30	1050	1050	00	0000000000000	0	0	0	0	0	0	0	0
$1	1609	3420	1	0	0002	1.000	810	21.12.20	16:10	1	30	810	810	00	0000000000000	0	0	0	0	0	0	0	0
$1	1609	3421	1	0	2350	2.00	1300	21.12.20	16:23	1	30	1300	1300	00	0000015023506	0	0	0	0	0	0	0	0
$12	1609	1	1	0	2863	1.00	4550	21.12.20	17:22	1	30	4550	4550	00	0000018028638	0	0	0	0	0	0	0	0
$12	1609	1	2	0	0843	1.00	4490	21.12.20	17:22	1	30	4490	4490	00	0000024008433	0	0	0	0	0	0	0	0
$12	1609	1	3	0	1513	1.00	2050	21.12.20	17:22	3	30	2050	2050	00	0000007015137	0	0	0	0	0	0	0	0
$1	1609	3423	1	0	3901	1.00	950	21.12.20	17:23	1	30	950	950	00	0000028039013	0	0	0	0	0	0	0	0
$1	1609	3423	2	0	2050	1.00	2550	21.12.20	17:23	1	30	2550	2550	00	0000011020509	0	0	0	0	0	0	0	0
$1	1609	3423	3	0	3652	1.00	3190	21.12.20	17:23	1	30	3190	3190	00	0000009036529	0	0	0	0	0	0	0	0
$1	1609	3423	4	0	1562	1.00	2550	21.12.20	17:23	3	30	2550	2550	00	0000007015625	0	0	0	0	0	0	0	0
$1	1609	3424	1	0	0027	1.000	1850	21.12.20	17:27	1	30	1850	1850	00	0000000000000	0	0	0	0	0	0	0	0
$1	1609	3424	2	0	0002	1.000	990	21.12.20	17:27	1	30	990	990	00	0000000000000	0	0	0	0	0	0	0	0
$1	1609	3424	3	0	3538	1.00	6490	21.12.20	17:27	1	30	6490	6490	00	0000024035385	0	0	0	0	0	0	0	0
$1	1609	3424	4	0	1513	1.00	2050	21.12.20	17:27	3	30	2050	2050	00	0000007015137	0	0	0	0	0	0	0	0
$1	1609	3424	5	0	2863	1.00	4550	21.12.20	17:27	1	30	4550	4550	00	0000018028638	0	0	0	0	0	0	0	0
$1	1609	3424	6	0	0843	1.00	4490	21.12.20	17:27	1	30	4490	4490	00	0000024008433	0	0	0	0	0	0	0	0
$1	1610	3429	1	0	3901	2.00	1900	21.12.21	10:17	1	30	1900	1900	00	0000028039013	0	0	0	0	0	0	0	0
$1	1610	3429	2	0	0182	1.000	1250	21.12.21	10:17	2	30	1250	1250	00	0000000000000	0	0	0	0	0	0	0	0
$1	1610	3429	3	0	3650	1.00	3190	21.12.21	10:17	1	30	3190	3190	00	0000009036505	0	0	0	0	0	0	0	0
$1	1610	3430	1	0	1426	1.00	5190	21.12.21	10:55	1	30	5190	5190	00	0000024014267	0	0	0	0	0	0	0	0
$1	1610	3430	2	0	0697	1.00	3490	21.12.21	10:55	1	30	3490	3490	00	0000024006972	0	0	0	0	0	0	0	0
$1	1610	3431	1	0	1253	1.00	4450	21.12.21	11:07	1	30	4450	4450	00	0000024012539	0	0	0	0	0	0	0	0
$1	1610	3431	2	0	1253	1.00	4450	21.12.21	11:07	1	30	4450	4450	00	0000024012539	0	0	0	0	0	0	0	0
$1	1610	3432	1	0	1503	1.00	2450	21.12.21	11:18	3	30	2450	2450	00	0000007015038	0	0	0	0	0	0	0	0
$1	1610	3433	1	0	1543	1.00	4750	21.12.21	11:37	3	30	4750	4750	00	5907804205073	0	0	0	0	0	0	0	0
$1	1610	3433	2	0	1814	1.00	2590	21.12.21	11:37	1	30	2590	2590	00	0000008018144	0	0	0	0	0	0	0	0
$1	1610	3433	3	0	3225	1.00	3990	21.12.21	11:37	1	30	3990	3990	00	0000008032256	0	0	0	0	0	0	0	0
$1	1610	3433	4	0	1815	1.00	2150	21.12.21	11:37	1	30	2150	2150	00	0000008018151	0	0	0	0	0	0	0	0
$1	1610	3433	5	0	1841	1.00	3190	21.12.21	11:37	1	30	3190	3190	00	0000008018410	0	0	0	0	0	0	0	0
$1	1610	3433	6	0	1823	1.00	2650	21.12.21	11:37	1	30	2650	2650	00	0000008018236	0	0	0	0	0	0	0	0
$1	1610	3434	1	0	0457	1.00	1290	21.12.21	11:39	1	30	1290	1290	00	0000002004570	0	0	0	0	0	0	0	0
$1	1610	3435	1	0	0093	1.000	690	21.12.21	11:47	3	30	690	690	00	0000000000000	0	0	0	0	0	0	0	0
$1	1610	3435	2	0	3660	1.00	4650	21.12.21	11:47	1	30	4650	4650	00	0000001036602	0	0	0	0	0	0	0	0
$1	1610	3435	3	0	3657	1.00	3950	21.12.21	11:47	1	30	3950	3950	00	0000001036572	0	0	0	0	0	0	0	0
$1	1610	3435	4	0	2956	1.00	3750	21.12.21	11:47	1	30	3750	3750	00	0000001029567	0	0	0	0	0	0	0	0
$1	1610	3436	1	0	3089	1.00	550	21.12.21	11:51	2	30	550	550	00	0000020030896	0	0	0	0	0	0	0	0
$1	1610	3436	2	0	3028	1.00	650	21.12.21	11:51	2	30	650	650	00	0000020030285	0	0	0	0	0	0	0	0
$1	1610	3436	3	0	0002	1.000	2190	21.12.21	11:51	1	30	2190	2190	00	0000000000000	0	0	0	0	0	0	0	0
$1	1610	3436	4	0	0026	1.000	590	21.12.21	11:51	1	30	590	590	00	0000000000000	0	0	0	0	0	0	0	0
$1	1610	3437	1	0	3227	1.00	5850	21.12.21	12:15	1	30	5850	5850	00	0000004032274	0	0	0	0	0	0	0	0
$1	1610	3437	2	0	1841	1.00	3190	21.12.21	12:15	1	30	3190	3190	00	0000008018410	0	0	0	0	0	0	0	0
$1	1610	3437	3	0	0026	1.000	1090	21.12.21	12:15	1	30	1090	1090	00	0000000000000	0	0	0	0	0	0	0	0
$1	1610	3437	4	0	2024	1.00	2490	21.12.21	12:15	1	30	2490	2490	00	0000010020241	0	0	0	0	0	0	0	0
$1	1610	3437	5	0	0856	1.00	7400	21.12.21	12:15	1	30	7400	7400	00	0000004008569	0	0	0	0	0	0	0	0
$1	1610	3438	1	0	0026	1.000	3990	21.12.21	12:16	1	30	3990	3990	00	0000000000000	0	0	0	0	0	0	0	0
$1	1610	3438	2	0	0051	1.000	3650	21.12.21	12:16	1	30	3650	3650	00	0000000000000	0	0	0	0	0	0	0	0
$12	1610	1	1	0	3274	1.00	700	21.12.21	12:26	2	30	700	700	00	5903850003595	0	0	0	0	0	0	0	0
$1	1610	3440	1	0	2053	2.00	5100	21.12.21	12:36	1	30	5100	5100	00	0000011020530	0	0	0	0	0	0	0	0
$1	1610	3440	2	0	1314	1.00	3590	21.12.21	12:36	3	30	3590	3590	00	0000006013141	0	0	0	0	0	0	0	0
$1	1610	3441	1	0	0031	1.000	11450	21.12.21	12:37	1	30	11450	11450	00	0000000000000	0	0	0	0	0	0	0	0
$1	1610	3442	1	0	2955	1.00	4590	21.12.21	12:48	1	30	4590	4590	00	0000001029550	0	0	0	0	0	0	0	0
$1	1610	3443	1	0	0846	1.00	3690	21.12.21	12:56	1	30	3690	3690	00	0000024008464	0	0	0	0	0	0	0	0
$1	1610	3443	2	0	2323	1.00	4800	21.12.21	12:56	1	30	4800	4800	00	0000014023231	0	0	0	0	0	0	0	0
$1	1610	3444	1	0	1868	1.00	9990	21.12.21	13:01	1	30	9990	9990	00	0000008018687	0	0	0	0	0	0	0	0
$1	1610	3445	1	0	0002	1.000	1090	21.12.21	13:05	1	30	1090	1090	00	0000000000000	0	0	0	0	0	0	0	0
$1	1610	3445	2	0	0002	2.000	2380	21.12.21	13:05	1	30	2380	2380	00	0000000000000	0	0	0	0	0	0	0	0
$1	1610	3445	3	0	0230	3.000	4470	21.12.21	13:05	1	30	4470	4470	00	0000000000000	0	0	0	0	0	0	0	0
$1	1610	3446	1	0	2440	1.00	2790	21.12.21	13:28	1	30	2790	2790	00	0000016024403	0	0	0	0	0	0	0	0
$1	1610	3447	1	0	0002	1.000	1990	21.12.21	13:50	1	30	1990	1990	00	0000000000000	0	0	0	0	0	0	0	0
$1	1610	3448	1	0	0026	1.000	2390	21.12.21	13:53	1	30	2390	2390	00	0000000000000	0	0	0	0	0	0	0	0
$1	1610	3449	1	0	1543	1.00	4750	21.12.21	13:57	3	30	4750	4750	00	5907804205073	0	0	0	0	0	0	0	0
$1	1610	3449	2	0	0182	2.000	4380	21.12.21	13:57	2	30	4380	4380	00	0000000000000	0	0	0	0	0	0	0	0
$1	1610	3449	3	0	0182	1.000	2190	21.12.21	13:57	2	30	2190	2190	00	0000000000000	0	0	0	0	0	0	0	0
$1	1610	3449	4	0	0002	1.000	1190	21.12.21	13:57	1	30	1190	1190	00	0000000000000	0	0	0	0	0	0	0	0
$1	1610	3449	5	0	0182	2.000	2300	21.12.21	13:57	2	30	2300	2300	00	0000000000000	0	0	0	0	0	0	0	0
$1	1610	3450	1	0	3914	1.00	6990	21.12.21	13:59	1	30	6990	6990	00	0000002039145	0	0	0	0	0	0	0	0
$1	1610	3451	1	0	3480	1.00	2500	21.12.21	14:22	1	30	2500	2500	00	5900168907669	0	0	0	0	0	0	0	0
$1	1610	3451	2	0	3481	1.00	2500	21.12.21	14:22	1	30	2500	2500	00	5900168907638	0	0	0	0	0	0	0	0
$1	1610	3451	3	0	2757	1.00	4990	21.12.21	14:22	1	30	4990	4990	00	0000024027571	0	0	0	0	0	0	0	0
$1	1610	3451	4	0	0836	1.00	3850	21.12.21	14:22	1	30	3850	3850	00	0000024008365	0	0	0	0	0	0	0	0
$1	1610	3451	5	0	2024	2.00	3980	21.12.21	14:22	1	30	3980	4980	00	0000010020241	0	0	0	0	0	0	0	1
$1	1610	3451	6	0	0851	1.00	1990	21.12.21	14:22	1	30	1990	1990	00	0000004008514	0	0	0	0	0	0	0	0
$1	1610	3451	7	0	3637	1.00	3990	21.12.21	14:22	1	30	3990	3990	00	0000018036374	0	0	0	0	0	0	0	0
$1	1610	3451	8	0	3168	1.00	2890	21.12.21	14:22	1	30	2890	2890	00	0000018031683	0	0	0	0	0	0	0	0
$1	1610	3451	9	0	2926	1.00	990	21.12.21	14:22	1	30	990	990	00	0000018029260	0	0	0	0	0	0	0	0
$1	1610	3451	10	0	3740	1.00	490	21.12.21	14:22	1	30	490	490	00	0000025037401	0	0	0	0	0	0	0	0
$1	1610	3451	11	0	0026	2.000	1980	21.12.21	14:22	1	30	1980	1980	00	0000000000000	0	0	0	0	0	0	0	0
$1	1610	3452	1	0	3124	1.00	890	21.12.21	14:26	1	30	890	890	00	0000020031244	0	0	0	0	0	0	0	0
$1	1610	3453	1	0	1226	1.00	490	21.12.21	14:30	2	30	490	490	00	5909990219025	0	0	0	0	0	0	0	0
$1	1610	3454	1	0	2350	2.00	1300	21.12.21	14:39	1	30	1300	1300	00	0000015023506	0	0	0	0	0	0	0	0
$1	1610	3455	1	0	2053	1.00	2550	21.12.21	14:52	1	30	2550	2550	00	0000011020530	0	0	0	0	0	0	0	0
$1	1610	3456	1	0	0988	1.00	790	21.12.21	15:10	1	30	790	790	00	5906365702441	0	0	0	0	0	0	0	0
$1	1610	3456	2	0	0002	1.000	1140	21.12.21	15:10	1	30	1140	1140	00	0000000000000	0	0	0	0	0	0	0	0
$1	1610	3456	3	0	0002	1.000	990	21.12.21	15:10	1	30	990	990	00	0000000000000	0	0	0	0	0	0	0	0
$1	1610	3456	4	0	3343	1.00	2690	21.12.21	15:10	1	30	2690	2690	00	0000002033433	0	0	0	0	0	0	0	0
$1	1610	3456	5	0	0026	1.000	1090	21.12.21	15:10	1	30	1090	1090	00	0000000000000	0	0	0	0	0	0	0	0
$1	1610	3456	6	0	3906	1.00	3950	21.12.21	15:10	1	30	3950	3950	00	0000028039068	0	0	0	0	0	0	0	0
$1	1610	3456	7	0	3906	1.00	3950	21.12.21	15:10	1	30	3950	3950	00	0000028039068	0	0	0	0	0	0	0	0
$1	1610	3457	1	0	2411	1.00	1250	21.12.21	15:19	1	30	1250	1250	00	0000016024113	0	0	0	0	0	0	0	0
$1	1610	3457	2	0	0256	1.000	640	21.12.21	15:19	1	30	640	640	00	0000000000000	0	0	0	0	0	0	0	0
$1	1610	3458	1	0	2053	2.00	5100	21.12.21	15:33	1	30	5100	5100	00	0000011020530	0	0	0	0	0	0	0	0
$12	1610	2	1	0	3394	1.00	2590	21.12.21	15:40	1	30	2590	2590	00	0000023033948	0	0	0	0	0	0	0	0
$12	1610	2	2	0	3394	1.00	2590	21.12.21	15:40	1	30	2590	2590	00	0000023033948	0	0	0	0	0	0	0	0
$1	1610	3460	1	0	3394	1.00	2590	21.12.21	15:42	1	30	2590	2590	00	0000023033948	0	0	0	0	0	0	0	0
$1	1610	3461	1	0	0002	1.000	990	21.12.21	15:54	1	30	990	990	00	0000000000000	0	0	0	0	0	0	0	0
$1	1610	3462	1	0	0817	1.00	4690	21.12.21	16:21	1	30	4690	4690	00	0000024008174	0	0	0	0	0	0	0	0
$1	1610	3462	2	0	0818	1.00	4390	21.12.21	16:21	1	30	4390	4390	00	0000024008181	0	0	0	0	0	0	0	0
$1	1610	3462	3	0	0225	1.000	200	21.12.21	16:21	1	30	200	200	00	0000000000000	0	0	0	0	0	0	0	0
$1	1610	3463	1	0	3058	1.00	890	21.12.21	16:27	2	30	890	890	00	0000020030582	0	0	0	0	0	0	0	0
$1	1610	3463	2	0	3058	1.00	890	21.12.21	16:27	2	30	890	890	00	0000020030582	0	0	0	0	0	0	0	0
$1	1610	3463	3	0	1602	1.00	750	21.12.21	16:27	1	30	750	750	00	0000007016028	0	0	0	0	0	0	0	0
$1	1610	3463	4	0	1606	1.00	750	21.12.21	16:27	1	30	750	750	00	0000007016066	0	0	0	0	0	0	0	0
$1	1610	3463	5	0	1605	1.00	790	21.12.21	16:27	1	30	790	790	00	0000007016059	0	0	0	0	0	0	0	0
$1	1610	3464	1	0	2052	1.00	9800	21.12.21	16:41	1	30	9800	9800	00	0000011020523	0	0	0	0	0	0	0	0
$1	1610	3464	2	0	2052	1.00	9800	21.12.21	16:41	1	30	9800	9800	00	0000011020523	0	0	0	0	0	0	0	0
$1	1610	3465	1	0	0363	1.00	1390	21.12.21	16:46	1	30	1390	1390	00	5900168902923	0	0	0	0	0	0	0	0
$1	1610	3465	2	0	1996	1.00	3890	21.12.21	16:46	1	30	3890	3890	00	0000009019966	0	0	0	0	0	0	0	0
$1	1611	3467	1	0	1014	1.00	450	21.12.22	10:14	2	30	450	450	00	5906365702526	0	0	0	0	0	0	0	0
$1	1611	3468	1	0	2053	1.00	2550	21.12.22	10:42	1	30	2550	2550	00	0000011020530	0	0	0	0	0	0	0	0
$1	1611	3469	1	0	3903	1.00	2150	21.12.22	11:03	1	30	2150	2290	00	0000028039037	0	0	0	0	0	0	0	1
$1	1611	3470	1	0	1191	1.00	450	21.12.22	11:12	2	30	450	450	00	5909990628490	0	0	0	0	0	0	0	0
$1	1611	3471	1	0	2946	1.00	2250	21.12.22	11:21	1	30	2250	2250	00	0000031029469	0	0	0	0	0	0	0	0
$1	1611	3471	2	0	3341	1.00	2990	21.12.22	11:21	1	30	2990	2990	00	0000002033419	0	0	0	0	0	0	0	0
$1	1611	3471	3	0	3651	1.00	3190	21.12.22	11:21	1	30	3190	3190	00	0000009036512	0	0	0	0	0	0	0	0
$1	1611	3471	4	0	3889	1.00	2590	21.12.22	11:21	1	30	2590	2590	00	0000023038899	0	0	0	0	0	0	0	0
$1	1611	3471	5	0	3889	1.00	2590	21.12.22	11:21	1	30	2590	2590	00	0000023038899	0	0	0	0	0	0	0	0
$1	1611	3472	1	0	0002	1.000	1990	21.12.22	11:45	1	30	1990	1990	00	0000000000000	0	0	0	0	0	0	0	0
$1	1611	3472	2	0	3670	1.00	3050	21.12.22	11:45	1	30	3050	3050	00	0000023036703	0	0	0	0	0	0	0	0
$1	1611	3472	3	0	0686	1.00	3590	21.12.22	11:45	1	30	3590	3590	00	0000024006866	0	0	0	0	0	0	0	0
$1	1611	3472	4	0	0687	1.00	3590	21.12.22	11:45	1	30	3590	3590	00	0000024006873	0	0	0	0	0	0	0	0
$1	1611	3472	5	0	3392	1.00	3990	21.12.22	11:45	1	30	3990	3990	00	0000023033924	0	0	0	0	0	0	0	0
$1	1611	3472	6	0	3392	1.00	3990	21.12.22	11:45	1	30	3990	3990	00	0000023033924	0	0	0	0	0	0	0	0
$1	1611	3473	1	0	3658	1.00	6700	21.12.22	11:54	1	30	6700	6700	00	0000001036589	0	0	0	0	0	0	0	0
$1	1611	3473	2	0	0338	1.00	3250	21.12.22	11:54	1	30	3250	3250	00	5900168902350	0	0	0	0	0	0	0	0
$1	1611	3473	3	0	2050	1.00	2550	21.12.22	11:54	1	30	2550	2550	00	0000011020509	0	0	0	0	0	0	0	0
$1	1611	3474	1	0	1097	2.00	900	21.12.22	11:56	2	30	900	900	00	5909994310568	0	0	0	0	0	0	0	0
$1	1611	3475	1	0	2350	1.00	650	21.12.22	12:08	1	30	650	650	00	0000015023506	0	0	0	0	0	0	0	0
$1	1611	3475	2	0	1981	1.00	2550	21.12.22	12:08	2	30	2550	2550	00	0000009019812	0	0	0	0	0	0	0	0
$1	1611	3475	3	0	2048	1.00	2190	21.12.22	12:08	2	30	2190	2190	00	0000006020484	0	0	0	0	0	0	0	0
$1	1611	3476	1	0	3656	1.00	3690	21.12.22	12:26	4	30	3690	3690	00	0000001036565	0	0	0	0	0	0	0	0
$1	1611	3476	2	0	2714	1.00	1990	21.12.22	12:26	3	30	1990	1990	00	0000017027144	0	0	0	0	0	0	0	0
$1	1611	3476	3	0	1378	1.00	1990	21.12.22	12:26	1	30	1990	1990	00	0000006013783	0	0	0	0	0	0	0	0
$1	1611	3476	4	0	3125	1.00	750	21.12.22	12:26	2	30	750	750	00	0000020031251	0	0	0	0	0	0	0	0
$1	1611	3476	5	0	2948	1.00	3250	21.12.22	12:26	1	30	3250	3250	00	0000031029483	0	0	0	0	0	0	0	0
$1	1611	3476	6	0	2050	1.00	2550	21.12.22	12:26	1	30	2550	2550	00	0000011020509	0	0	0	0	0	0	0	0
$1	1611	3476	7	0	0032	1.000	920	21.12.22	12:26	1	30	920	920	00	0000000000000	0	0	0	0	0	0	0	0
$1	1611	3476	8	0	3739	1.00	650	21.12.22	12:26	1	30	650	650	00	0000025037395	0	0	0	0	0	0	0	0
$1	1611	3477	1	0	1652	1.00	1290	21.12.22	12:28	1	30	1290	1290	00	0000007016523	0	0	0	0	0	0	0	0
$1	1611	3478	1	0	2053	3.00	7650	21.12.22	12:37	1	30	7650	7650	00	0000011020530	0	0	0	0	0	0	0	0
$1	1611	3479	1	0	1271	1.00	2400	21.12.22	12:47	3	30	2400	2400	00	0000006012717	0	0	0	0	0	0	0	0
$1	1611	3479	2	0	0657	1.00	2900	21.12.22	12:47	1	30	2900	2900	00	0000002006574	0	0	0	0	0	0	0	0
$1	1611	3479	3	0	3638	1.00	11990	21.12.22	12:47	1	30	11990	11990	00	0000004036388	0	0	0	0	0	0	0	0
$1	1611	3479	4	0	0038	1.000	3490	21.12.22	12:47	1	30	3490	3490	00	0000000000000	0	0	0	0	0	0	0	0
$1	1611	3480	1	0	1339	1.00	1390	21.12.22	12:56	3	30	1390	1390	00	0000006013394	0	0	0	0	0	0	0	0
$1	1611	3481	1	0	3635	1.00	1550	21.12.22	13:38	1	30	1550	1550	00	0000008036353	0	0	0	0	0	0	0	0
$1	1611	3481	2	0	3635	1.00	1550	21.12.22	13:38	1	30	1550	1550	00	0000008036353	0	0	0	0	0	0	0	0
$1	1611	3481	3	0	1246	1.00	2850	21.12.22	13:38	1	30	2850	2850	00	0000005012466	0	0	0	0	0	0	0	0
$1	1611	3481	4	0	1246	1.00	2850	21.12.22	13:38	1	30	2850	2850	00	0000005012466	0	0	0	0	0	0	0	0
$1	1611	3482	1	0	3675	3.00	11970	21.12.22	14:06	1	30	11970	11970	00	0000023036758	0	0	0	0	0	0	0	0
$1	1611	3483	1	0	0333	1.00	1850	21.12.22	14:13	1	30	1850	1850	00	5900168907263	0	0	0	0	0	0	0	0
$1	1611	3483	2	0	3452	1.00	3650	21.12.22	14:13	1	30	3650	3650	00	0000024034524	0	0	0	0	0	0	0	0
$1	1611	3483	3	0	3092	1.00	650	21.12.22	14:13	2	30	650	650	00	0000020030926	0	0	0	0	0	0	0	0
$10	1611	3484	1	0	0041	1.000	1590	21.12.22	14:31	1	30	1590	1590	00	0000000000000	0	0	0	0	0	0	0	0
$10	1611	3484	2	0	2931	1.00	1390	21.12.22	14:31	1	30	1390	1390	00	0000036029310	0	0	0	0	0	0	0	0
$10	1611	3484	3	0	0034	2.000	3180	21.12.22	14:31	1	30	3180	3180	00	0000000000000	0	0	0	0	0	0	0	0
$1	1611	3484	1	0	1718	1.00	3650	21.12.22	14:31	1	30	3650	3650	00	0000034017180	0	0	0	0	0	0	0	0
$1	1611	3484	2	0	1716	1.00	3550	21.12.22	14:31	1	30	3550	3550	00	0000034017166	0	0	0	0	0	0	0	0
$1	1611	3484	3	0	0034	2.000	3180	21.12.22	14:31	1	30	3180	3180	00	0000000000000	0	0	0	0	0	0	0	0
$1	1611	3485	1	0	0731	1.00	4150	21.12.22	14:35	1	30	4150	4150	00	0000003007310	0	0	0	0	0	0	0	0
$1	1611	3486	1	0	1249	1.00	790	21.12.22	14:42	2	30	790	790	00	5909994310667	0	0	0	0	0	0	0	0
$1	1611	3487	1	0	1491	1.00	2790	21.12.22	14:55	3	30	2790	2790	00	0000007014918	0	0	0	0	0	0	0	0
$1	1611	3488	1	0	0182	1.000	1190	21.12.22	14:58	2	30	1190	1190	00	0000000000000	0	0	0	0	0	0	0	0
$1	1611	3489	1	0	0702	2.00	4300	21.12.22	15:34	1	30	4300	4300	00	0000003007020	0	0	0	0	0	0	0	0
$1	1611	3490	1	0	0066	1.000	12	21.12.22	15:48	1	30	1190	1190	00	0000000000000	0	1	0	0	0	0	0	0
$1	1611	3490	2	0	0713	1.00	22	21.12.22	15:48	1	30	2150	2150	00	0000003007136	0	1	0	0	0	0	0	0
$1	1611	3490	3	0	3891	1.00	28	21.12.22	15:48	1	30	2750	2750	00	0000023038912	0	1	0	0	0	0	0	0
$1	1611	3491	1	0	2097	1.00	7350	21.12.22	16:02	1	30	7350	7350	00	0000012020973	0	0	0	0	0	0	0	0
$1	1611	3491	2	0	0790	1.00	7900	21.12.22	16:02	1	30	7900	7900	00	0000003007907	0	0	0	0	0	0	0	0
$1	1611	3491	3	0	0727	1.00	8250	21.12.22	16:02	1	30	8250	8250	00	0000003007273	0	0	0	0	0	0	0	0
$1	1611	3491	4	0	0727	1.00	8250	21.12.22	16:02	1	30	8250	8250	00	0000003007273	0	0	0	0	0	0	0	0
$1	1611	3491	5	0	2071	1.00	4650	21.12.22	16:02	1	30	4650	4650	00	0000012020713	0	0	0	0	0	0	0	0
$1	1611	3492	1	0	1914	1.00	1750	21.12.22	16:30	1	30	1750	1750	00	0000009019140	0	0	0	0	0	0	0	0
$1	1611	3492	2	0	3653	1.00	1990	21.12.22	16:30	1	30	1990	1990	00	0000009036536	0	0	0	0	0	0	0	0
$10	1611	3493	1	0	3650	1.00	3190	21.12.22	16:40	1	30	3190	3190	00	0000009036505	0	0	0	0	0	0	0	0
$1	1611	3493	1	0	1444	1.00	1450	21.12.22	16:40	1	30	1450	1450	00	0000034014448	0	0	0	0	0	0	0	0
$1	1611	3493	2	0	1444	1.00	1450	21.12.22	16:40	1	30	1450	1450	00	0000034014448	0	0	0	0	0	0	0	0
$1	1611	3493	3	0	3652	1.00	3190	21.12.22	16:40	1	30	3190	3190	00	0000009036529	0	0	0	0	0	0	0	0
$1	1611	3493	4	0	1378	1.00	1990	21.12.22	16:40	1	30	1990	1990	00	0000006013783	0	0	0	0	0	0	0	0
$1	1611	3493	5	0	1555	1.00	2890	21.12.22	16:40	3	30	2890	2890	00	0000007015557	0	0	0	0	0	0	0	0
$1	1611	3493	6	0	0225	3.000	600	21.12.22	16:40	1	30	600	600	00	0000000000000	0	0	0	0	0	0	0	0
$10	1611	3493	2	0	3652	1.00	3190	21.12.22	16:40	1	30	3190	3190	00	0000009036529	0	0	0	0	0	0	0	0
$1	1611	3493	7	0	1719	1.00	3550	21.12.22	16:40	1	30	3550	3550	00	0000034017197	0	0	0	0	0	0	0	0
$1	1611	3493	8	0	0026	1.000	990	21.12.22	16:40	1	30	990	990	00	0000000000000	0	0	0	0	0	0	0	0
$1	1611	3494	1	0	0026	1.000	990	21.12.22	16:50	1	30	990	990	00	0000000000000	0	0	0	0	0	0	0	0
$1	1611	3494	2	0	1719	1.00	3550	21.12.22	16:50	1	30	3550	3550	00	0000034017197	0	0	0	0	0	0	0	0
$1	1611	3494	3	0	0225	1.000	200	21.12.22	16:50	1	30	200	200	00	0000000000000	0	0	0	0	0	0	0	0
$1	1611	3495	1	0	0982	1.00	450	21.12.22	16:57	2	30	450	450	00	5907752643385	0	0	0	0	0	0	0	0
$1	1611	3495	2	0	1088	1.00	650	21.12.22	16:57	3	30	650	650	00	0000005010882	0	0	0	0	0	0	0	0
$1	1611	3495	3	0	3663	1.00	3050	21.12.22	16:57	1	30	3050	3050	00	0000023036635	0	0	0	0	0	0	0	0
$1	1611	3496	1	0	3663	1.00	3050	21.12.22	17:16	1	30	3050	3050	00	0000023036635	0	0	0	0	0	0	0	0
$1	1611	3497	1	0	0688	1.00	4900	21.12.22	17:17	1	30	4900	4900	00	0000024006880	0	0	0	0	0	0	0	0
$1	1611	3497	2	0	0002	1.000	850	21.12.22	17:17	1	30	850	850	00	0000000000000	0	0	0	0	0	0	0	0
$1	1611	3498	1	0	0797	1.00	3950	21.12.22	17:18	1	30	3950	3950	00	0000024007979	0	0	0	0	0	0	0	0
$1	1611	3498	2	0	0797	1.00	3950	21.12.22	17:18	1	30	3950	3950	00	0000024007979	0	0	0	0	0	0	0	0
$1	1611	3499	1	0	2350	2.00	1300	21.12.22	17:32	1	30	1300	1300	00	0000015023506	0	0	0	0	0	0	0	0
$1	1611	3499	2	0	2947	1.00	1690	21.12.22	17:32	1	30	1690	1690	00	0000031029476	0	0	0	0	0	0	0	0
$1	1611	3499	3	0	3480	1.00	2500	21.12.22	17:32	1	30	2500	2500	00	5900168907669	0	0	0	0	0	0	0	0
$1	1611	3499	4	0	1447	1.00	1850	21.12.22	17:32	1	30	1850	1850	00	0000034014479	0	0	0	0	0	0	0	0
$1	1611	3499	5	0	3028	1.00	650	21.12.22	17:32	2	30	650	650	00	0000020030285	0	0	0	0	0	0	0	0
$1	1611	3499	6	0	2274	1.00	3450	21.12.22	17:32	1	30	3450	3450	00	0000014022746	0	0	0	0	0	0	0	0
$1	1611	3499	7	0	3028	1.00	650	21.12.22	17:32	2	30	650	650	00	0000020030285	0	0	0	0	0	0	0	0
$1	1611	3499	8	0	2935	1.00	7890	21.12.22	17:32	1	30	7890	7890	00	0000034029350	0	0	0	0	0	0	0	0
$1	1611	3499	9	0	0226	1.000	1350	21.12.22	17:32	1	30	1350	1350	00	0000000000000	0	0	0	0	0	0	0	0
$1	1611	3499	10	0	1460	1.00	1950	21.12.22	17:32	1	30	1950	1950	00	0000034014608	0	0	0	0	0	0	0	0
$1	1611	3499	11	0	0642	1.00	3090	21.12.22	17:32	1	30	3090	3090	00	5902249011562	0	0	0	0	0	0	0	0
$1	1611	3499	12	0	4050	2.00	1180	21.12.22	17:32	1	30	1180	1580	00	0000099040505	0	0	0	0	0	0	0	1
$1	1611	3499	13	0	0002	1.000	1190	21.12.22	17:32	1	30	1190	1190	00	0000000000000	0	0	0	0	0	0	0	0
$1	1611	3499	14	0	4020	1.00	1150	21.12.22	17:32	1	30	1150	1150	00	0000031040204	0	0	0	0	0	0	0	0
$1	1611	3500	1	0	1495	1.00	70	21.12.22	17:45	3	30	70	6950	00	0000007014956	0	0	0	0	0	0	0	1
$1	1612	3502	1	0	3236	1.00	4750	21.12.23	10:05	1	30	4750	4750	00	0000018032369	0	0	0	0	0	0	0	0
$10	1612	3502	1	0	0026	1.000	1790	21.12.23	10:05	1	30	1790	1790	00	0000000000000	0	0	0	0	0	0	0	0
$1	1612	3502	2	0	3834	1.00	1350	21.12.23	10:05	1	30	1350	1350	00	0000026038346	0	0	0	0	0	0	0	0
$1	1612	3502	3	0	0181	1.000	1190	21.12.23	10:05	3	30	1190	1190	00	0000000000000	0	0	0	0	0	0	0	0
$1	1612	3502	4	0	0026	2.000	1580	21.12.23	10:05	1	30	1580	1580	00	0000000000000	0	0	0	0	0	0	0	0
$1	1612	3503	1	0	2060	1.00	2790	21.12.23	10:18	1	30	2790	2790	00	0000012020607	0	0	0	0	0	0	0	0
$1	1612	3504	1	0	3650	1.00	3190	21.12.23	10:21	1	30	3190	3190	00	0000009036505	0	0	0	0	0	0	0	0
$1	1612	3504	2	0	0031	1.000	7800	21.12.23	10:21	1	30	7800	7800	00	0000000000000	0	0	0	0	0	0	0	0
$1	1612	3505	1	0	3907	1.00	7950	21.12.23	10:25	1	30	7950	7950	00	0000028039075	0	0	0	0	0	0	0	0
$1	1612	3506	1	0	0182	1.000	1190	21.12.23	10:37	2	30	1190	1190	00	0000000000000	0	0	0	0	0	0	0	0
$1	1612	3506	2	0	0026	1.000	1690	21.12.23	10:37	1	30	1690	1690	00	0000000000000	0	0	0	0	0	0	0	0
$1	1612	3507	1	0	2060	1.00	2790	21.12.23	10:42	1	30	2790	2790	00	0000012020607	0	0	0	0	0	0	0	0
$1	1612	3507	2	0	2289	1.00	1850	21.12.23	10:42	1	30	1850	1850	00	0000014022890	0	0	0	0	0	0	0	0
$1	1612	3508	1	0	1728	1.00	6350	21.12.23	11:01	1	30	6350	6350	00	0000008017284	0	0	0	0	0	0	0	0
$1	1612	3509	1	0	0243	1.000	990	21.12.23	11:04	1	30	990	990	00	0000000000000	0	0	0	0	0	0	0	0
$1	1612	3510	1	0	3868	1.00	750	21.12.23	11:05	1	30	750	750	00	0000026038681	0	0	0	0	0	0	0	0
$1	1612	3511	1	0	3059	1.00	590	21.12.23	11:08	2	30	590	590	00	0000020030599	0	0	0	0	0	0	0	0
$1	1612	3511	2	0	1037	2.00	1100	21.12.23	11:08	2	30	1100	1100	00	5905279799424	0	0	0	0	0	0	0	0
$1	1612	3512	1	0	0833	1.00	7750	21.12.23	11:10	1	30	7750	7750	00	0000024008334	0	0	0	0	0	0	0	0
$1	1612	3513	1	0	2437	1.00	2850	21.12.23	11:14	1	30	2850	2850	00	0000016024373	0	0	0	0	0	0	0	0
$1	1612	3514	1	0	3650	1.00	3190	21.12.23	11:18	1	30	3190	3190	00	0000009036505	0	0	0	0	0	0	0	0
$1	1612	3514	2	0	2066	1.00	4650	21.12.23	11:18	1	30	4650	4650	00	0000012020669	0	0	0	0	0	0	0	0
$1	1612	3515	1	0	3906	1.00	40	21.12.23	11:31	1	30	3950	3950	00	0000028039068	0	1	0	0	0	0	0	0
$1	1612	3515	2	0	2934	1.00	1	21.12.23	11:31	1	30	67	6650	00	0000034029343	0	1	0	0	0	0	0	1
$1	1612	3516	1	0	0943	1.00	6990	21.12.23	11:32	1	30	6990	6990	00	0000004009436	0	0	0	0	0	0	0	0
$1	1612	3517	1	0	3224	1.00	21750	21.12.23	11:36	1	30	21750	21750	00	0000018032246	0	0	0	0	0	0	0	0
$1	1612	3517	2	0	3230	1.00	4850	21.12.23	11:36	1	30	4850	4850	00	0000004032304	0	0	0	0	0	0	0	0
$1	1612	3517	3	0	3227	1.00	5850	21.12.23	11:36	1	30	5850	5850	00	0000004032274	0	0	0	0	0	0	0	0
$1	1612	3517	4	0	1851	1.00	9990	21.12.23	11:36	1	30	9990	9990	00	0000008018519	0	0	0	0	0	0	0	0
$1	1612	3517	5	0	1543	1.00	4750	21.12.23	11:36	3	30	4750	4750	00	0000007015434	0	0	0	0	0	0	0	0
$1	1612	3518	1	0	0778	1.00	3900	21.12.23	11:48	1	30	3900	3900	00	0000003007785	0	0	0	0	0	0	0	0
$1	1612	3518	2	0	0726	1.00	5900	21.12.23	11:48	1	30	5900	5900	00	0000003007266	0	0	0	0	0	0	0	0
$1	1612	3518	3	0	3638	1.00	11990	21.12.23	11:48	1	30	11990	11990	00	0000004036388	0	0	0	0	0	0	0	0
$1	1612	3518	4	0	0225	1.000	200	21.12.23	11:48	1	30	200	200	00	0000000000000	0	0	0	0	0	0	0	0
$1	1612	3519	1	0	1573	3.00	1470	21.12.23	11:53	2	30	1470	1470	00	5906660817208	0	0	0	0	0	0	0	0
$1	1612	3519	2	0	0038	1.000	1490	21.12.23	11:53	1	30	1490	1490	00	0000000000000	0	0	0	0	0	0	0	0
$1	1612	3519	3	0	1534	1.00	850	21.12.23	11:53	3	30	850	850	00	0000007015342	0	0	0	0	0	0	0	0
$1	1612	3520	1	0	0182	1.000	760	21.12.23	11:56	2	30	760	760	00	0000000000000	0	0	0	0	0	0	0	0
$1	1612	3520	2	0	1605	1.00	790	21.12.23	11:56	1	30	790	790	00	0000007016059	0	0	0	0	0	0	0	0
$1	1612	3520	3	0	1011	1.00	490	21.12.23	11:56	2	30	490	490	00	5906365702755	0	0	0	0	0	0	0	0
$1	1612	3520	4	0	3483	1.00	1890	21.12.23	11:56	1	30	1890	1890	00	0000001034837	0	0	0	0	0	0	0	0
$1	1612	3521	1	0	3401	1.00	2590	21.12.23	12:01	1	30	2590	2590	00	0000023034013	0	0	0	0	0	0	0	0
$1	1612	3521	2	0	3676	1.00	2590	21.12.23	12:01	1	30	2590	2590	00	0000023036765	0	0	0	0	0	0	0	0
$1	1612	3521	3	0	1354	1.00	550	21.12.23	12:01	3	30	550	550	00	0000006013547	0	0	0	0	0	0	0	0
$1	1612	3521	4	0	1232	3.00	1200	21.12.23	12:01	2	30	1200	1200	00	5909990219520	0	0	0	0	0	0	0	0
$1	1612	3521	5	0	1503	1.00	2450	21.12.23	12:01	3	30	2450	2450	00	0000007015038	0	0	0	0	0	0	0	0
$1	1612	3522	1	0	2950	1.00	2390	21.12.23	12:04	1	30	2390	2390	00	0000031029506	0	0	0	0	0	0	0	0
$12	1612	1	1	0	1814	1.00	2590	21.12.23	12:07	1	30	2590	2590	00	5711914169930	0	0	0	0	0	0	0	0
$12	1612	1	2	0	1813	1.00	2990	21.12.23	12:07	1	30	2990	2990	00	5711914169916	0	0	0	0	0	0	0	0
$1	1612	3524	1	0	2945	1.00	2190	21.12.23	12:08	1	30	2190	2190	00	0000031029452	0	0	0	0	0	0	0	0
$1	1612	3524	2	0	2946	1.00	2250	21.12.23	12:08	1	30	2250	2250	00	0000031029469	0	0	0	0	0	0	0	0
$10	1612	3525	1	0	2946	1.00	2250	21.12.23	12:13	1	30	2250	2250	00	0000031029469	0	0	0	0	0	0	0	0
$1	1612	3525	1	0	1719	1.00	3550	21.12.23	12:13	1	30	3550	3550	00	0000034017197	0	0	0	0	0	0	0	0
$1	1612	3525	2	0	0469	1.00	2490	21.12.23	12:13	1	30	2490	2490	00	5907502687294	0	0	0	0	0	0	0	0
$1	1612	3525	3	0	1629	1.00	2690	21.12.23	12:13	1	30	2690	2690	00	0000007016295	0	0	0	0	0	0	0	0
$1	1612	3525	4	0	2944	1.00	990	21.12.23	12:13	1	30	990	990	00	0000031029445	0	0	0	0	0	0	0	0
$1	1612	3526	1	0	0847	1.00	4990	21.12.23	12:14	1	30	4990	4990	00	0000024008471	0	0	0	0	0	0	0	0
$1	1612	3527	1	0	1491	1.00	2790	21.12.23	12:19	3	30	2790	2790	00	0000007014918	0	0	0	0	0	0	0	0
$1	1612	3527	2	0	0111	1.000	2990	21.12.23	12:19	1	30	2990	2990	00	0000000000000	0	0	0	0	0	0	0	0
$1	1612	3527	3	0	2024	2.00	3980	21.12.23	12:19	1	30	3980	4980	00	0000010020241	0	0	0	0	0	0	0	1
$1	1612	3527	4	0	2024	1.00	2490	21.12.23	12:19	1	30	2490	2490	00	0000010020241	0	0	0	0	0	0	0	0
$1	1612	3527	5	0	3650	1.00	3190	21.12.23	12:19	1	30	3190	3190	00	0000009036505	0	0	0	0	0	0	0	0
$1	1612	3527	6	0	0038	1.000	820	21.12.23	12:19	1	30	820	820	00	0000000000000	0	0	0	0	0	0	0	0
$1	1612	3528	1	0	3650	1.00	3190	21.12.23	12:22	1	30	3190	3190	00	0000009036505	0	0	0	0	0	0	0	0
$12	1612	2	1	0	0614	1.00	3450	21.12.23	12:29	1	30	3450	3450	00	5902249011203	0	0	0	0	0	0	0	0
$12	1612	2	2	0	0727	1.00	8250	21.12.23	12:29	1	30	8250	8250	00	0000003007273	0	0	0	0	0	0	0	0
$12	1612	2	3	0	2343	1.00	1990	21.12.23	12:29	1	30	1990	1990	00	5900168907706	0	0	0	0	0	0	0	0
$1	1612	3530	1	0	2343	1.00	1990	21.12.23	12:30	1	30	1990	1990	00	5900168907706	0	0	0	0	0	0	0	0
$1	1612	3530	2	0	0790	1.00	7900	21.12.23	12:30	1	30	7900	7900	00	0000003007907	0	0	0	0	0	0	0	0
$1	1612	3530	3	0	0778	1.00	3900	21.12.23	12:30	1	30	3900	3900	00	5902729032391	0	0	0	0	0	0	0	0
$1	1612	3530	4	0	0727	1.00	8250	21.12.23	12:30	1	30	8250	8250	00	0000003007273	0	0	0	0	0	0	0	0
$1	1612	3530	5	0	0544	2.00	2580	21.12.23	12:30	1	30	2580	2580	00	5902249011159	0	0	0	0	0	0	0	0
$1	1612	3530	6	0	3483	2.00	3780	21.12.23	12:30	1	30	3780	3780	00	5903760201838	0	0	0	0	0	0	0	0
$1	1612	3531	1	0	3902	1.00	1290	21.12.23	12:39	1	30	1290	1290	00	0000028039020	0	0	0	0	0	0	0	0
$1	1612	3531	2	0	3902	1.00	1290	21.12.23	12:39	1	30	1290	1290	00	0000028039020	0	0	0	0	0	0	0	0
$1	1612	3531	3	0	3650	1.00	3190	21.12.23	12:39	1	30	3190	3190	00	0000009036505	0	0	0	0	0	0	0	0
$1	1612	3531	4	0	3651	1.00	3190	21.12.23	12:39	1	30	3190	3190	00	0000009036512	0	0	0	0	0	0	0	0
$1	1612	3531	5	0	2350	4.00	2600	21.12.23	12:39	1	30	2600	2600	00	0000015023506	0	0	0	0	0	0	0	0
$1	1612	3531	6	0	0026	2.000	2180	21.12.23	12:39	1	30	2180	2180	00	0000000000000	0	0	0	0	0	0	0	0
$1	1612	3532	1	0	2052	1.00	9800	21.12.23	12:40	1	30	9800	9800	00	0000011020523	0	0	0	0	0	0	0	0
$1	1612	3533	1	0	2053	2.00	5100	21.12.23	12:45	1	30	5100	5100	00	0000011020530	0	0	0	0	0	0	0	0
$1	1612	3534	1	0	3222	1.00	3250	21.12.23	12:47	1	30	3250	3250	00	0000035032229	0	0	0	0	0	0	0	0
$1	1612	3535	1	0	1821	2.00	3780	21.12.23	12:51	1	30	3780	3780	00	5701278288149	0	0	0	0	0	0	0	0
$1	1612	3535	2	0	1820	3.00	5670	21.12.23	12:51	1	30	5670	5670	00	5701278288101	0	0	0	0	0	0	0	0
$1	1612	3535	3	0	1796	1.00	2650	21.12.23	12:51	1	30	2650	2650	00	0000008017963	0	0	0	0	0	0	0	0
$1	1612	3536	1	0	0002	2.000	5900	21.12.23	12:56	1	30	5900	5900	00	0000000000000	0	0	0	0	0	0	0	0
$1	1612	3536	2	0	1586	1.00	1350	21.12.23	12:56	1	30	1350	1350	00	0000007015861	0	0	0	0	0	0	0	0
$1	1612	3537	1	0	3089	1.00	550	21.12.23	13:03	2	30	550	550	00	0000020030896	0	0	0	0	0	0	0	0
$1	1612	3537	2	0	3906	1.00	3950	21.12.23	13:03	1	30	3950	3950	00	0000028039068	0	0	0	0	0	0	0	0
$1	1612	3537	3	0	0002	1.000	2990	21.12.23	13:03	1	30	2990	2990	00	0000000000000	0	0	0	0	0	0	0	0
$1	1612	3537	4	0	2956	1.00	3750	21.12.23	13:03	1	30	3750	3750	00	0000001029567	0	0	0	0	0	0	0	0
$1	1612	3538	1	0	0311	1.00	1850	21.12.23	13:04	1	30	1850	1850	00	5903111747039	0	0	0	0	0	0	0	0
$1	1612	3539	1	0	0034	1.000	3250	21.12.23	13:20	1	30	3250	3250	00	0000000000000	0	0	0	0	0	0	0	0
$1	1612	3539	2	0	3235	2.00	2980	21.12.23	13:20	1	30	2980	2980	00	0000018032352	0	0	0	0	0	0	0	0
$1	1612	3539	3	0	3236	1.00	4750	21.12.23	13:20	1	30	4750	4750	00	0000018032369	0	0	0	0	0	0	0	0
$1	1612	3539	4	0	0038	1.000	1490	21.12.23	13:20	1	30	1490	1490	00	0000000000000	0	0	0	0	0	0	0	0
$1	1612	3540	1	0	2053	2.00	5100	21.12.23	13:44	1	30	5100	5100	00	0000011020530	0	0	0	0	0	0	0	0
$1	1612	3540	2	0	2050	1.00	2550	21.12.23	13:44	1	30	2550	2550	00	0000011020509	0	0	0	0	0	0	0	0
$1	1612	3540	3	0	0727	1.00	8250	21.12.23	13:44	1	30	8250	8250	00	0000003007273	0	0	0	0	0	0	0	0
$1	1612	3540	4	0	0760	1.00	3650	21.12.23	13:44	1	30	3650	3650	00	0000003007600	0	0	0	0	0	0	0	0
$1	1612	3540	5	0	0774	1.00	3700	21.12.23	13:44	1	30	3700	3700	00	0000003007747	0	0	0	0	0	0	0	0
$1	1612	3540	6	0	0736	1.00	3951	21.12.23	13:44	1	30	3951	4390	00	0000003007365	0	0	0	0	0	0	0	1
$1	1612	3541	1	0	0692	1.00	4450	21.12.23	13:52	1	30	4450	4450	00	0000024006927	0	0	0	0	0	0	0	0
$1	1612	3541	2	0	3910	1.00	4741	21.12.23	13:52	1	30	4741	4990	00	0000028039105	0	0	0	0	0	0	0	1
$1	1612	3542	1	0	0038	1.000	1090	21.12.23	14:06	1	30	1090	1090	00	0000000000000	0	0	0	0	0	0	0	0
$1	1612	3542	2	0	0306	1.00	2250	21.12.23	14:06	1	30	2250	2250	00	5900168901520	0	0	0	0	0	0	0	0
$1	1612	3543	1	0	2542	1.00	950	21.12.23	14:12	2	30	950	950	00	0000017025423	0	0	0	0	0	0	0	0
$1	1612	3543	2	0	0038	1.000	1490	21.12.23	14:12	1	30	1490	1490	00	0000000000000	0	0	0	0	0	0	0	0
$1	1612	3543	3	0	0026	1.000	990	21.12.23	14:12	1	30	990	990	00	0000000000000	0	0	0	0	0	0	0	0
$1	1612	3543	4	0	0038	1.000	1890	21.12.23	14:12	1	30	1890	1890	00	0000000000000	0	0	0	0	0	0	0	0
$1	1612	3544	1	0	3907	1.00	7950	21.12.23	14:13	1	30	7950	7950	00	0000028039075	0	0	0	0	0	0	0	0
$1	1612	3545	1	0	1562	1.00	2550	21.12.23	14:14	3	30	2550	2550	00	5907804205486	0	0	0	0	0	0	0	0
$1	1612	3546	1	0	2083	1.00	890	21.12.23	14:16	1	30	890	890	00	0000012020836	0	0	0	0	0	0	0	0
$1	1612	3546	2	0	2053	1.00	2550	21.12.23	14:16	1	30	2550	2550	00	0000011020530	0	0	0	0	0	0	0	0
$1	1612	3547	1	0	1819	1.00	3190	21.12.23	14:24	1	30	3190	3190	00	0000008018199	0	0	0	0	0	0	0	0
$1	1612	3548	1	0	0821	1.00	3690	21.12.23	14:27	1	30	3690	3690	00	0000024008211	0	0	0	0	0	0	0	0
$1	1612	3549	1	0	1629	1.00	2690	21.12.23	14:40	1	30	2690	2690	00	0000007016295	0	0	0	0	0	0	0	0
$1	1612	3550	1	0	0230	1.000	1290	21.12.23	14:57	1	30	1290	1290	00	0000000000000	0	0	0	0	0	0	0	0
$1	1612	3550	2	0	0230	2.000	2980	21.12.23	14:57	1	30	2980	2980	00	0000000000000	0	0	0	0	0	0	0	0
$1	1612	3550	3	0	0871	1.00	3090	21.12.23	14:57	1	30	3090	3090	00	0000004008712	0	0	0	0	0	0	0	0
$1	1612	3551	1	0	2953	1.00	1750	21.12.23	14:57	1	30	1750	1750	00	5903760201296	0	0	0	0	0	0	0	0
$12	1612	3	1	0	2351	1.00	2150	21.12.23	15:03	1	30	2150	2150	00	0000015023513	0	0	0	0	0	0	0	0
$12	1612	3	2	0	2350	1.00	650	21.12.23	15:03	1	30	650	650	00	0000015023506	0	0	0	0	0	0	0	0
$1	1612	3553	1	0	2350	2.00	1300	21.12.23	15:03	1	30	1300	1300	00	0000015023506	0	0	0	0	0	0	0	0
$1	1612	3553	2	0	1011	1.00	490	21.12.23	15:03	2	30	490	490	00	5906365702755	0	0	0	0	0	0	0	0
$1	1612	3553	3	0	1055	1.00	950	21.12.23	15:03	3	30	950	950	00	5905279799141	0	0	0	0	0	0	0	0
$1	1612	3554	1	0	2351	1.00	2150	21.12.23	15:07	1	30	2150	2150	00	0000015023513	0	0	0	0	0	0	0	0
$1	1612	3554	2	0	2351	1.00	2150	21.12.23	15:07	1	30	2150	2150	00	0000015023513	0	0	0	0	0	0	0	0
$1	1612	3554	3	0	2350	2.00	1300	21.12.23	15:07	1	30	1300	1300	00	0000015023506	0	0	0	0	0	0	0	0
$1	1612	3554	4	0	3901	1.00	950	21.12.23	15:07	1	30	950	950	00	0000028039013	0	0	0	0	0	0	0	0
$1	1612	3554	5	0	0549	1.00	2490	21.12.23	15:07	1	30	2490	2490	00	5902249010350	0	0	0	0	0	0	0	0
$1	1612	3555	1	0	3985	1.00	1250	21.12.23	15:17	1	30	1250	1250	00	0000031039857	0	0	0	0	0	0	0	0
$1	1612	3555	2	0	0209	1.000	1490	21.12.23	15:17	1	30	1490	1490	00	0000000000000	0	0	0	0	0	0	0	0
$1	1612	3555	3	0	3764	1.00	990	21.12.23	15:17	1	30	990	990	00	0000025037647	0	0	0	0	0	0	0	0
$1	1612	3555	4	0	3940	1.00	1790	21.12.23	15:17	1	30	1790	1790	00	0000031039406	0	0	0	0	0	0	0	0
$1	1612	3555	5	0	2024	2.00	3980	21.12.23	15:17	1	30	3980	4980	00	0000010020241	0	0	0	0	0	0	0	1
$1	1612	3556	1	0	0182	2.000	3700	21.12.23	15:26	2	30	3700	3700	00	0000000000000	0	0	0	0	0	0	0	0
$1	1612	3557	1	0	0778	1.00	3900	21.12.23	15:27	1	30	3900	3900	00	0000003007785	0	0	0	0	0	0	0	0
$1	1612	3557	2	0	0728	1.00	5590	21.12.23	15:27	1	30	5590	5590	00	0000003007280	0	0	0	0	0	0	0	0
$1	1612	3558	1	0	3481	2.00	5000	21.12.23	15:33	1	30	5000	5000	00	5900168907638	0	0	0	0	0	0	0	0
$1	1612	3558	2	0	1821	1.00	1890	21.12.23	15:33	1	30	1890	1890	00	5701278288149	0	0	0	0	0	0	0	0
$1	1612	3558	3	0	3355	1.00	3990	21.12.23	15:33	1	30	3990	3990	00	0000008033550	0	0	0	0	0	0	0	0
$1	1612	3559	1	0	0774	1.00	3700	21.12.23	15:36	1	30	3700	3700	00	0000003007747	0	0	0	0	0	0	0	0
$1	1612	3559	2	0	1719	1.00	3550	21.12.23	15:36	1	30	3550	3550	00	0000034017197	0	0	0	0	0	0	0	0
$1	1612	3559	3	0	0026	1.000	990	21.12.23	15:36	1	30	990	990	00	0000000000000	0	0	0	0	0	0	0	0
$1	1612	3559	4	0	0026	1.000	790	21.12.23	15:36	1	30	790	790	00	0000000000000	0	0	0	0	0	0	0	0
$1	1612	3559	5	0	0038	1.000	2990	21.12.23	15:36	1	30	2990	2990	00	0000000000000	0	0	0	0	0	0	0	0
$1	1612	3560	1	0	2079	1.00	6450	21.12.23	15:54	1	30	6450	6450	00	0000012020799	0	0	0	0	0	0	0	0
$1	1612	3560	2	0	0041	1.000	2950	21.12.23	15:54	1	30	2950	2950	00	0000000000000	0	0	0	0	0	0	0	0
$1	1612	3560	3	0	2827	1.00	10090	21.12.23	15:54	1	30	10090	10090	00	0000018028270	0	0	0	0	0	0	0	0
$1	1612	3560	4	0	3236	1.00	4750	21.12.23	15:54	1	30	4750	4750	00	0000018032369	0	0	0	0	0	0	0	0
$1	1612	3560	5	0	1469	1.00	5990	21.12.23	15:54	1	30	5990	5990	00	0000034014691	0	0	0	0	0	0	0	0
$1	1612	3560	6	0	0586	1.00	690	21.12.23	15:54	1	30	690	690	00	5902249010527	0	0	0	0	0	0	0	0
$1	1612	3560	7	0	0586	1.00	690	21.12.23	15:54	1	30	690	690	00	5902249010527	0	0	0	0	0	0	0	0
$1	1612	3560	8	0	0762	1.00	3450	21.12.23	15:54	1	30	3450	3450	00	0000003007624	0	0	0	0	0	0	0	0
$1	1612	3560	9	0	0668	1.00	6490	21.12.23	15:54	1	30	6490	6490	00	5902249014853	0	0	0	0	0	0	0	0
$1	1612	3560	10	0	3638	1.00	11990	21.12.23	15:54	1	30	11990	11990	00	0000004036388	0	0	0	0	0	0	0	0
$1	1612	3561	1	0	3907	1.00	7950	21.12.23	15:59	1	30	7950	7950	00	0000028039075	0	0	0	0	0	0	0	0
$1	1612	3562	1	0	2947	1.00	1690	21.12.23	16:19	1	30	1690	1690	00	0000031029476	0	0	0	0	0	0	0	0
$1	1612	3562	2	0	3651	1.00	3190	21.12.23	16:19	1	30	3190	3190	00	0000009036512	0	0	0	0	0	0	0	0
$1	1612	3563	1	0	1503	1.00	2450	21.12.23	16:20	3	30	2450	2450	00	0000007015038	0	0	0	0	0	0	0	0
$1	1612	3564	1	0	2011	1.00	2990	21.12.23	16:25	2	30	2990	2990	00	0000009020115	0	0	0	0	0	0	0	0
$1	1612	3564	2	0	3650	1.00	3190	21.12.23	16:25	1	30	3190	3190	00	0000009036505	0	0	0	0	0	0	0	0
$1	1612	3564	3	0	2952	1.00	1750	21.12.23	16:25	1	30	1750	1750	00	5903760201258	0	0	0	0	0	0	0	0
$1	1612	3564	4	0	0002	1.000	1950	21.12.23	16:25	1	30	1950	1950	00	0000000000000	0	0	0	0	0	0	0	0
$1	1612	3565	1	0	0895	1.00	3890	21.12.23	16:29	1	30	3890	3890	00	0000004008958	0	0	0	0	0	0	0	0
$1	1612	3565	2	0	0869	1.00	5490	21.12.23	16:29	1	30	5490	5490	00	5906395235179	0	0	0	0	0	0	0	0
$1	1612	3566	1	0	3140	1.00	950	21.12.23	16:31	2	30	950	950	00	0000020031404	0	0	0	0	0	0	0	0
$1	1612	3566	2	0	0002	1.000	1890	21.12.23	16:31	1	30	1890	1890	00	0000000000000	0	0	0	0	0	0	0	0
$1	1612	3567	1	0	3360	1.00	3690	21.12.23	16:32	1	30	3690	3690	00	0000024033602	0	0	0	0	0	0	0	0
$1	1612	3568	1	0	2050	1.00	2244	21.12.23	16:39	1	30	2550	2550	00	0000011020509	0	1	0	0	0	0	0	0
$1	1612	3568	2	0	1818	1.00	2807	21.12.23	16:39	1	30	3190	3190	00	0000008018182	0	1	0	0	0	0	0	0
$12	1612	4	1	0	0001	1.000	6490	21.12.23	17:15	1	30	6490	6490	00	0000000000000	0	0	0	0	0	0	0	0
$12	1612	4	2	0	2343	1.00	1990	21.12.23	17:15	1	30	1990	1990	00	5900168907706	0	0	0	0	0	0	0	0
$12	1612	4	3	0	3394	1.00	2590	21.12.23	17:15	1	30	2590	2590	00	0000023033948	0	0	0	0	0	0	0	0
$1	1612	3570	1	0	3683	1.00	2590	21.12.23	17:16	1	30	2590	2590	00	0000023036833	0	0	0	0	0	0	0	0
$1	1612	3570	2	0	3394	1.00	2590	21.12.23	17:16	1	30	2590	2590	00	0000023033948	0	0	0	0	0	0	0	0
