4294967278,64
4294967278,63
4294967278,62
4294967278,57
4294967278,56
4294967278,55
4294967278,54
4294967278,53
4294967278,52
4294967278,48
4294967278,47
4294967278,46
4294967279,78
4294967279,77
4294967279,76
4294967279,75
4294967279,74
4294967279,73
4294967279,72
4243767290,0
154,106
154,50
154,59
154,52
154,64
154,19
154,30
154,100
154,89
154,97
154,24
154,102
154,40
4294967279,141
154,88
4294967279,140
154,18
4294967278,126
4294967278,125
4294967278,124
4294967278,123
4294967278,122
4294967278,118
4294967278,117
4294967278,116
4294967278,115
4294967278,114
4294967278,113
4294967278,108
4294967278,107
4294967278,106
4294967278,105
4294967278,104
4294967278,103
4294967278,99
4294967278,98
4294967278,97
4294967278,96
4294967278,95
4294967278,94
4294967278,90
4294967278,89
4294967278,87
4294967278,86
4294967278,85
4294967278,84
4294967278,79
4294967278,78
4294967278,77
4294967278,76
4294967278,75
4294967278,74
4294967278,73
4294967278,72
4294967278,71
4294967278,67
4294967278,66
4294967278,65
154,72
154,75
154,42
154,71
154,41
154,5
159,6
159,1
161,5
161,4
4294967294,50
4294967294,2
4294967294,899
4294967294,941
4294967294,399
4294967279,424
4294967294,107
4294967294,898
4294967294,972
4294967294,0
4294967294,966
4294967294,92
4294967294,91
4294967294,90
4294967294,88
4294967294,87
4294967294,86
4294967294,85
4294967294,84
4294967294,900
4294967294,897
4294967294,29
4294967294,413
4294967294,28
4294967294,53
4294967294,45
4294967294,428
4294967294,44
4294967279,439
4294967294,7
4294967279,381
4294967279,134
4294967279,133
161,7
4294967279,269
4294967294,96
4294967279,271
4294967279,270
161,3
161,2
161,1
4294967279,380
4294967294,8
0,7
4294967294,398
4294967294,190
4294967294,120
4294967294,388
4294967294,394
4294967294,406
4294967294,1
4294967279,428
4294967294,436
4294967294,46
4294967294,99
4294967294,41
4294967294,115
4294967294,43
4294967294,387
4294967294,112
4294967294,167
4294967294,161
4294967294,104
4294967294,106
4294967294,180
4294967294,175
4294967294,183
4294967294,176
4294967294,82
4294967294,60
4294967279,277
4294967279,276
4294967279,266
4294967294,477
4294967279,265
4294967294,18
4294967294,14
4294967294,20
4294967294,13
158,32
158,31
158,30
158,29
158,27
158,26
158,25
158,24
158,23
158,22
158,21
158,20
158,18
158,17
158,16
158,15
158,12
158,11
158,10
158,9
158,8
158,7
158,6
158,4
157,17
157,14
157,11
157,10
157,9
157,8
157,4
4294967294,969
4294967294,83
156,73
156,72
156,71
156,70
156,69
156,68
156,67
156,66
156,65
156,64
156,45
156,44
156,42
156,41
156,40
156,39
156,37
156,36
156,35
156,34
156,33
156,31
156,30
156,29
156,28
156,26
156,25
156,24
156,23
156,22
156,20
156,19
156,18
156,17
156,15
156,14
156,11
156,10
156,9
156,8
156,7
156,6
156,4
4294967294,126
4294967294,127
155,66
155,65
155,64
155,40
155,39
155,37
155,36
155,35
155,34
155,33
155,32
155,31
155,30
155,29
155,28
155,25
155,24
155,23
155,22
155,21
155,20
155,19
155,18
155,17
155,16
155,15
155,14
155,13
155,12
155,11
155,10
155,9
155,8
155,7
155,6
155,4
4294967294,21
4294967294,81
4294967278,132
4294967278,131
4294967278,130
4294967278,129
4294967278,128
4294967278,127
4294967278,121
4294967278,120
4294967278,119
4294967278,112
4294967278,111
4294967278,110
4294967278,109
4294967278,102
4294967278,101
4294967278,100
4294967278,93
4294967278,92
4294967278,91
4294967278,83
4294967278,82
4294967278,81
4294967278,80
4294967278,70
4294967278,69
4294967278,68
4294967278,61
4294967278,60
4294967278,59
4294967278,58
4294967278,51
4294967278,50
4294967278,49
4294967279,71
4294967279,70
4294967279,69
4294967279,68
4294967279,67
4294967279,66
4294967279,65
4294967279,64
4294967279,63
4294967279,62
4294967279,61
4294967279,60
4294967279,59
4294967279,58
4294967279,57
4294967279,56
4294967279,55
4294967279,54
4294967279,53
4294967279,52
4294967279,51
4294967279,50
4294967279,49
4294967279,48
