#1	COM255:1:STX6:1	5	2022.08.04	19:11	OPSpRoz4	WIN 13.32.2020	OPSPROZ4IN.txt	OPSPROZ4OUT.txt
#
#ELZAB Jota online 20000 PLU II gen. ver. 01 (identyfikator odczytany z urzadzenia i pliku ECRTBUF.TXT)
$14	01	22.07.24	12:25	4
$13	00	1	22.07.24	12:26	01	0	0	0	0	0	0	0	0	0	             
$1	3	1	1	0	3346	1.00	2601	22.07.24	12:26	1	01	2890	2890	00	5902249015850	0	1	0	0	0	0	0	0
$1	3	1	2	0	0470	1.00	3465	22.07.24	12:27	1	01	3850	3850	00	5907502687263	0	1	0	0	0	0	0	0
$1	3	1	3	0	3903	1.00	2241	22.07.24	12:27	1	01	2490	2490	00	28039037	0	1	0	0	0	0	0	0
$1	3	1	4	0	3042	1.00	765	22.07.24	12:27	2	01	850	850	00	20030421	0	1	0	0	0	0	0	0
$1	3	1	5	0	1974	1.00	1665	22.07.24	12:27	2	01	1850	1850	00	9019744	0	1	0	0	0	0	0	0
$1	3	1	6	0	0372	1.00	1611	22.07.24	12:27	1	01	1790	1790	00	1003727	0	1	0	0	0	0	0	0
$1	3	1	7	0	0473	1.00	2151	22.07.24	12:27	1	01	2390	2390	00	5907502687317	0	1	0	0	0	0	0	0
$1	3	1	8	0	0540	1.00	2241	22.07.24	12:27	1	01	2490	2490	00	5902249010091	0	1	0	0	0	0	0	0
$4	3	1	2	0	0	16740	16740
$1	3	2	1	0	2323	1.00	1850	22.07.24	12:30	1	01	1850	1850	00	5903760202422	0	0	0	0	0	0	0	0
$4	3	2	1	0	0	1850	1850
$14	01	22.07.26	09:35	4
$13	00	1	22.07.26	09:35	01	0	0	0	0	0	0	0	0	0	             
$1	4	1	1	0	3901	1.00	095	22.07.26	09:49	1	01	095	950	00	28039013	0	0	0	0	0	0	0	1
$4	4	1	1	0	0	095	095
$1	4	2	1	0	1574	4.00	2200	22.07.26	10:10	4	01	2200	2200	00	5906660817215	0	0	0	0	0	0	0	0
$1	4	2	2	0	1238	1.00	1390	22.07.26	10:11	4	01	1390	1390	00	5907752643620	0	0	0	0	0	0	0	0
$4	4	2	1	0	0	10000	10000
$4	4	2	1	0	1	6410	6410
$1	4	3	1	0	3110	1.00	2750	22.07.26	10:26	3	01	2750	2750	00	6013073	0	0	0	0	0	0	0	0
$1	4	3	2	0	3407	1.00	5690	22.07.26	10:26	1	01	5690	5690	00	581	0	0	0	0	0	0	0	0
$1	4	3	3	0	1257	1.00	3950	22.07.26	10:26	1	01	3950	3950	00	444	0	0	0	0	0	0	0	0
$1	4	3	4	0	2735	1.00	890	22.07.26	10:28	1	01	890	890	00	8691190142025	0	0	0	0	0	0	0	0
$4	4	3	1	0	0	13280	13280
$1	4	4	1	0	1841	1.00	3190	22.07.26	12:03	1	01	3190	3190	00	8018410	0	0	0	0	0	0	0	0
$1	4	4	2	0	1821	1.00	1990	22.07.26	12:03	1	01	1990	1990	00	8018212	0	0	0	0	0	0	0	0
$4	4	4	1	0	0	5180	5180
$1	4	5	1	0	2350	2.00	1400	22.07.26	12:22	1	01	1400	1400	00	15023506	0	0	0	0	0	0	0	0
$4	4	5	1	0	0	10000	10000
$4	4	5	1	0	1	8600	8600
$1	4	6	1	0	0306	1.00	2190	22.07.26	12:32	1	01	2190	2190	00	5900168908475	0	0	0	0	0	0	0	0
$1	4	6	2	0	3100	1.00	1850	22.07.26	12:32	1	01	1850	1850	00	5903760202477	0	0	0	0	0	0	0	0
$1	4	6	3	0	2009	1.00	3290	22.07.26	12:32	1	01	3290	3290	00	9020092	0	0	0	0	0	0	0	0
$4	4	6	1	0	0	7330	7330
$1	4	7	1	0	2276	2.00	7500	22.07.26	12:53	1	01	7500	7500	00	14022760	0	0	0	0	0	0	0	0
$4	4	7	1	0	0	7500	7500
$1	4	8	1	0	1894	1.00	037	22.07.26	12:55	1	01	3690	3690	00	25928	0	1	0	0	0	0	0	0
$1	4	8	2	0	3413	1.00	032	22.07.26	12:55	1	01	3190	3190	00	25997	0	1	0	0	0	0	0	0
$1	4	8	3	0	0027	1.000	032	22.07.26	12:56	1	01	3190	3190	00		0	1	0	0	0	0	0	0
$1	4	8	4	0	0027	1.000	037	22.07.26	12:56	1	01	3690	3690	00		0	1	0	0	0	0	0	0
$1	4	8	5	0	0027	1.000	043	22.07.26	12:56	1	01	4290	4290	00		0	1	0	0	0	0	0	0
$4	4	8	1	0	0	181	181
$1	4	9	1	0	0851	1.00	2490	22.07.26	12:59	1	01	2490	2490	00	4008514	0	0	0	0	0	0	0	0
$4	4	9	1	0	0	2490	2490
$1	4	10	1	0	2050	1.00	2550	22.07.26	13:56	1	01	2550	2550	00	11020509	0	0	0	0	0	0	0	0
$4	4	10	1	0	0	2550	2550
$1	4	11	1	0	2053	1.00	2550	22.07.26	14:11	1	01	2550	2550	00	11020530	0	0	0	0	0	0	0	0
$1	4	11	2	0	0038	1.000	1190	22.07.26	14:11	1	01	1190	1190	00		0	0	0	0	0	0	0	0
$1	4	11	3	0	2354	1.00	9850	22.07.26	14:11	1	01	9850	9850	00	1023541	0	0	0	0	0	0	0	0
$1	4	11	4	0	0026	1.000	1750	22.07.26	14:12	1	01	1750	1750	00		0	0	0	0	0	0	0	0
$4	4	11	1	0	0	15340	15340
$1	4	12	1	0	1817	1.00	2150	22.07.26	14:34	1	01	2150	2150	00	8018175	0	0	0	0	0	0	0	0
$4	4	12	1	0	0	2150	2150
$1	4	13	1	0	1821	3.00	5970	22.07.26	14:47	1	01	5970	5970	00	8018212	0	0	0	0	0	0	0	0
$4	4	13	1	0	0	10000	10000
$4	4	13	1	0	1	4030	4030
$1	4	14	1	0	0838	1.00	3950	22.07.26	15:51	1	01	3950	3950	00	24008389	0	0	0	0	0	0	0	0
$4	4	14	1	0	0	3950	3950
$1	4	15	1	0	1716	1.00	3550	22.07.26	16:22	1	01	3550	3550	00	34017166	0	0	0	0	0	0	0	0
$1	4	15	2	0	1443	1.00	1790	22.07.26	16:22	1	01	1790	1790	00	34014431	0	0	0	0	0	0	0	0
$1	4	15	3	0	1252	1.00	1290	22.07.26	16:22	2	01	1290	1290	00	5012527	0	0	0	0	0	0	0	0
$4	4	15	1	0	0	6630	6630
$1	4	16	1	0	1010	1.00	450	22.07.26	16:43	4	01	450	450	00	5906365702908	0	0	0	0	0	0	0	0
$4	4	16	1	0	0	450	450
$1	4	17	1	0	1189	1.00	590	22.07.26	16:49	2	01	590	590	00	5909994310711	0	0	0	0	0	0	0	0
$1	4	17	2	0	0369	1.00	1390	22.07.26	16:49	1	01	1390	1390	00	5906874565070	0	0	0	0	0	0	0	0
$4	4	17	1	0	0	1980	1980
$14	01	22.07.27	09:29	4
$13	00	1	22.07.27	09:29	01	0	0	0	0	0	0	0	0	0	             
$1	5	1	1	0	0844	1.00	4490	22.07.27	09:55	1	01	4490	4490	00	24008440	0	0	0	0	0	0	0	0
$1	5	1	2	0	0894	1.00	4500	22.07.27	09:55	1	01	4500	4500	00	4008941	0	0	0	0	0	0	0	0
$4	5	1	1	0	0	10000	10000
$4	5	1	1	0	1	1010	1010
$1	5	2	1	0	1010	1.00	450	22.07.27	09:56	4	01	450	450	00	5906365702908	0	0	0	0	0	0	0	0
$4	5	2	1	0	0	500	500
$4	5	2	1	0	1	050	050
$1	5	3	1	0	3410	1.00	3190	22.07.27	10:00	1	01	3190	3190	00	25935	0	0	0	0	0	0	0	0
$4	5	3	1	0	0	3190	3190
$1	5	4	1	0	3533	1.00	9250	22.07.27	10:39	1	01	9250	9250	00	24035330	0	0	0	0	0	0	0	0
$1	5	4	2	0	0793	1.00	6690	22.07.27	10:41	1	01	6690	6690	00	24007931	0	0	0	0	0	0	0	0
$4	5	4	1	0	0	15940	15940
$1	5	5	1	0	2011	1.00	3150	22.07.27	11:01	2	01	3150	3150	00	680275060888	0	0	0	0	0	0	0	0
$4	5	5	1	0	0	3150	3150
$1	5	6	1	0	0546	1.00	2790	22.07.27	11:20	1	01	2790	2790	00	5907502687843	0	0	0	0	0	0	0	0
$1	5	6	2	0	2449	1.00	2700	22.07.27	11:20	1	01	2700	2700	00	5902249015225	0	0	0	0	0	0	0	0
$1	5	6	3	0	3392	1.00	100	22.07.27	11:21	1	01	100	100	00	5902249016864	0	0	0	0	0	0	0	0
$1	5	6	4	0	3702	1.00	2450	22.07.27	11:21	1	01	2450	2450	00	8691190595029	0	0	0	0	0	0	0	0
$1	5	6	5	0	3782	1.00	1890	22.07.27	11:21	1	01	1890	1890	00	18098	0	0	0	0	0	0	0	0
$4	5	6	1	0	0	9930	9930
$1	5	7	1	0	1068	1.00	650	22.07.27	11:22	2	01	650	650	00	5905279799400	0	0	0	0	0	0	0	0
$4	5	7	1	0	0	650	650
$1	5	8	1	0	1249	1.00	790	22.07.27	11:46	2	01	790	790	00	5909994310667	0	0	0	0	0	0	0	0
$1	5	8	2	0	2024	1.00	1990	22.07.27	11:53	1	01	1990	2490	00	10020241	0	0	0	0	0	0	0	1
$1	5	8	3	0	2024	1.00	1990	22.07.27	11:53	1	01	1990	2490	00	10020241	0	0	0	0	0	0	0	1
$1	5	8	4	0	0297	1.00	2000	22.07.27	11:53	1	01	2000	2000	00	800307842750	0	0	0	0	0	0	0	0
$1	5	8	5	0	0558	1.00	2350	22.07.27	11:53	1	01	2350	2350	00	5907502687959	0	0	0	0	0	0	0	0
$1	5	8	6	0	0607	1.00	2890	22.07.27	11:53	1	01	2890	2890	00	5902249011043	0	0	0	0	0	0	0	0
$1	5	8	7	0	0537	1.00	2790	22.07.27	11:53	1	01	2790	2790	00	5902249010121	0	0	0	0	0	0	0	0
$1	5	8	8	0	0041	1.000	2990	22.07.27	11:54	1	01	2990	2990	00	1962209016307	0	0	0	0	0	0	0	0
$1	5	8	9	0	3392	1.00	100	22.07.27	11:54	1	01	100	100	00	5902249016864	0	0	0	0	0	0	0	0
$1	5	8	10	0	3392	1.00	100	22.07.27	11:54	1	01	100	100	00	5902249016864	0	0	0	0	0	0	0	0
$4	5	8	1	0	0	17990	17990
$1	5	9	1	0	0971	1.00	790	22.07.27	11:56	2	01	790	790	00	5009718	0	0	0	0	0	0	0	0
$4	5	9	1	0	0	5000	5000
$4	5	9	1	0	1	4210	4210
$1	5	10	1	0	3038	1.00	750	22.07.27	12:11	2	01	750	750	00	20030384	0	0	0	0	0	0	0	0
$4	5	10	1	0	0	1000	1000
$4	5	10	1	0	1	250	250
$1	5	11	1	0	0298	1.00	650	22.07.27	12:27	2	01	650	650	00	25416	0	0	0	0	0	0	0	0
$4	5	11	1	0	0	2000	2000
$4	5	11	1	0	1	1350	1350
$1	5	12	1	0	3580	1.00	750	22.07.27	12:28	2	01	750	750	00	20035808	0	0	0	0	0	0	0	0
$4	5	12	1	0	0	750	750
$1	5	13	1	0	2315	1.00	1850	22.07.27	13:26	1	01	1850	1850	00	5903760202460	0	0	0	0	0	0	0	0
$4	5	13	1	0	0	1850	1850
$10	5	14	1	0	0859	1.00	2500	22.07.27	13:31	1	01	2500	2500	00	5906395235339	0	0	0	0	0	0	0	0
$1	5	14	1	0	0067	1.000	1650	22.07.27	13:31	1	01	1650	1650	00		0	0	0	0	0	0	0	0
$4	5	14	1	0	0	1650	1650
$1	5	15	1	0	3513	1.00	3650	22.07.27	14:21	1	01	3650	3650	00	24035132	0	0	0	0	0	0	0	0
$1	5	15	2	0	1826	1.00	2650	22.07.27	14:21	1	01	2650	2650	00	8018267	0	0	0	0	0	0	0	0
$1	5	15	3	0	0373	1.00	1790	22.07.27	14:23	1	01	1790	1790	00	5906874565285	0	0	0	0	0	0	0	0
$1	5	15	4	0	0371	1.00	1790	22.07.27	14:23	1	01	1790	1790	00	5906874565292	0	0	0	0	0	0	0	0
$4	5	15	1	0	0	9880	9880
$1	5	16	1	0	0541	1.00	2990	22.07.27	14:59	1	01	2990	2990	00	5902249010107	0	0	0	0	0	0	0	0
$1	5	16	2	0	0540	1.00	2490	22.07.27	14:59	1	01	2490	2490	00	5902249010091	0	0	0	0	0	0	0	0
$1	5	16	3	0	3392	1.00	100	22.07.27	14:59	1	01	100	100	00	5902249016864	0	0	0	0	0	0	0	0
$4	5	16	1	0	0	5580	5580
$1	5	17	1	0	2053	1.00	2550	22.07.27	15:06	1	01	2550	2550	00	11020530	0	0	0	0	0	0	0	0
$4	5	17	1	0	0	2550	2550
$1	5	18	1	0	0231	1.000	320	22.07.27	15:07	1	01	320	320	00		0	0	0	0	0	0	0	0
$4	5	18	1	0	0	320	320
$1	5	19	1	0	3043	1.00	700	22.07.27	15:41	2	01	700	700	00	20030438	0	0	0	0	0	0	0	0
$4	5	19	1	0	0	1000	1000
$4	5	19	1	0	1	300	300
$1	5	20	1	0	1150	1.00	1450	22.07.27	15:47	2	01	1450	1450	00	5909990628148	0	0	0	0	0	0	0	0
$1	5	20	2	0	1001	1.00	590	22.07.27	15:47	2	01	590	590	00	5909990903016	0	0	0	0	0	0	0	0
$1	5	20	3	0	1192	1.00	800	22.07.27	15:47	2	01	800	800	00	5909990219322	0	0	0	0	0	0	0	0
$4	5	20	1	0	0	2840	2840
$1	5	21	1	0	0195	1.000	750	22.07.27	15:50	1	01	750	750	00		0	0	0	0	0	0	0	0
$4	5	21	1	0	0	5000	5000
$4	5	21	1	0	1	4250	4250
$1	5	22	1	0	1055	1.00	890	22.07.27	16:31	4	01	890	890	00	5010554	0	0	0	0	0	0	0	0
$4	5	22	1	0	0	1000	1000
$4	5	22	1	0	1	110	110
$1	5	23	1	0	2648	1.00	1790	22.07.27	16:32	2	01	1790	1790	00	5904960012248	0	0	0	0	0	0	0	0
$4	5	23	1	0	0	2000	2000
$4	5	23	1	0	1	210	210
$1	5	24	1	0	3907	1.00	4325	22.07.27	16:59	1	01	4325	8650	00	28039075	0	0	0	0	0	0	0	1
$4	5	24	1	0	0	4325	4325
$14	01	22.07.28	09:54	4
$13	00	1	22.07.28	09:54	01	0	0	0	0	0	0	0	0	0	             
$1	6	1	1	0	3516	1.00	1550	22.07.28	09:55	4	01	1550	1550	00	703	0	0	0	0	0	0	0	0
$4	6	1	1	0	0	1550	1550
$1	6	2	1	0	4028	1.00	1350	22.07.28	10:00	1	01	1350	1350	00	8691190115081	0	0	0	0	0	0	0	0
$1	6	2	2	0	0026	1.000	590	22.07.28	10:00	1	01	590	590	00		0	0	0	0	0	0	0	0
$4	6	2	1	0	0	1940	1940
$1	6	3	1	0	1184	1.00	450	22.07.28	10:01	2	01	450	450	00	5909990628377	0	0	0	0	0	0	0	0
$1	6	3	2	0	2350	1.00	700	22.07.28	10:02	1	01	700	700	00	15023506	0	0	0	0	0	0	0	0
$4	6	3	1	0	0	1150	1150
$1	6	4	1	0	0012	1.000	1150	22.07.28	10:07	1	01	1150	1150	00		0	0	0	0	0	0	0	0
$4	6	4	1	0	0	1150	1150
$1	6	5	1	0	2024	1.00	2490	22.07.28	11:02	1	01	2490	2490	00	10020241	0	0	0	0	0	0	0	0
$1	6	5	2	0	0195	1.000	690	22.07.28	11:02	1	01	690	690	00		0	0	0	0	0	0	0	0
$4	6	5	1	0	0	10000	10000
$4	6	5	1	0	1	6820	6820
$10	6	6	1	0	0976	1.00	1590	22.07.28	11:23	2	01	1590	1590	00	5905279799011	0	0	0	0	0	0	0	0
$1	6	6	1	0	3327	1.00	950	22.07.28	11:24	4	01	950	950	00	22033277	0	0	0	0	0	0	0	0
$1	6	6	2	0	2663	1.00	790	22.07.28	11:24	4	01	790	790	00	17026635	0	0	0	0	0	0	0	0
$4	6	6	1	0	0	1740	1740
$1	6	7	1	0	2315	1.00	1850	22.07.28	11:31	1	01	1850	1850	00	5903760202460	0	0	0	0	0	0	0	0
$1	6	7	2	0	2345	1.00	1990	22.07.28	11:34	1	01	1990	1990	00	5900168907683	0	0	0	0	0	0	0	0
$4	6	7	1	0	0	3840	3840
$1	6	8	1	0	3509	1.00	4950	22.07.28	12:00	1	01	4950	4950	00	24035095	0	0	0	0	0	0	0	0
$4	6	8	1	0	0	10000	10000
$4	6	8	1	0	1	5050	5050
$1	6	9	1	0	0994	1.00	490	22.07.28	12:19	2	01	490	490	00	5906365702854	0	0	0	0	0	0	0	0
$1	6	9	2	0	1181	1.00	450	22.07.28	12:19	2	01	450	450	00	5909994310964	0	0	0	0	0	0	0	0
$4	6	9	1	0	0	940	940
$1	6	10	1	0	2648	1.00	1790	22.07.28	12:42	2	01	1790	1790	00	17026482	0	0	0	0	0	0	0	0
$4	6	10	1	0	0	5000	5000
$4	6	10	1	0	1	3210	3210
$1	6	11	1	0	1215	2.00	1300	22.07.28	12:59	2	01	1300	1300	00	5909994311213	0	0	0	0	0	0	0	0
$4	6	11	1	0	0	2000	2000
$4	6	11	1	0	1	700	700
$1	6	12	1	0	0324	1.00	1950	22.07.28	14:29	1	01	1950	1950	00	5905279370333	0	0	0	0	0	0	0	0
$4	6	12	1	0	0	1950	1950
$10	6	13	1	0	1436	1.00	2850	22.07.28	15:49	1	01	2850	2850	00	34014363	0	0	0	0	0	0	0	0
$10	6	13	2	0	1716	1.00	3550	22.07.28	15:49	1	01	3550	3550	00	34017166	0	0	0	0	0	0	0	0
$1	6	13	1	0	1716	1.00	3550	22.07.28	15:50	1	01	3550	3550	00	34017166	0	0	0	0	0	0	0	0
$4	6	13	1	0	0	3550	3550
$1	6	14	1	0	3863	1.00	125	22.07.28	15:55	1	01	125	250	00	26038636	0	0	0	0	0	0	0	1
$4	6	14	1	0	0	125	125
$1	6	15	1	0	0711	1.00	6450	22.07.28	16:05	1	01	6450	6450	00	3007112	0	0	0	0	0	0	0	0
$4	6	15	1	0	0	6450	6450
$1	6	16	1	0	2350	1.00	700	22.07.28	17:01	1	01	700	700	00	15023506	0	0	0	0	0	0	0	0
$4	6	16	1	0	0	700	700
$10	7	1	1	0	0002	1.000	200	22.07.28	17:49	1	01	200	200	00		0	0	0	0	0	0	0	0
$1	7	1	1	0	3818	1.00	2590	22.07.29	09:57	1	01	2590	2590	00	26038186	0	0	0	0	0	0	0	0
$4	7	1	1	0	0	2590	2590
$1	7	2	1	0	0041	1.000	4550	22.07.29	10:05	1	01	4550	4550	00		0	0	0	0	0	0	0	0
$4	7	2	1	0	0	4550	4550
$1	7	3	1	0	3338	1.00	4690	22.07.29	10:15	1	01	4690	4690	00	5900168901261	0	0	0	0	0	0	0	0
$1	7	3	2	0	1555	1.00	2890	22.07.29	10:15	4	01	2890	2890	00	7015557	0	0	0	0	0	0	0	0
$4	7	3	1	0	0	10000	10000
$4	7	3	1	0	1	2420	2420
$1	7	4	1	0	0475	1.00	2890	22.07.29	10:20	1	01	2890	2890	00	5907502687331	0	0	0	0	0	0	0	0
$4	7	4	1	0	0	2890	2890
$1	7	5	1	0	0976	1.00	1590	22.07.29	10:41	2	01	1590	1590	00	5905279799011	0	0	0	0	0	0	0	0
$1	7	5	2	0	4034	1.00	950	22.07.29	10:41	2	01	950	950	00	5905279799776	0	0	0	0	0	0	0	0
$1	7	5	3	0	1232	1.00	450	22.07.29	10:41	2	01	450	450	00	5909990219520	0	0	0	0	0	0	0	0
$1	7	5	4	0	1097	1.00	400	22.07.29	10:41	4	01	400	400	00	5909994310568	0	0	0	0	0	0	0	0
$4	7	5	1	0	0	5000	5000
$4	7	5	1	0	1	1610	1610
$1	7	6	1	0	0026	2.000	1180	22.07.29	10:47	1	01	1180	1180	00		0	0	0	0	0	0	0	0
$4	7	6	1	0	0	1180	1180
$1	7	7	1	0	3901	2.00	1900	22.07.29	11:25	1	01	1900	1900	00	28039013	0	0	0	0	0	0	0	0
$4	7	7	1	0	0	1900	1900
$1	7	8	1	0	2350	1.00	700	22.07.29	11:51	1	01	700	700	00	15023506	0	0	0	0	0	0	0	0
$4	7	8	1	0	0	700	700
$1	7	9	1	0	0444	1.00	475	22.07.29	12:53	2	01	475	950	00	25423	0	0	0	0	0	0	0	1
$4	7	9	1	0	0	475	475
$1	7	10	1	0	1715	1.00	2290	22.07.29	13:13	1	01	2290	2290	00	34017159	0	0	0	0	0	0	0	0
$4	7	10	1	0	0	2290	2290
$1	7	11	1	0	3254	2.00	2380	22.07.29	13:15	1	01	2380	2380	00	22032546	0	0	0	0	0	0	0	0
$1	7	11	2	0	0498	2.00	4980	22.07.29	13:15	1	01	4980	4980	00	5907502687546	0	0	0	0	0	0	0	0
$1	7	11	3	0	0574	1.00	3550	22.07.29	13:15	1	01	3550	3550	00	5902249010046	0	0	0	0	0	0	0	0
$1	7	11	4	0	2282	1.00	2390	22.07.29	13:15	1	01	2390	2390	00	5907502687775	0	0	0	0	0	0	0	0
$1	7	11	5	0	2341	1.00	1590	22.07.29	13:16	4	01	1590	1590	00	5903760200572	0	0	0	0	0	0	0	0
$1	7	11	6	0	0515	1.00	3190	22.07.29	13:16	1	01	3190	3190	00	5907502687782	0	0	0	0	0	0	0	0
$1	7	11	7	0	1444	1.00	1450	22.07.29	13:16	1	01	1450	1450	00	34014448	0	0	0	0	0	0	0	0
$1	7	11	8	0	1442	1.00	2150	22.07.29	13:16	1	01	2150	2150	00	34014424	0	0	0	0	0	0	0	0
$1	7	11	9	0	3392	1.00	100	22.07.29	13:16	1	01	100	100	00	5902249016864	0	0	0	0	0	0	0	0
$1	7	11	10	0	3392	1.00	100	22.07.29	13:16	1	01	100	100	00	5902249016864	0	0	0	0	0	0	0	0
$1	7	11	11	0	2024	1.00	2490	22.07.29	13:17	1	01	2490	2490	00	10020241	0	0	0	0	0	0	0	0
$1	7	11	12	0	0237	1.000	690	22.07.29	13:18	1	01	690	690	00		0	0	0	0	0	0	0	0
$4	7	11	1	0	0	25060	25060
$1	7	12	1	0	4064	1.00	1790	22.07.29	13:34	1	01	1790	1790	00	5902610970962	0	0	0	0	0	0	0	0
$4	7	12	1	0	0	2000	2000
$4	7	12	1	0	1	210	210
$1	7	13	1	0	1421	1.00	4290	22.07.29	13:46	1	01	4290	4290	00	499	0	0	0	0	0	0	0	0
$1	7	13	2	0	0986	1.00	590	22.07.29	13:46	2	01	590	590	00	5009862	0	0	0	0	0	0	0	0
$4	7	13	1	0	0	4880	4880
$1	7	14	1	0	1841	1.00	3190	22.07.29	14:23	1	01	3190	3190	00	8018410	0	0	0	0	0	0	0	0
$4	7	14	1	0	0	3190	3190
$1	7	15	1	0	2053	1.00	2550	22.07.29	15:28	1	01	2550	2550	00	11020530	0	0	0	0	0	0	0	0
$1	7	15	2	0	0227	1.000	690	22.07.29	15:28	1	01	690	690	00		0	0	0	0	0	0	0	0
$1	7	15	3	0	1574	2.00	1100	22.07.29	15:28	4	01	1100	1100	00	5906660817215	0	0	0	0	0	0	0	0
$4	7	15	1	0	0	4340	4340
$1	7	16	1	0	1825	2.00	4700	22.07.29	16:00	1	01	4700	4700	00	8018250	0	0	0	0	0	0	0	0
$4	7	16	1	0	0	4700	4700
$1	7	17	1	0	0297	1.00	2000	22.07.29	16:16	1	01	2000	2000	00	800307842750	0	0	0	0	0	0	0	0
$4	7	17	1	0	0	2000	2000
$1	7	18	1	0	0494	1.00	3500	22.07.29	16:20	1	01	3500	3500	00	5907502687409	0	0	0	0	0	0	0	0
$1	7	18	2	0	0546	1.00	2790	22.07.29	16:20	1	01	2790	2790	00	5907502687843	0	0	0	0	0	0	0	0
$1	7	18	3	0	3392	1.00	100	22.07.29	16:20	1	01	100	100	00	5902249016864	0	0	0	0	0	0	0	0
$4	7	18	1	0	0	10000	10000
$4	7	18	1	0	1	3610	3610
$1	7	19	1	0	3931	1.00	2250	22.07.29	16:25	1	01	2250	2250	00	8691190763121	0	0	0	0	0	0	0	0
$4	7	19	1	0	0	2250	2250
$1	7	20	1	0	1843	1.00	2650	22.07.29	16:29	1	01	2650	2650	00	8018434	0	0	0	0	0	0	0	0
$4	7	20	1	0	0	2650	2650
$1	7	21	1	0	2490	1.00	1850	22.07.29	16:43	1	01	1850	1850	00	5903760202439	0	0	0	0	0	0	0	0
$1	7	21	2	0	0359	1.00	990	22.07.29	16:43	1	01	990	990	00	5905279370104	0	0	0	0	0	0	0	0
$4	7	21	1	0	0	2840	2840
$14	01	22.07.30	09:21	4
$13	00	1	22.07.30	09:21	01	0	0	0	0	0	0	0	0	0	             
$1	8	1	1	0	1461	1.00	2850	22.07.30	10:04	1	01	2850	2850	00	34014615	0	0	0	0	0	0	0	0
$4	8	1	1	0	0	3000	3000
$4	8	1	1	0	1	150	150
$1	8	2	1	0	1040	5.00	2250	22.07.30	10:24	2	01	2250	2250	00	5906365702847	0	0	0	0	0	0	0	0
$4	8	2	1	0	0	2250	2250
$1	8	3	1	0	1427	1.00	4050	22.07.30	11:13	1	01	4050	4050	00	505	0	0	0	0	0	0	0	0
$1	8	3	2	0	2315	1.00	1850	22.07.30	11:19	1	01	1850	1850	00	5903760202460	0	0	0	0	0	0	0	0
$1	8	3	3	0	3100	1.00	1850	22.07.30	11:19	1	01	1850	1850	00	5903760202477	0	0	0	0	0	0	0	0
$4	8	3	1	0	0	7750	7750
$1	8	4	1	0	0031	2.000	4200	22.07.30	11:24	1	01	4200	4200	00		0	0	0	0	0	0	0	0
$1	8	4	2	0	1715	1.00	2290	22.07.30	11:25	1	01	2290	2290	00	34017159	0	0	0	0	0	0	0	0
$4	8	4	1	0	0	6490	6490
$1	8	5	1	0	3341	1.00	2990	22.07.30	11:30	1	01	2990	2990	00	5902249015980	0	0	0	0	0	0	0	0
$1	8	5	2	0	0785	1.00	4850	22.07.30	11:30	1	01	4850	4850	00	3007853	0	0	0	0	0	0	0	0
$1	8	5	3	0	0041	1.000	2150	22.07.30	11:31	1	01	2150	2150	00	3007051	0	0	0	0	0	0	0	0
$4	8	5	1	0	0	9990	9990
$1	8	6	1	0	3338	1.00	4690	22.07.30	12:10	1	01	4690	4690	00	5900168901261	0	0	0	0	0	0	0	0
$4	8	6	1	0	0	4690	4690
$1	8	7	1	0	0231	3.000	900	22.07.30	12:14	1	01	900	900	00		0	0	0	0	0	0	0	0
$1	8	7	2	0	0231	1.000	320	22.07.30	12:14	1	01	320	320	00		0	0	0	0	0	0	0	0
$4	8	7	1	0	0	1220	1220
$14	01	22.08.02	09:29	4
$13	00	1	22.08.02	09:29	01	0	0	0	0	0	0	0	0	0	             
$1	9	1	1	0	1231	2.00	980	22.08.02	10:41	2	01	980	980	00	5909994310469	0	0	0	0	0	0	0	0
$4	9	1	1	0	0	1000	1000
$4	9	1	1	0	1	020	020
$1	9	2	1	0	3682	1.00	3190	22.08.02	11:06	1	01	3190	3190	00	25911	0	0	0	0	0	0	0	0
$1	9	2	2	0	3901	1.00	950	22.08.02	11:06	1	01	950	950	00	28039013	0	0	0	0	0	0	0	0
$4	9	2	1	0	0	10000	10000
$4	9	2	1	0	1	5860	5860
$1	9	3	1	0	1820	1.00	1990	22.08.02	11:18	1	01	1990	1990	00	8018205	0	0	0	0	0	0	0	0
$1	9	3	2	0	2053	1.00	2550	22.08.02	11:18	1	01	2550	2550	00	11020530	0	0	0	0	0	0	0	0
$4	9	3	1	0	0	4540	4540
$1	9	4	1	0	3566	1.00	3990	22.08.02	12:41	1	01	3990	3990	00	24035668	0	0	0	0	0	0	0	0
$4	9	4	1	0	0	3990	3990
$1	9	5	1	0	2024	1.00	2490	22.08.02	12:50	1	01	2490	2490	00	10020241	0	0	0	0	0	0	0	0
$4	9	5	1	0	0	2490	2490
$1	9	6	1	0	2315	1.00	1850	22.08.02	13:09	1	01	1850	1850	00	5903760202460	0	0	0	0	0	0	0	0
$1	9	6	2	0	3486	1.00	2850	22.08.02	13:09	1	01	2850	2850	00	5903760201852	0	0	0	0	0	0	0	0
$1	9	6	3	0	3484	1.00	2850	22.08.02	13:09	1	01	2850	2850	00	5903760201845	0	0	0	0	0	0	0	0
$1	9	6	4	0	3074	1.00	1850	22.08.02	13:09	1	01	1850	1850	00	5903760202453	0	0	0	0	0	0	0	0
$1	9	6	5	0	3509	1.00	4950	22.08.02	13:09	1	01	4950	4950	00	24035095	0	0	0	0	0	0	0	0
$4	9	6	1	0	0	14350	14350
$1	9	7	1	0	1865	1.00	12190	22.08.02	13:39	1	01	12190	12190	00	8018656	0	0	0	0	0	0	0	0
$1	9	7	2	0	1841	1.00	3190	22.08.02	13:39	1	01	3190	3190	00	8018410	0	0	0	0	0	0	0	0
$4	9	7	1	0	0	15380	15380
$1	9	8	1	0	0103	2.000	1220	22.08.02	14:15	1	01	1220	1220	00		0	0	0	0	0	0	0	0
$1	9	8	2	0	1573	1.00	550	22.08.02	14:15	4	01	550	550	00	5906660817208	0	0	0	0	0	0	0	0
$4	9	8	1	0	0	2000	2000
$4	9	8	1	0	1	230	230
$1	9	9	1	0	1215	1.00	650	22.08.02	14:18	2	01	650	650	00	5909994311213	0	0	0	0	0	0	0	0
$4	9	9	1	0	0	650	650
$1	9	10	1	0	3898	1.00	2850	22.08.02	14:58	1	01	2850	2850	00	8691190157043	0	0	0	0	0	0	0	0
$4	9	10	1	0	0	5000	5000
$4	9	10	1	0	1	2150	2150
$1	9	11	1	0	3254	1.00	1190	22.08.02	15:29	1	01	1190	1190	00	22032546	0	0	0	0	0	0	0	0
$4	9	11	1	0	0	1190	1190
$1	9	12	1	0	1910	1.00	1790	22.08.02	15:37	1	01	1790	1790	00	9019102	0	0	0	0	0	0	0	0
$4	9	12	1	0	0	1790	1790
$1	9	13	1	0	2050	2.00	5100	22.08.02	16:08	1	01	5100	5100	00	11020509	0	0	0	0	0	0	0	0
$4	9	13	1	0	0	5100	5100
$1	9	14	1	0	3404	1.00	3050	22.08.02	16:13	1	01	3050	3050	00	25829	0	0	0	0	0	0	0	0
$1	9	14	2	0	0027	1.000	3050	22.08.02	16:14	1	01	3050	3050	00		0	0	0	0	0	0	0	0
$1	9	14	3	0	2936	1.00	3990	22.08.02	16:14	1	01	3990	3990	00	34029367	0	0	0	0	0	0	0	0
$1	9	14	4	0	0048	1.000	6850	22.08.02	16:15	1	01	6850	6850	00		0	0	0	0	0	0	0	0
$1	9	14	5	0	0002	1.000	2990	22.08.02	16:15	1	01	2990	2990	00		0	0	0	0	0	0	0	0
$1	9	14	6	0	3042	1.00	850	22.08.02	16:15	2	01	850	850	00	20030421	0	0	0	0	0	0	0	0
$1	9	14	7	0	3080	1.00	890	22.08.02	16:15	2	01	890	890	00	20024970	0	0	0	0	0	0	0	0
$1	9	14	8	0	0529	1.00	2490	22.08.02	16:15	1	01	2490	2490	00	5907502687904	0	0	0	0	0	0	0	0
$1	9	14	9	0	0528	1.00	2290	22.08.02	16:15	1	01	2290	2290	00	5907502687881	0	0	0	0	0	0	0	0
$1	9	14	10	0	3392	1.00	100	22.08.02	16:15	1	01	100	100	00	5902249016864	0	0	0	0	0	0	0	0
$4	9	14	1	0	0	26550	26550
$1	9	15	1	0	0584	1.00	4050	22.08.02	16:25	1	01	4050	4050	00	5902249010596	0	0	0	0	0	0	0	0
$1	9	15	2	0	0516	1.00	3250	22.08.02	16:25	1	01	3250	3250	00	5907502687751	0	0	0	0	0	0	0	0
$1	9	15	3	0	3392	1.00	100	22.08.02	16:26	1	01	100	100	00	5902249016864	0	0	0	0	0	0	0	0
$4	9	15	1	0	0	7400	7400
$1	9	16	1	0	2350	8.00	5600	22.08.02	16:49	1	01	5600	5600	00	15023506	0	0	0	0	0	0	0	0
$1	9	16	2	0	2053	1.00	2550	22.08.02	16:49	1	01	2550	2550	00	11020530	0	0	0	0	0	0	0	0
$1	9	16	3	0	0451	1.00	4250	22.08.02	16:50	1	01	4250	4250	00	5907502687102	0	0	0	0	0	0	0	0
$1	9	16	4	0	0643	1.00	3190	22.08.02	16:50	1	01	3190	3190	00	5902249012040	0	0	0	0	0	0	0	0
$1	9	16	5	0	3392	1.00	100	22.08.02	16:50	1	01	100	100	00	5902249016864	0	0	0	0	0	0	0	0
$4	9	16	1	0	0	15690	15690
$1	9	17	1	0	0396	1.00	1890	22.08.02	17:09	1	01	1890	1890	00	5900168907775	0	0	0	0	0	0	0	0
$1	9	17	2	0	2355	1.00	9850	22.08.02	17:09	1	01	9850	9850	00	1023558	0	0	0	0	0	0	0	0
$4	9	17	1	0	0	11740	11740
$1	9	18	1	0	3929	1.00	2450	22.08.02	17:10	1	01	2450	2450	00	26039299	0	0	0	0	0	0	0	0
$1	9	18	2	0	2876	1.00	8290	22.08.02	17:11	1	01	8290	8290	00	18028768	0	0	0	0	0	0	0	0
$4	9	18	1	0	0	10740	10740
$14	01	22.08.03	09:30	4
$13	00	1	22.08.03	09:30	01	0	0	0	0	0	0	0	0	0	             
$1	10	1	1	0	4061	1.00	3990	22.08.03	10:03	1	01	3990	3990	00	27040614	0	0	0	0	0	0	0	0
$4	10	1	1	0	0	3990	3990
$1	10	2	1	0	2053	1.00	2550	22.08.03	10:50	1	01	2550	2550	00	11020530	0	0	0	0	0	0	0	0
$4	10	2	1	0	0	5000	5000
$4	10	2	1	0	1	2450	2450
$1	10	3	1	0	1713	1.00	3190	22.08.03	11:27	1	01	3190	3190	00	34017135	0	0	0	0	0	0	0	0
$4	10	3	1	0	0	5000	5000
$4	10	3	1	0	1	1810	1810
$1	10	4	1	0	1184	1.00	450	22.08.03	11:34	2	01	450	450	00	5909990628377	0	0	0	0	0	0	0	0
$4	10	4	1	0	0	1000	1000
$4	10	4	1	0	1	550	550
$1	10	5	1	0	3678	1.00	4790	22.08.03	13:36	1	01	4790	4790	00	10000106	0	0	0	0	0	0	0	0
$1	10	5	2	0	2350	1.00	700	22.08.03	13:37	1	01	700	700	00	15023506	0	0	0	0	0	0	0	0
$1	10	5	3	0	2014	1.00	4990	22.08.03	13:37	2	01	4990	4990	00	9020146	0	0	0	0	0	0	0	0
$1	10	5	4	0	0225	1.000	200	22.08.03	13:37	1	01	200	200	00		0	0	0	0	0	0	0	0
$4	10	5	1	0	0	10680	10680
$1	10	6	1	0	0226	1.000	3390	22.08.03	14:29	1	01	3390	3390	00		0	0	0	0	0	0	0	0
$1	10	6	2	0	0297	1.00	2000	22.08.03	14:35	1	01	2000	2000	00	800307842750	0	0	0	0	0	0	0	0
$1	10	6	3	0	2053	1.00	2550	22.08.03	14:35	1	01	2550	2550	00	11020530	0	0	0	0	0	0	0	0
$4	10	6	1	0	0	10000	10000
$4	10	6	1	0	1	2060	2060
$1	10	7	1	0	0048	1.000	8390	22.08.03	14:49	1	01	8390	8390	00		0	0	0	0	0	0	0	0
$4	10	7	1	0	0	20000	20000
$4	10	7	1	0	1	11610	11610
$1	10	8	1	0	1881	1.00	4950	22.08.03	15:20	1	01	4950	4950	00	8018816	0	0	0	0	0	0	0	0
$4	10	8	1	0	0	4950	4950
$1	10	9	1	0	0041	1.000	3950	22.08.03	16:53	1	01	3950	3950	00		0	0	0	0	0	0	0	0
$1	10	9	2	0	0311	1.00	1850	22.08.03	16:54	1	01	1850	1850	00	5903111747039	0	0	0	0	0	0	0	0
$1	10	9	3	0	0354	1.00	2750	22.08.03	16:54	1	01	2750	2750	00	5900168907287	0	0	0	0	0	0	0	0
$4	10	9	1	0	0	8550	8550
$14	01	22.08.04	09:36	4
$13	00	1	22.08.04	09:36	01	0	0	0	0	0	0	0	0	0	             
$1	11	1	1	0	1507	1.00	5950	22.08.04	11:03	4	01	5950	5950	00	5907804205233	0	0	0	0	0	0	0	0
$1	11	1	2	0	2545	1.00	2750	22.08.04	11:03	2	01	2750	2750	00	17025454	0	0	0	0	0	0	0	0
$1	11	1	3	0	0972	1.00	390	22.08.04	11:03	4	01	390	390	00	5906365702359	0	0	0	0	0	0	0	0
$1	11	1	4	0	0977	1.00	690	22.08.04	11:03	2	01	690	690	00	5009770	0	0	0	0	0	0	0	0
$4	11	1	1	0	0	10000	10000
$4	11	1	1	0	1	220	220
$1	11	2	1	0	0451	1.00	4250	22.08.04	11:09	1	01	4250	4250	00	5907502687102	0	0	0	0	0	0	0	0
$4	11	2	1	0	0	4250	4250
$1	11	3	1	0	3042	1.00	850	22.08.04	11:20	2	01	850	850	00	20030421	0	0	0	0	0	0	0	0
$4	11	3	1	0	0	850	850
$1	11	4	1	0	3921	1.00	4950	22.08.04	11:29	1	01	4950	4950	00	10000120	0	0	0	0	0	0	0	0
$1	11	4	2	0	4100	1.00	5590	22.08.04	11:29	1	01	5590	5590	00	10000205	0	0	0	0	0	0	0	0
$1	11	4	3	0	3924	1.00	3650	22.08.04	11:29	1	01	3650	3650	00	10000137	0	0	0	0	0	0	0	0
$4	11	4	1	0	0	20000	20000
$4	11	4	1	0	1	5810	5810
$1	11	5	1	0	1268	1.00	7490	22.08.04	11:38	1	01	7490	7490	00	482	0	0	0	0	0	0	0	0
$4	11	5	1	0	0	7490	7490
$1	11	6	1	0	3668	1.00	4950	22.08.04	12:22	1	01	4950	4950	00	25751	0	0	0	0	0	0	0	0
$4	11	6	1	0	0	4950	4950
$1	11	7	1	0	1026	1.00	850	22.08.04	12:52	2	01	850	850	00	5905279799530	0	0	0	0	0	0	0	0
$4	11	7	1	0	0	1000	1000
$4	11	7	1	0	1	150	150
$10	11	8	1	0	0632	1.00	2590	22.08.04	13:14	1	01	2590	2590	00	5902249011371	0	0	0	0	0	0	0	0
$10	11	8	2	0	0613	1.00	2490	22.08.04	13:17	1	01	2490	2490	00	5902249011197	0	0	0	0	0	0	0	0
$10	11	8	3	0	2720	1.00	2790	22.08.04	13:17	2	01	2790	2790	00	17027205	0	0	0	0	0	0	0	0
$1	11	8	1	0	2720	1.00	2790	22.08.04	13:17	2	01	2790	2790	00	17027205	0	0	0	0	0	0	0	0
$4	11	8	1	0	0	2790	2790
$1	11	9	1	0	2009	1.00	3290	22.08.04	13:25	1	01	3290	3290	00	9020092	0	0	0	0	0	0	0	0
$4	11	9	1	0	0	4000	4000
$4	11	9	1	0	1	710	710
$1	11	10	1	0	0538	1.00	2490	22.08.04	14:12	1	01	2490	2490	00	5902249010077	0	0	0	0	0	0	0	0
$1	11	10	2	0	2827	1.00	11950	22.08.04	14:12	1	01	11950	11950	00	18028270	0	0	0	0	0	0	0	0
$4	11	10	1	0	0	14440	14440
$1	11	11	1	0	0736	1.00	4390	22.08.04	14:57	1	01	4390	4390	00	3007365	0	0	0	0	0	0	0	0
$4	11	11	1	0	0	4390	4390
$1	11	12	1	0	0444	1.00	475	22.08.04	15:17	2	01	475	950	00	25423	0	0	0	0	0	0	0	1
$4	11	12	1	0	0	475	475
$1	11	13	1	0	0031	1.000	2100	22.08.04	15:45	1	01	2100	2100	00		0	0	0	0	0	0	0	0
$4	11	13	1	0	0	2100	2100
$1	11	14	1	0	3366	1.00	7890	22.08.04	16:10	1	01	7890	7890	00	26123	0	0	0	0	0	0	0	0
$1	11	14	2	0	0929	1.00	3200	22.08.04	16:10	1	01	3200	3200	00	4009290	0	0	0	0	0	0	0	0
$1	11	14	3	0	0473	1.00	2390	22.08.04	16:10	1	01	2390	2390	00	5907502687317	0	0	0	0	0	0	0	0
$1	11	14	4	0	0502	1.00	2390	22.08.04	16:10	1	01	2390	2390	00	5907502687522	0	0	0	0	0	0	0	0
$1	11	14	5	0	0048	1.000	12900	22.08.04	16:10	1	01	12900	12900	00	5907688710878	0	0	0	0	0	0	0	0
$1	11	14	6	0	3392	1.00	100	22.08.04	16:10	1	01	100	100	00	5902249016864	0	0	0	0	0	0	0	0
$4	11	14	1	0	0	28870	28870
$1	11	15	1	0	1112	1.00	690	22.08.04	16:58	2	01	690	690	00	5906365702267	0	0	0	0	0	0	0	0
$4	11	15	1	0	0	5000	5000
$4	11	15	1	0	1	4310	4310
$1	11	16	1	0	0601	1.00	2790	22.08.04	17:18	1	01	2790	2790	00	5902249010992	0	0	0	0	0	0	0	0
$4	11	16	2	0	0	2790	2790
$12	12	1	1	0	0002	1.000	400	22.08.04	18:25	1	01	400	500	00		0	0	0	0	0	0	0	1
$12	12	1	2	0	0529	1.00	2490	22.08.04	18:26	1	01	2490	2490	00	5907502687904	0	0	0	0	0	0	0	0
