#1	COM255:1:STX6:1	5	2023.01.13	18:24	OPSpRoz4	WIN 13.32.2020	OPSPROZ4IN.txt	OPSPROZ4OUT.txt
#
#ELZAB Jota online 20000 PLU II gen. ver. 01 (identyfikator odczytany z urzadzenia i pliku ECRTBUF.TXT)
$1	115	16	1	0	2947	1.00	1490	22.12.20	12:45	1	01	1490	1490	00	8691190466084	0	0	0	0	0	0	0	0
$1	115	16	2	0	4465	1.00	1650	22.12.20	12:49	2	01	1650	1650	00	10006306	0	0	0	0	0	0	0	0
$4	115	16	2	0	0	3140	3140
$1	115	17	1	0	4532	1.00	7550	22.12.20	12:50	1	01	7550	7550	00	10007082	0	0	0	0	0	0	0	0
$4	115	17	2	0	0	7550	7550
$1	115	18	1	0	1881	1.00	5290	22.12.20	13:49	1	01	5290	5290	00	5711914172794	0	0	0	0	0	0	0	0
$1	115	18	2	0	2707	1.00	490	22.12.20	13:49	4	01	490	2450	00	17027076	0	0	0	0	0	0	0	1
$4	115	18	1	0	0	5780	5780
$1	115	19	1	0	4232	1.00	1290	22.12.20	13:55	1	01	1290	1290	00	18128	0	0	0	0	0	0	0	0
$1	115	19	2	0	0195	1.000	550	22.12.20	13:55	1	01	550	550	00		0	0	0	0	0	0	0	0
$1	115	19	3	0	2024	1.00	2490	22.12.20	13:55	1	01	2490	2490	00	10020241	0	0	0	0	0	0	0	0
$1	115	19	4	0	3906	1.00	3950	22.12.20	13:55	1	01	3950	3950	00	28039068	0	0	0	0	0	0	0	0
$4	115	19	2	0	0	8280	8280
$1	115	20	1	0	0331	1.00	1850	22.12.20	13:56	1	01	1850	1850	00	5900168908130	0	0	0	0	0	0	0	0
$1	115	20	2	0	1503	1.00	2690	22.12.20	13:57	4	01	2690	2690	00	7015038	0	0	0	0	0	0	0	0
$4	115	20	2	0	0	4540	4540
$1	115	21	1	0	4548	1.00	4350	22.12.20	14:01	1	01	4350	4350	00	10007228	0	0	0	0	0	0	0	0
$4	115	21	2	0	0	4350	4350
$1	115	22	1	0	1513	1.00	2190	22.12.20	14:05	4	01	2190	2190	00	7015137	0	0	0	0	0	0	0	0
$4	115	22	2	0	0	2190	2190
$1	115	23	1	0	4461	1.00	2790	22.12.20	14:18	1	01	2790	2790	00	10006269	0	0	0	0	0	0	0	0
$1	115	23	2	0	4464	1.00	2790	22.12.20	14:18	1	01	2790	2790	00	10006290	0	0	0	0	0	0	0	0
$4	115	23	2	0	0	5580	5580
$1	115	24	1	0	4450	2.00	7100	22.12.20	14:29	1	01	7100	7100	00	10006153	0	0	0	0	0	0	0	0
$4	115	24	2	0	0	7100	7100
$1	115	25	1	0	0587	1.00	990	22.12.20	14:32	1	01	990	1300	00	5902249011166	0	0	0	0	0	0	0	1
$1	115	25	2	0	0571	1.00	990	22.12.20	14:33	1	01	990	1300	00	5902249011142	0	0	0	0	0	0	0	1
$1	115	25	3	0	0544	1.00	990	22.12.20	14:33	1	01	990	1300	00	5902249011159	0	0	0	0	0	0	0	1
$1	115	25	4	0	0611	1.00	990	22.12.20	14:33	1	01	990	1300	00	5902249011173	0	0	0	0	0	0	0	1
$4	115	25	2	0	0	3960	3960
$1	115	26	1	0	3901	1.00	950	22.12.20	14:49	1	01	950	950	00	28039013	0	0	0	0	0	0	0	0
$4	115	26	2	0	0	950	950
$1	115	27	1	0	1537	1.00	1890	22.12.20	14:58	4	01	1890	1890	00	7015373	0	0	0	0	0	0	0	0
$4	115	27	2	0	0	1890	1890
$1	115	28	1	0	4541	1.00	2890	22.12.20	15:30	4	01	2890	2890	00	35027416	0	0	0	0	0	0	0	0
$4	115	28	1	0	0	3000	3000
$4	115	28	1	0	1	110	110
$1	115	29	1	0	4543	1.00	4350	22.12.20	15:31	1	01	4350	4350	00	35027430	0	0	0	0	0	0	0	0
$1	115	29	2	0	4531	1.00	5190	22.12.20	15:31	1	01	5190	5190	00	10007075	0	0	0	0	0	0	0	0
$4	115	29	2	0	0	9540	9540
$1	115	30	1	0	1503	1.00	2690	22.12.20	15:41	4	01	2690	2690	00	7015038	0	0	0	0	0	0	0	0
$1	115	30	2	0	4542	1.00	4350	22.12.20	15:41	1	01	4350	4350	00	35027461	0	0	0	0	0	0	0	0
$1	115	30	3	0	3361	1.00	1190	22.12.20	15:41	1	01	1190	1190	00	22033611	0	0	0	0	0	0	0	0
$1	115	30	4	0	2704	1.00	1990	22.12.20	15:41	2	01	1990	1990	00	17027045	0	0	0	0	0	0	0	0
$1	115	30	5	0	1587	1.00	1650	22.12.20	15:41	1	01	1650	1650	00	7015878	0	0	0	0	0	0	0	0
$4	115	30	1	0	0	20000	20000
$4	115	30	1	0	1	8130	8130
$1	115	31	1	0	0041	2.000	8380	22.12.20	15:52	1	01	8380	8380	00		0	0	0	0	0	0	0	0
$1	115	31	2	0	2060	1.00	2790	22.12.20	15:52	1	01	2790	2790	00	12020607	0	0	0	0	0	0	0	0
$1	115	31	3	0	2289	1.00	2150	22.12.20	15:52	1	01	2150	2150	00	10000458	0	0	0	0	0	0	0	0
$1	115	31	4	0	3254	1.00	1290	22.12.20	15:54	1	01	1290	1290	00	22032546	0	0	0	0	0	0	0	0
$1	115	31	5	0	3901	1.00	950	22.12.20	15:54	1	01	950	950	00	28039013	0	0	0	0	0	0	0	0
$1	115	31	6	0	0571	1.00	990	22.12.20	15:54	1	01	990	1300	00	5902249011142	0	0	0	0	0	0	0	1
$1	115	31	7	0	2050	1.00	2850	22.12.20	15:56	1	01	2850	2850	00	11020509	0	0	0	0	0	0	0	0
$4	115	31	1	0	0	20000	20000
$4	115	31	1	0	1	600	600
$1	115	32	1	0	4483	1.00	3350	22.12.20	15:58	1	01	3350	3350	00	10006474	0	0	0	0	0	0	0	0
$1	115	32	2	0	2270	1.00	4190	22.12.20	15:59	1	01	4190	4190	00	10006900	0	0	0	0	0	0	0	0
$1	115	32	3	0	4443	1.00	3050	22.12.20	15:59	1	01	3050	3050	00	10005873	0	0	0	0	0	0	0	0
$1	115	32	4	0	1891	1.00	3250	22.12.20	15:59	1	01	3250	3250	00	10005958	0	0	0	0	0	0	0	0
$1	115	32	5	0	1893	1.00	3050	22.12.20	15:59	1	01	3050	3050	00	10006030	0	0	0	0	0	0	0	0
$1	115	32	6	0	4531	1.00	5190	22.12.20	16:00	1	01	5190	5190	00	10007075	0	0	0	0	0	0	0	0
$4	115	32	2	0	0	22080	22080
$1	115	33	1	0	0331	1.00	1850	22.12.20	16:03	1	01	1850	1850	00	5900168908130	0	0	0	0	0	0	0	0
$1	115	33	2	0	0463	1.00	2500	22.12.20	16:03	1	01	2500	2500	00	5907502687249	0	0	0	0	0	0	0	0
$4	115	33	2	0	0	4350	4350
$1	115	34	1	0	2010	1.00	3190	22.12.20	16:06	2	01	3190	3190	00	9020108	0	0	0	0	0	0	0	0
$4	115	34	1	0	0	3500	3500
$4	115	34	1	0	1	310	310
$1	115	35	1	0	4257	1.00	3990	22.12.20	16:20	1	01	3990	3990	00	10002124	0	0	0	0	0	0	0	0
$1	115	35	2	0	0611	1.00	990	22.12.20	16:20	1	01	990	1300	00	5902249011173	0	0	0	0	0	0	0	1
$4	115	35	1	0	0	5000	5000
$4	115	35	1	0	1	020	020
$1	115	36	1	0	3671	1.00	2850	22.12.20	17:34	1	01	2850	2850	00	10005989	0	0	0	0	0	0	0	0
$1	115	36	2	0	4460	1.00	490	22.12.20	17:34	2	01	490	490	00	10006252	0	0	0	0	0	0	0	0
$1	115	36	3	0	4456	1.00	690	22.12.20	17:35	1	01	690	690	00	10006214	0	0	0	0	0	0	0	0
$1	115	36	4	0	0895	1.00	4400	22.12.20	17:35	1	01	4400	4400	00	4008958	0	0	0	0	0	0	0	0
$1	115	36	5	0	4475	1.00	3790	22.12.20	17:35	1	01	3790	3790	00	10006399	0	0	0	0	0	0	0	0
$1	115	36	6	0	0571	1.00	990	22.12.20	17:35	1	01	990	1300	00	5902249011142	0	0	0	0	0	0	0	1
$1	115	36	7	0	4192	1.00	550	22.12.20	17:35	1	01	550	550	00	8691190643331	0	0	0	0	0	0	0	0
$4	115	36	2	0	0	13760	13760
$14	01	22.12.21	09:28	4
$13	00	1	22.12.21	09:28	01	0	0	0	0	0	0	0	0	0	             
$10	116	1	1	0	3581	1.00	1550	22.12.21	09:31	1	01	1550	1550	00	20035815	0	0	0	0	0	0	0	0
$1	116	1	1	0	0002	1.000	1900	22.12.21	09:32	1	01	1900	1900	00		0	0	0	0	0	0	0	0
$4	116	1	1	0	0	1900	1900
$1	116	2	1	0	4400	1.00	6390	22.12.21	09:50	1	01	6390	6390	00	10005392	0	0	0	0	0	0	0	0
$1	116	2	2	0	0472	1.00	990	22.12.21	09:51	1	01	990	1300	00	5907502687300	0	0	0	0	0	0	0	1
$4	116	2	2	0	0	7380	7380
$1	116	3	1	0	2061	1.00	2250	22.12.21	09:55	1	01	2250	2250	00	12020614	0	0	0	0	0	0	0	0
$4	116	3	2	0	0	2250	2250
$1	116	4	1	0	1233	1.00	700	22.12.21	10:07	2	01	700	700	00	5909990628223	0	0	0	0	0	0	0	0
$1	116	4	2	0	2706	1.00	1990	22.12.21	10:08	2	01	1990	1990	00	17027069	0	0	0	0	0	0	0	0
$4	116	4	2	0	0	2690	2690
$1	116	5	1	0	3650	1.00	3450	22.12.21	10:17	1	01	3450	3450	00	9036505	0	0	0	0	0	0	0	0
$1	116	5	2	0	4257	1.00	3990	22.12.21	10:17	1	01	3990	3990	00	10002124	0	0	0	0	0	0	0	0
$1	116	5	3	0	3901	1.00	950	22.12.21	10:17	1	01	950	950	00	28039013	0	0	0	0	0	0	0	0
$4	116	5	2	0	0	8390	8390
$1	116	6	1	0	1249	2.00	1580	22.12.21	10:20	2	01	1580	1580	00	5909994310667	0	0	0	0	0	0	0	0
$4	116	6	1	0	0	2000	2000
$4	116	6	1	0	1	420	420
$1	116	7	1	0	0027	1.000	3050	22.12.21	10:34	1	01	3050	3050	00		0	0	0	0	0	0	0	0
$1	116	7	2	0	2420	1.00	2550	22.12.21	10:35	1	01	2550	2550	00	16024205	0	0	0	0	0	0	0	0
$1	116	7	3	0	4463	1.00	2790	22.12.21	10:35	1	01	2790	2790	00	10006283	0	0	0	0	0	0	0	0
$1	116	7	4	0	0571	1.00	990	22.12.21	10:35	1	01	990	1300	00	5902249011142	0	0	0	0	0	0	0	1
$1	116	7	5	0	3024	1.00	550	22.12.21	10:36	2	01	550	550	00	10003695	0	0	0	0	0	0	0	0
$1	116	7	6	0	4156	1.00	3290	22.12.21	10:36	1	01	3290	3290	00	10000892	0	0	0	0	0	0	0	0
$1	116	7	7	0	2711	1.00	1990	22.12.21	10:36	2	01	1990	1990	00	17027113	0	0	0	0	0	0	0	0
$1	116	7	8	0	4456	1.00	690	22.12.21	10:36	1	01	690	690	00	10006214	0	0	0	0	0	0	0	0
$1	116	7	9	0	2264	1.00	750	22.12.21	10:36	2	01	750	750	00	20022648	0	0	0	0	0	0	0	0
$1	116	7	10	0	2265	1.00	850	22.12.21	10:36	2	01	850	850	00	10003848	0	0	0	0	0	0	0	0
$1	116	7	11	0	3125	1.00	850	22.12.21	10:36	2	01	850	850	00	10004005	0	0	0	0	0	0	0	0
$1	116	7	12	0	3319	1.00	1950	22.12.21	10:36	2	01	1950	1950	00	22033192	0	0	0	0	0	0	0	0
$1	116	7	13	0	2706	1.00	1990	22.12.21	10:36	2	01	1990	1990	00	17027069	0	0	0	0	0	0	0	0
$1	116	7	14	0	3808	1.00	1550	22.12.21	10:36	1	01	1550	1550	00	26038087	0	0	0	0	0	0	0	0
$1	116	7	15	0	4034	1.00	990	22.12.21	10:37	2	01	990	990	00	19903	0	0	0	0	0	0	0	0
$1	116	7	16	0	2663	1.00	790	22.12.21	10:37	4	01	790	790	00	17026635	0	0	0	0	0	0	0	0
$1	116	7	17	0	2361	1.00	2450	22.12.21	10:37	1	01	2450	2450	00	16023611	0	0	0	0	0	0	0	0
$1	116	7	18	0	3449	1.00	2190	22.12.21	10:37	1	01	2190	2190	00	16034495	0	0	0	0	0	0	0	0
$1	116	7	19	0	4134	1.00	3750	22.12.21	10:40	1	01	3750	3750	00	10000656	0	0	0	0	0	0	0	0
$1	116	7	20	0	0041	1.000	1590	22.12.21	10:41	1	01	1590	1590	00		0	0	0	0	0	0	0	0
$4	116	7	2	0	0	35600	35600
$1	116	8	1	0	1543	1.00	5250	22.12.21	10:44	4	01	5250	5250	00	7015434	0	0	0	0	0	0	0	0
$1	116	8	2	0	2350	1.00	790	22.12.21	10:44	1	01	790	790	00	15023506	0	0	0	0	0	0	0	0
$4	116	8	2	0	0	6040	6040
$1	116	9	1	0	4475	1.00	3790	22.12.21	11:06	1	01	3790	3790	00	10006399	0	0	0	0	0	0	0	0
$1	116	9	2	0	2341	1.00	2350	22.12.21	11:06	1	01	2350	2350	00	10004937	0	0	0	0	0	0	0	0
$4	116	9	2	0	0	6140	6140
$1	116	10	1	0	3293	1.00	1690	22.12.21	11:10	2	01	1690	1690	00	22032935	0	0	0	0	0	0	0	0
$4	116	10	2	0	0	1690	1690
$1	116	11	1	0	1249	1.00	790	22.12.21	11:14	2	01	790	790	00	5909994310667	0	0	0	0	0	0	0	0
$1	116	11	2	0	4134	1.00	3750	22.12.21	11:14	1	01	3750	3750	00	10000656	0	0	0	0	0	0	0	0
$4	116	11	1	0	0	5000	5000
$4	116	11	1	0	1	460	460
$1	116	12	1	0	1893	1.00	3050	22.12.21	11:31	1	01	3050	3050	00	10006030	0	0	0	0	0	0	0	0
$1	116	12	2	0	0363	1.00	1390	22.12.21	11:31	1	01	1390	1390	00	5900168902923	0	0	0	0	0	0	0	0
$1	116	12	3	0	2350	1.00	790	22.12.21	11:32	1	01	790	790	00	15023506	0	0	0	0	0	0	0	0
$1	116	12	4	0	3902	1.00	1390	22.12.21	11:32	1	01	1390	1390	00	28039020	0	0	0	0	0	0	0	0
$4	116	12	2	0	0	6620	6620
$1	116	13	1	0	4316	1.00	1450	22.12.21	12:07	4	01	1450	1450	00	10003855	0	0	0	0	0	0	0	0
$4	116	13	1	0	0	2000	2000
$4	116	13	1	0	1	550	550
$1	116	14	1	0	4475	1.00	3790	22.12.21	12:10	1	01	3790	3790	00	5903760205300	0	0	0	0	0	0	0	0
$4	116	14	1	0	0	10000	10000
$4	116	14	1	0	1	6210	6210
$1	116	15	1	0	4462	1.00	2790	22.12.21	12:24	1	01	2790	2790	00	10006276	0	0	0	0	0	0	0	0
$1	116	15	2	0	3906	1.00	3950	22.12.21	12:24	1	01	3950	3950	00	28039068	0	0	0	0	0	0	0	0
$1	116	15	3	0	0225	1.000	250	22.12.21	12:25	1	01	250	250	00		0	0	0	0	0	0	0	0
$4	116	15	2	0	0	6990	6990
$1	116	16	1	0	4493	1.00	1990	22.12.21	12:29	1	01	1990	1990	00	10006573	0	0	0	0	0	0	0	0
$1	116	16	2	0	4463	1.00	2790	22.12.21	12:29	1	01	2790	2790	00	10006283	0	0	0	0	0	0	0	0
$4	116	16	2	0	0	4780	4780
$1	116	17	1	0	4464	1.00	2790	22.12.21	12:42	1	01	2790	2790	00	10006290	0	0	0	0	0	0	0	0
$4	116	17	1	0	0	5000	5000
$4	116	17	1	0	1	2210	2210
$1	116	18	1	0	4541	1.00	2890	22.12.21	12:54	4	01	2890	2890	00	35027416	0	0	0	0	0	0	0	0
$1	116	18	2	0	0041	1.000	5890	22.12.21	12:55	1	01	5890	5890	00		0	0	0	0	0	0	0	0
$1	116	18	3	0	0041	1.000	3750	22.12.21	12:55	1	01	3750	3750	00		0	0	0	0	0	0	0	0
$1	116	18	4	0	1958	1.00	1990	22.12.21	12:55	1	01	1990	1990	00	9019584	0	0	0	0	0	0	0	0
$1	116	18	5	0	1922	1.00	1790	22.12.21	12:55	1	01	1790	1790	00	9019225	0	0	0	0	0	0	0	0
$1	116	18	6	0	2019	1.00	1790	22.12.21	12:55	1	01	1790	1790	00	9020191	0	0	0	0	0	0	0	0
$1	116	18	7	0	0027	1.000	2950	22.12.21	12:58	1	01	2950	2950	00	10005897	0	0	0	0	0	0	0	0
$4	116	18	2	0	0	21050	21050
$1	116	19	1	0	4367	1.00	2190	22.12.21	13:09	1	01	2190	2190	00	10005064	0	0	0	0	0	0	0	0
$1	116	19	2	0	0544	1.00	990	22.12.21	13:10	1	01	990	1300	00	5902249011159	0	0	0	0	0	0	0	1
$4	116	19	2	0	0	3180	3180
$1	116	20	1	0	4368	1.00	2790	22.12.21	13:17	1	01	2790	2790	00	10005071	0	0	0	0	0	0	0	0
$1	116	20	2	0	4094	1.00	1790	22.12.21	13:17	1	01	1790	1790	00	5903760203146	0	0	0	0	0	0	0	0
$4	116	20	2	0	0	4580	4580
$1	116	21	1	0	3901	1.00	950	22.12.21	13:22	1	01	950	950	00	28039013	0	0	0	0	0	0	0	0
$4	116	21	2	0	0	950	950
$1	116	22	1	0	1507	4.00	25400	22.12.21	14:06	4	01	25400	25400	00	7015076	0	0	0	0	0	0	0	0
