#1
#1
#1
$3495	911/D-42/1 Kubek                  	1	1	2	1	0	5907155486107	4350	0
$3533	1353S1353P/D-487/3 Imbryk z Pokr  	1	1	2	1	0	5907156288960	8850	0
$3593	1836A/D-42/1 Miska                	1	1	2	1	0	5907156184583	4190	0
$3600	836/A-166A/1 Spodek               	1	1	2	1	0	5907154649589	3090	0
$446	1105/D-OK25/3 Kubek               	1	1	2	1	0	5907156327799	4200	0
$822	1105/A-166A/2 Kubek               	1	1	2	1	0	5907154335277	4290	0
$946	814/D-42/1 Talerz                 	1	1	2	1	0	5907155478812	3290	0
$947	814/D-42/2 Talerz                 	1	1	2	1	0	5907155478829	3150	0
$1257	883/D-42/1 Filizanka              	1	1	2	1	0	5907154464441	3000	0
$1258	883/D-8/1 Filizanka               	1	1	2	1	0	5907154464489	3000	0
$1261	883S/D-42/1 Spodek                	1	1	2	1	0	5907156184507	2600	0
$1262	883S/D-8/1 Spodek                 	1	1	2	1	0	5907156203635	2600	0
$1265	912/A-166A/2 Kubek                	1	1	2	1	0	5907154408179	4350	0
$1268	912/D-1044/2 Kubek                	1	1	2	1	0	5907156008254	3590	0
$1424	922/D-37/1 Filizanka              	1	1	2	1	0	5907154344804	4690	0
$1428	945/D-42/1 Mlecznik               	1	1	2	1	0	5907155492481	3690	0
$2947	2023/D-42/1 Tacka Do SUSHI        	1	1	2	1	0	5907157205218	5800	0
$3213	1067/A-166A/2 Podgrzewacz         	1	1	2	1	0	5907154412497	5390	0
$3214	1105/D-42/1 Kubek                 	1	1	2	1	0	5907155479789	3750	0
$3215	1105/D-OK23/2 Kubek               	1	1	2	1	0	5907155007326	3550	0
$3216	1117/D-8/2 Spodek                 	1	1	2	1	0	5907154900918	1890	0
$3217	11211117/D-8/1 Filizanka Ze Spod  	1	1	2	1	0	5907156543779	5490	0
$3218	1160/D-42/1 Dzbanek               	1	1	2	1	0	5907154178348	11250	0
$3219	1357/A-166A/2 Kubek               	1	1	2	1	0	5907154586396	3550	0
$3220	1357/D-8/1 Kubek                  	1	1	2	1	0	5907154586402	3150	0
$3221	596S596P/D-1044/2 Czajnik z Pokr  	1	1	2	1	0	5907156087372	10290	0
$3222	872/D-42/1 Kubek                  	1	1	2	1	0	5907154090527	3190	0
$3223	872/D-42/2 Kubek                  	1	1	2	1	0	5907154090534	3050	0
$3224	911/A-166A/2 Kubek                	1	1	2	1	0	5907154318256	4950	0
$3225	911/D-1044/1 Kubek                	1	1	2	1	0	5907156008209	4350	0
$3226	912/D-42/2 Kubek                  	1	1	2	1	0	5907154130421	3590	0
$3227	922/D-41/1 Filizanka              	1	1	2	1	0	5907154344828	4690	0
$3228	1105/D-82/2 Kubek                 	1	1	2	1	0	5907154185339	3890	0
$3229	1358/A-226A/1 Talerz              	1	1	2	1	0	5907155169291	2590	0
$3230	1409/D-1106/3 Figurka Balwanek    	1	1	2	1	0	5907157859886	3750	0
$3231	1452/A-1220A/2 Kubek              	1	1	2	1	0	5907157049942	3850	0
$3232	1595/D-1113/3 Filizanka           	1	1	2	1	0	5907157866259	2890	0
$3233	1599/A-992A/2 Kubek               	1	1	2	1	0	5907156949885	4050	0
$3234	1599/A-992A/3 Kubek               	1	1	2	1	0	5907157198664	3490	0
$3235	1599/ART-281/2 Kubek              	1	1	2	1	0	5907155922414	5550	0
$3236	1599/D-1090/3 Kubek               	1	1	2	1	0	5907156372577	3690	0
$3237	1610/DU-155/3 Talerz              	1	1	2	1	0	5907156236053	4400	0
$3238	1950A/DU-157/3 Miseczka           	1	1	2	1	0	5907157755294	2950	0
$3239	1951A/D-41/3 Miseczka             	1	1	2	1	0	5907156766505	2490	0
$3240	1958/D-42/3 Podstawka Czajniczek  	1	1	2	1	0	5907157301958	2250	0
$3241	597S597P/D-41/3 Czajnik z Pokrywa 	1	1	2	1	0	5907156148608	9350	0
$3242	775/A-166A/3 Filizanka            	1	1	2	1	0	5907156160990	2590	0
$3243	814/D-962/2 Talerz                	1	1	2	1	0	5907155657347	2750	0
$3244	818/D-37/3 Talerz                 	1	1	2	1	0	5907156364916	1850	0
$3245	818/DU-147/1 Talerz               	1	1	2	1	0	5907155937234	4150	0
$3246	872/A-296A/1 Kubek                	1	1	2	1	0	5907154830055	3750	0
$3247	872/D-1044/2 Kubek                	1	1	2	1	0	5907156008230	2650	0
$3248	883/D-42/3 Filizanka              	1	1	2	1	0	5907156157341	2150	0
$3249	883883S/DU-60/3 Filizanka Ze Spod 	1	1	2	1	0	5907156506620	6350	0
$3250	884S884P/D-487/3 Imbryk Z Pokrywa 	1	1	2	1	0	5907157357498	7250	0
$3251	911/A-13A/1 Kubek                 	1	1	2	1	0	5907155425946	5090	0
$3252	911/ART-352/3 Kubek               	1	1	2	1	0	5907157818685	4490	0
$3253	912/A-226A/2 Kubek                	1	1	2	1	0	5907154602638	3750	0
$3254	913/D-42/3 Kubek                  	1	1	2	1	0	5907156208173	2650	0
$3255	BRE1/A-166A/3 Brelok do kluczy    	1	1	2	1	0	5907157746926	2750	0
$3256	BRE1/D-8/3 Brelok do kluczy       	1	1	2	1	0	5907157746117	2290	0
$3257	BRE2/D-8/3 Brelok do kluczy       	1	1	2	1	0	5907157746148	2290	0
