#1
#1
#1
$3546	Talerz 1610/DU-184/3              	1	1	2	1	0	5907156377923	4190	0
$3578	Kubek 912/D-962/2                 	1	1	2	1	0	5907155817710	3150	0
$3579	Kubek 912/D-964/3                 	1	1	2	1	0	5907156700127	3150	0
$414	CZAJNIK 1,5L C017J8TU1            	1	1	2	1	0	24004145	11690	0
$415	FIGURKA KACZKA DUZA F03800701     	1	1	2	1	0	24004152	2990	0
$416	FIGURKA KOT TOM MAtY F089E0371    	1	1	2	1	0	24004169	1990	0
$417	FIGURKA KOT TOM SREDNI F09000701  	1	1	2	1	0	24004176	2650	0
$418	FIGURKA ZAJAC F04900701           	1	1	2	1	0	24004183	2950	0
$419	FILIZANKA+SPODEK MM F130GZ421     	1	1	2	1	0	24004190	7050	0
$420	FILIZANKA+SPODEK F043GZ301        	1	1	2	1	0	24004206	5290	0
$421	FILIZANKA+SPODEK F043GZ331        	1	1	2	1	0	24004213	5290	0
$422	FILIZANKA+SPOD EK F043SB041       	1	1	2	1	0	24004220	6590	0
$423	FILIZANKA+SPODEK F043SB061        	1	1	2	1	0	24004237	6590	0
$424	KUBEK 0,3L K0641Z202              	1	1	2	1	0	24004244	4450	0
$425	KUBEK 0,3L K064SEMC2              	1	1	2	1	0	24004251	2990	0
$426	KUBEK 0,6L K056SEMC2              	1	1	2	1	0	24004268	3690	0
$427	KUBEK CZESKI K067J80R 1           	1	1	2	1	0	24004275	3400	0
$428	KUBEK CZESKI K067J8Z01            	1	1	2	1	0	24004282	3400	0
$429	KUBEK CZESKI K067J8TU2            	1	1	2	1	0	24004299	3400	0
$430	KUBEK CZESKI K067GZ301            	1	1	2	1	0	24004305	3400	0
$431	KUBEK CZESKI K067AS602            	1	1	2	1	0	24004312	3090	0
$432	KUBEK CZESKI K0677MIM2            	1	1	2	1	0	24004329	4090	0
$433	KUBEK MAGDA NISKI K1470GZ 11      	1	1	2	1	0	24004336	4150	0
$434	KUBEK MAGDA NISKI K147DPCS2       	1	1	2	1	0	24004343	4990	0
$435	KUBEK MARS K081J8Z01              	1	1	2	1	0	24004350	3990	0
$436	KUBEK MARS K081DPLC2              	1	1	2	1	0	24004367	4750	0
$437	KUBEK MM K168GZ411                	1	1	2	1	0	24004374	5650	0
$438	KUBEK MM K168GZ421                	1	1	2	1	0	24004381	5650	0
$439	KUBEK TURYSTYCZNY K115070S2       	1	1	2	1	0	24004398	6490	0
$440	POJEMNIK M Z DZIOBKIEM P233GZ331  	1	1	2	1	0	24004404	5290	0
$441	TALERZ 22 T134P2132               	1	1	2	1	0	24004411	3190	0
$442	TALERZ 22 T134GZ301               	1	1	2	1	0	24004428	4590	0
$443	TALERZ 22 T134GZ331               	1	1	2	1	0	24004435	4590	0
$444	TALERZ 26 T132SEDU2               	1	1	2	1	0	24004442	5990	0
$445	Polmisek 1007/A-1293A/3           	1	1	2	1	0	5907157529703	9550	0
$446	Kubek 1105/D-OK25/3               	1	1	2	1	0	5907156327799	3690	0
$447	Kubek 1105/DU-205/3               	1	1	2	1	0	5907156563791	4950	0
$448	Kubek 1194/DU-205/3               	1	1	2	1	0	5907156769933	4950	0
$449	Kubek 1195/A-301A/3               	1	1	2	1	0	5907157749293	4490	0
$675	Polmisek 1265/A-882A/3            	1	1	2	1	0	5907156267323	9290	0
$676	Polmisek 1265/D-42/3              	1	1	2	1	0	5907156465682	8990	0
$677	Kubek 1357/ART-149/3              	1	1	2	1	0	5907157739904	4350	0
$678	Kubek 1357/D-111/3                	1	1	2	1	0	5907157557010	2850	0
$679	Talerz 1358/D-964/2               	1	1	2	1	0	5907155885412	1950	0
$680	Filizanka 1379/ART-312/3          	1	1	2	1	0	5907156359981	5650	0
$681	Kubek 1452/A-1198A/2              	1	1	2	1	0	5907157272111	3890	0
$682	Kubek 1452/D-892/2                	1	1	2	1	0	5907156030217	3250	0
$683	Kubek 1472/A-226A/3               	1	1	2	1	0	5907156892310	3590	0
$684	Kubek 1472/A-234A/2               	1	1	2	1	0	5907154914632	3950	0
$685	Kubek 1472/ART-281/3              	1	1	2	1	0	5907156803828	4990	0
$686	Kubek 1472/D-46/3                 	1	1	2	1	0	5907157795887	3390	0
$687	Kubek 1473/D-12/2                 	1	1	2	1	0	5907157560492	3850	0
$688	Kubek 1473/D-82/1                 	1	1	2	1	0	5907155765257	3850	0
$689	Filizanka 1595/D-41/3             	1	1	2	1	0	5907156146109	3490	0
$690	Filizanka 1595/D-56/3             	1	1	2	1	0	5907156662418	3490	0
$691	Filizanka 1595/D-964/1            	1	1	2	1	0	5907155737452	3890	0
$692	Filizanka 1595/DU-1/3             	1	1	2	1	0	5907157300012	4590	0
$693	Filizanka 15951596/A-296A/3       	1	1	2	1	0	5907156678471	5150	0
$694	Kubek 1599/A-301A/3               	1	1	2	1	0	5907157791612	3750	0
$695	Kubek 1599/D-1/3                  	1	1	2	1	0	5907156717651	3150	0
$696	Kubek 1599/D-962/1                	1	1	2	1	0	5907155856733	4090	0
$697	Talerz 1610/D-809/3               	1	1	2	1	0	5907156484843	2990	0
$698	Miska 1814A/A-301A/3              	1	1	2	1	0	5907156872886	10950	0
$699	Mlecznik 1885/D-479/3             	1	1	2	1	0	5907157792749	4950	0
$792	Miseczka 1950A/D-964/1            	1	1	2	1	0	5907156765959	2350	0
$793	Kubek 2017/A-166A/3               	1	1	2	1	0	5907157215316	4090	0
$794	Kubek 2017/D-42/3                 	1	1	2	1	0	5907157094188	3390	0
$795	Kieliszek 203/A-1154A/1           	1	1	2	1	0	5907156322503	2890	0
$796	Kieliszek 203/A-163A/1            	1	1	2	1	0	5907154318904	2890	0
$797	Kieliszek 203/A-163A/2            	1	1	2	1	0	5907154318911	2590	0
$798	Kieliszek 203/A-168A/1            	1	1	2	1	0	5907155315056	2790	0
$799	Kieliszek 203/D-1090/1            	1	1	2	1	0	5907156030521	2950	0
$800	Kieliszek 203/D-225/2             	1	1	2	1	0	5907154685846	2450	0
$801	Kieliszek 203/D-83/2              	1	1	2	1	0	5907154185834	2450	0
$802	Kieliszek 203/DU-50/2             	1	1	2	1	0	5907154681404	2950	0
$803	Cukiernica 694S694P/A-301A/3      	1	1	2	1	0	5907157791704	4590	0
$804	Mlecznik 711/D-1320/3             	1	1	2	1	0	5907157769963	3450	0
$805	Filizanka 775/DU-60/3             	1	1	2	1	0	5907156167159	3690	0
$806	Kubek 872/A-166A/3                	1	1	2	1	0	5907156100101	3390	0
$807	Kubek 910/D-82/3                  	1	1	2	1	0	5907156307630	3490	0
$808	Kubek 911/A-1307/3                	1	1	2	1	0	5907157750114	3990	0
$809	Kubek 911/A-166A/3                	1	1	2	1	0	5907156139989	4290	0
$810	Kubek 911/ART-281/3               	1	1	2	1	0	5907156577989	5650	0
$811	Kubek 911/D-962/2                 	1	1	2	1	0	5907155947967	3650	0
$812	Kubek 911/DU-150/3                	1	1	2	1	0	5907157786106	4900	0
$813	Kubek 912/A-310A/3                	1	1	2	1	0	5907156969449	3450	0
$814	Kubek 912/D-56/3                  	1	1	2	1	0	5907156160716	3150	0
$815	Kubek 912/D-962/3                 	1	1	2	1	0	5907156698004	3150	0
$816	Kubek 912/D-964/2                 	1	1	2	1	0	5907155810117	3150	0
$817	Kubek 912/DU-182/3                	1	1	2	1	0	5907156613878	4490	0
$818	Kubek 912/DU-205/3                	1	1	2	1	0	5907156630288	4490	0
$819	Mlecznik 945/A-882A/3             	1	1	2	1	0	5907156323296	3350	0
$820	Talerz 1014/A-166A/2              	1	1	2	1	0	5907154322895	7950	0
$821	Talerz 1014/D-1044/2              	1	1	2	1	0	5907156287567	7950	0
$822	Kubek 1105/A-166A/2               	1	1	2	1	0	5907154335277	4390	0
$823	Kubek 1105/D-120/1                	1	1	2	1	0	5907154072288	3850	0
$824	Kubek 1105/D-8/1                  	1	1	2	1	0	5907155480464	3850	0
$825	Filizanka 11211117/D-1044/1       	1	1	2	1	0	5907156648825	5250	0
$826	Filizanka 11211117/D-111/2        	1	1	2	1	0	5907156514120	4990	0
$827	Filizanka 11211117/D-42/2         	1	1	2	1	0	5907156508228	4990	0
$828	Kubek 1193/D-111/1                	1	1	2	1	0	5907154234983	3450	0
$829	Kubek 1193/D-37/1                 	1	1	2	1	0	5907154690314	3450	0
$830	Kubek 1193/D-8/2                  	1	1	2	1	0	5907154211359	3450	0
$831	Polmisek 1352/D-42/1              	1	1	2	1	0	5907154482889	15450	0
$832	Talerz 1358/D-1044/2              	1	1	2	1	0	5907155966333	2290	0
$833	Filizanka 1379/A-166A/1           	1	1	2	1	0	5907154792513	4550	0
$834	Maselnica 1393S1393G/D-42/1       	1	1	2	1	0	5907154535660	5950	0
$835	Maselnica 1394S1394G/D-42/2       	1	1	2	1	0	5907154542415	6950	0
$836	Kubek 1473/D-42/2                 	1	1	2	1	0	5907154683941	3850	0
$837	Filizanka 1595/D-1044/2           	1	1	2	1	0	5907156341757	3950	0
$838	Filizanka 1595/D-8/1              	1	1	2	1	0	5907155150114	3890	0
$839	Filizanka 15951596/D-1044/2       	1	1	2	1	0	5907156506538	5950	0
$840	Kubek 1599/A-1298A/1              	1	1	2	1	0	5907157549541	5090	0
$841	Kubek 1599/D-1044/1               	1	1	2	1	0	5907156340934	4150	0
$842	Kubek 1599/D-1044/2               	1	1	2	1	0	5907156340941	4150	0
$843	Lyzeczka 1739A/D-37/1             	1	1	2	1	0	5907156194650	2990	0
$844	Tacka 2023/DU-60/1                	1	1	2	1	0	5907157258139	9590	0
$845	Cukiernica 694S694P/D-37/1        	1	1	2	1	0	5907154318485	4950	0
$846	Kokilka 720/A-882A/1              	1	1	2	1	0	5907155262138	2950	0
$847	Kokilka 720/D-1044/2              	1	1	2	1	0	5907156582457	2850	0
$848	Cukiernica 729S729P/A-166A/1      	1	1	2	1	0	5907154338681	5850	0
$849	Cukiernica 729S729P/D-42/1        	1	1	2	1	0	5907155478638	4850	0
$945	Mlecznik 785/D-42/1               	1	1	2	1	0	5907154071991	3450	0
$946	Talerz 814/D-42/1                 	1	1	2	1	0	5907155478812	3150	0
$947	Talerz 814/D-42/2                 	1	1	2	1	0	5907155478829	3190	0
$948	Talerz 814/D-8/2                  	1	1	2	1	0	5907155239208	3150	0
$949	Kubek 872/A-166A/1                	1	1	2	1	0	5907154340462	3650	0
$1253	Kubek 872/A-166A/2                	1	1	2	1	0	5907154340479	3650	0
$1254	Filizanka 883/A-166A/1            	1	1	2	1	0	5907155212805	3650	0
$1255	Filizanka 883/A-166A/2            	1	1	2	1	0	5907155212812	3650	0
$1256	Filizanka 883/D-111/1             	1	1	2	1	0	5907154464366	3090	0
$1257	Filizanka 883/D-42/1              	1	1	2	1	0	5907154464441	3150	0
$1258	Filizanka 883/D-8/1               	1	1	2	1	0	5907154464489	3150	0
$1259	Spodek 883S/A-166A/1              	1	1	2	1	0	5907156188482	3250	0
$1260	Spodek 883S/D-111/1               	1	1	2	1	0	5907156187829	2690	0
$1261	Spodek 883S/D-42/1                	1	1	2	1	0	5907156184507	2690	0
$1262	Spodek 883S/D-8/1                 	1	1	2	1	0	5907156203635	2690	0
$1263	Cukiernica 885S885P/D-8/1         	1	1	2	1	0	5907155487524	5950	0
$1264	Kubek 911/D-42/2                  	1	1	2	1	0	5907155486114	4450	0
$1265	Kubek 912/A-166A/2                	1	1	2	1	0	5907154408179	4450	0
$1266	Kubek 912/ART-277/2               	1	1	2	1	0	5907156048793	7390	0
$1267	Kubek 912/ART-296/2               	1	1	2	1	0	5907156422289	7390	0
$1268	Kubek 912/D-1044/2                	1	1	2	1	0	5907156008254	3700	0
$1269	Kubek 912/D-111/1                 	1	1	2	1	0	5907154054147	3650	0
$1421	Kubek 912/D-120/2                 	1	1	2	1	0	5907154072196	3590	0
$1422	Kubek 912/EX-308/2                	1	1	2	1	0	5907156420377	8490	0
$1423	Filizanka 922/A-166A/2            	1	1	2	1	0	5907154419397	4950	0
$1424	Filizanka 922/D-37/1              	1	1	2	1	0	5907154344804	4850	0
$1425	Filizanka 922/D-42/1              	1	1	2	1	0	5907154344842	4850	0
$1426	Cukiernica 944S944P/D-111/2       	1	1	2	1	0	5907154050675	5190	0
$1427	Mlecznik 945/A-166A/2             	1	1	2	1	0	5907154354339	4350	0
$1428	Mlecznik 945/D-42/1               	1	1	2	1	0	5907155492481	3790	0
$1429	Mlecznik 945/D-42/2               	1	1	2	1	0	5907155492498	3790	0
$1430	Solniczka 962O/A-166A/1           	1	1	2	1	0	5907155248545	2450	0
$1431	Pieprzniczka 962O3/A-166A/1       	1	1	2	1	0	5907156282623	2450	0
