#1
#1
#1
$3507	814/D-8/1 Talerz                  	1	1	2	1	0	5907155239192	3290	0
$834	1393S1393G/D-42/1 Maselnica       	1	1	2	1	0	5907154535660	5990	0
$838	1595/D-8/1 Filizanka              	1	1	2	1	0	5907155150114	3950	0
$949	872/A-166A/1 Kubek                	1	1	2	1	0	5907154340462	3850	0
$1253	872/A-166A/2 Kubek                	1	1	2	1	0	5907154340479	3850	0
$1264	911/D-42/2 Kubek                  	1	1	2	1	0	5907155486114	4150	0
$1268	912/D-1044/2 Kubek                	1	1	2	1	0	5907156008254	4350	0
$1424	922/D-37/1 Filizanka              	1	1	2	1	0	5907154344804	4950	0
$1428	945/D-42/1 Mlecznik               	1	1	2	1	0	5907155492481	3850	0
$1430	962O/A-166A/1 Solniczka           	1	1	2	1	0	5907155248545	2550	0
$1431	962O3/A-166A/1 Pieprzniczka       	1	1	2	1	0	5907156282623	2550	0
$3450	1067/A-166A/1 Podgrzewacz         	1	1	2	1	0	5907154412480	5690	0
$3451	1105/D-37/2 Kubek                 	1	1	2	1	0	5907154192733	3750	0
$3452	1105/D-OK25/2 Kubek               	1	1	2	1	0	5907155007302	3650	0
$3453	1151A/D-42/1 Miska                	1	1	2	1	0	5907156191871	4950	0
$3454	1379/D-41/1 Filizanka             	1	1	2	1	0	5907154791776	3890	0
$3455	1599/D-37/1 Kubek                 	1	1	2	1	0	5907155499022	3950	0
$3456	1599/D-37/2 Kubek                 	1	1	2	1	0	5907155499039	3890	0
$3457	1599/D-8/1 Kubek                  	1	1	2	1	0	5907154936399	3990	0
$3458	1599/D-8/2 Kubek                  	1	1	2	1	0	5907154936405	3950	0
$3459	1952A/D-1044/1 Miseczka           	1	1	2	1	0	5907156929542	4790	0
$3460	1998A/D-42/1 Talerz Kwiat         	1	1	2	1	0	5907157296605	7890	0
$3461	2022/D-42/1 Tacka Do SUSHI        	1	1	2	1	0	5907157131531	4950	0
$3462	203/D-42/1 Kieliszek Jajecznik    	1	1	2	1	0	5907154090183	2590	0
$3463	596S596P/A-166A/2 Czajnik Pok.    	1	1	2	1	0	5907154318539	11850	0
$3464	694S694P/A-166A/1 Cukiernica Pok. 	1	1	2	1	0	5907154324523	5890	0
$3465	788/D-42/1 Wazon                  	1	1	2	1	0	5907155505433	4990	0
$3466	864S864P/D-1044/2 Czajnik Pok.    	1	1	2	1	0	5907156008193	6790	0
$3467	872/D-8/1 Kubek                   	1	1	2	1	0	5907154130636	3450	0
$3468	912/A-166A/1 Kubek                	1	1	2	1	0	5907154408162	4350	0
$3469	912/D-42/1 Kubek                  	1	1	2	1	0	5907154130414	3950	0
$3470	928A/A-166A/1 Tacka               	1	1	2	1	0	5907156186235	4950	0
$3471	928A/A-166A/2 Tacka               	1	1	2	1	0	5907156186242	4950	0
$3472	944S944P/D-8/2 Cukiernica z Pokr  	1	1	2	1	0	5907155478683	5850	0
