#1	COM12:57600:MUX0:1	3	2021.09.17	19:00	OPSpRoz4	WIN 13.32.2020	OPSPROZ4IN.txt	OPSPROZ4OUT.txt
#
#Jota E 4095 PLU II gen. ver. 01 (identyfikator odczytany z urzadzenia i pliku ECRTBUF.TXT)
$1	1528	1435	1	0	1391	1.00	3650	21.08.28	10:11	2	30	3650	3650	00	0000006013912	0	0	0	0	0	0	0	0
$1	1528	1435	2	0	0608	2.00	1700	21.08.28	10:11	1	30	1700	1700	00	5902249011050	0	0	0	0	0	0	0	0
$1	1528	1436	1	0	0463	1.00	2250	21.08.28	11:02	1	30	2250	2250	00	5907502687249	0	0	0	0	0	0	0	0
$1	1528	1436	2	0	0344	1.00	1890	21.08.28	11:02	1	30	1890	1890	00	5900168900370	0	0	0	0	0	0	0	0
$1	1528	1436	3	0	0586	1.00	690	21.08.28	11:02	1	30	690	690	00	5902249010527	0	0	0	0	0	0	0	0
$1	1528	1436	4	0	0608	1.00	850	21.08.28	11:02	1	30	850	850	00	5902249011050	0	0	0	0	0	0	0	0
$1	1528	1437	1	0	0026	1.000	1490	21.08.28	11:03	1	30	1490	1490	00	0000000000000	0	0	0	0	0	0	0	0
$1	1528	1438	1	0	2350	1.00	650	21.08.28	11:04	1	30	650	650	00	0000015023506	0	0	0	0	0	0	0	0
$1	1528	1439	1	0	0583	1.00	3750	21.08.28	11:32	1	30	3750	3750	00	5902249010589	0	0	0	0	0	0	0	0
$1	1528	1440	1	0	2528	1.00	990	21.08.28	11:34	2	30	990	990	00	0000017025287	0	0	0	0	0	0	0	0
$1	1528	1441	1	0	0306	1.00	2250	21.08.28	11:39	1	30	2250	2250	00	5900168901520	0	0	0	0	0	0	0	0
$1	1528	1441	2	0	0304	1.00	2250	21.08.28	11:39	1	30	2250	2250	00	5900168908451	0	0	0	0	0	0	0	0
$1	1528	1441	3	0	0303	1.00	1690	21.08.28	11:39	1	30	1690	1690	00	5900168908512	0	0	0	0	0	0	0	0
$1	1528	1441	4	0	0989	1.00	390	21.08.28	11:39	3	30	390	390	00	0000005009893	0	0	0	0	0	0	0	0
$1	1528	1441	5	0	3527	1.00	5450	21.08.28	11:39	1	30	5450	5450	00	0000024035279	0	0	0	0	0	0	0	0
$1	1528	1441	6	0	0066	1.000	1190	21.08.28	11:39	1	30	1190	1190	00	0000000000000	0	0	0	0	0	0	0	0
$1	1528	1442	1	0	3227	1.00	4690	21.08.28	11:40	1	30	4690	4690	00	0000024032278	0	0	0	0	0	0	0	0
$1	1528	1442	2	0	0225	1.000	200	21.08.28	11:40	1	30	200	200	00	0000000000000	0	0	0	0	0	0	0	0
$1	1528	1443	1	0	2051	1.00	9800	21.08.28	11:46	1	30	9800	9800	00	0000011020516	0	0	0	0	0	0	0	0
$1	1528	1444	1	0	1436	1.00	2850	21.08.28	11:49	1	30	2850	2850	00	0000034014363	0	0	0	0	0	0	0	0
$1	1528	1444	2	0	1716	1.00	3550	21.08.28	11:49	1	30	3550	3550	00	0000034017166	0	0	0	0	0	0	0	0
$1	1528	1445	1	0	0397	1.00	1890	21.08.28	11:52	1	30	1890	1890	00	5900168907751	0	0	0	0	0	0	0	0
$1	1528	1446	1	0	2350	1.00	650	21.08.28	12:03	1	30	650	650	00	0000015023506	0	0	0	0	0	0	0	0
$1	1528	1447	1	0	1503	1.00	2250	21.08.28	12:05	3	30	2250	2250	00	5907804205196	0	0	0	0	0	0	0	0
$1	1528	1447	2	0	1378	1.00	1990	21.08.28	12:05	1	30	1990	1990	00	0000006013783	0	0	0	0	0	0	0	0
$1	1528	1448	1	0	0727	1.00	8250	21.08.28	12:13	1	30	8250	8250	00	0000003007273	0	0	0	0	0	0	0	0
$1	1528	1448	2	0	3202	1.00	290	21.08.28	12:13	1	30	290	290	00	0000021032028	0	0	0	0	0	0	0	0
$1	1528	1449	1	0	0514	1.00	2590	21.08.28	12:16	1	30	2590	2590	00	5907502687744	0	0	0	0	0	0	0	0
$12	1528	1	1	0	1183	4.00	2360	21.08.28	12:24	2	30	2360	2360	00	5909990628414	0	0	0	0	0	0	0	0
$1	1528	1451	1	0	1183	3.00	1770	21.08.28	12:25	2	30	1770	1770	00	5909990628414	0	0	0	0	0	0	0	0
$1	1528	1452	1	0	0631	1.00	2490	21.08.28	12:28	1	30	2490	2490	00	5902249011364	0	0	0	0	0	0	0	0
$1	1528	1452	2	0	1573	1.00	490	21.08.28	12:28	2	30	490	490	00	5906660817208	0	0	0	0	0	0	0	0
$1	1528	1453	1	0	3955	1.00	950	21.08.28	12:46	1	30	950	950	00	0000031039550	0	0	0	0	0	0	0	0
$1	1528	1453	2	0	0226	1.000	1240	21.08.28	12:46	1	30	1240	1240	00	0000000000000	0	0	0	0	0	0	0	0
$1	1528	1454	1	0	3233	1.00	4050	21.08.28	13:22	1	30	4050	4050	00	0000024032339	0	0	0	0	0	0	0	0
$1	1528	1454	2	0	3234	1.00	3490	21.08.28	13:22	1	30	3490	3490	00	0000024032346	0	0	0	0	0	0	0	0
$1	1529	1457	1	0	2429	1.00	2590	21.08.31	10:54	1	30	2590	2590	00	0000016024298	0	0	0	0	0	0	0	0
$1	1529	1458	1	0	1605	1.00	790	21.08.31	10:55	1	30	790	790	00	0000007016059	0	0	0	0	0	0	0	0
$1	1529	1458	2	0	1574	1.00	490	21.08.31	10:55	2	30	490	490	00	5906660817215	0	0	0	0	0	0	0	0
$1	1529	1459	1	0	3902	1.00	1190	21.08.31	10:57	1	30	1190	1190	00	0000028039020	0	0	0	0	0	0	0	0
$1	1529	1460	1	0	1367	1.00	2650	21.08.31	11:06	1	30	2650	2650	00	0000006013677	0	0	0	0	0	0	0	0
$1	1529	1461	1	0	2969	3.00	6270	21.08.31	11:17	2	30	6270	6270	00	0000019029696	0	0	0	0	0	0	0	0
$1	1529	1462	1	0	0505	1.00	3190	21.08.31	11:22	1	30	3190	3190	00	5907502687515	0	0	0	0	0	0	0	0
$1	1529	1462	2	0	0504	1.00	3190	21.08.31	11:22	1	30	3190	3190	00	5907502687508	0	0	0	0	0	0	0	0
$1	1529	1463	1	0	0970	1.00	450	21.08.31	11:32	2	30	450	450	00	5907752643378	0	0	0	0	0	0	0	0
$1	1529	1463	2	0	1132	1.00	550	21.08.31	11:32	2	30	550	550	00	5907752643491	0	0	0	0	0	0	0	0
$1	1529	1463	3	0	1175	1.00	590	21.08.31	11:32	2	30	590	590	00	5909994308626	0	0	0	0	0	0	0	0
$1	1529	1463	4	0	1224	1.00	490	21.08.31	11:32	2	30	490	490	00	5909990628643	0	0	0	0	0	0	0	0
$1	1529	1463	5	0	1154	1.00	490	21.08.31	11:32	2	30	490	490	00	5909994312067	0	0	0	0	0	0	0	0
$1	1529	1464	1	0	1926	1.00	1650	21.08.31	11:32	1	30	1650	1650	00	0000009019263	0	0	0	0	0	0	0	0
$1	1529	1464	2	0	2009	1.00	2950	21.08.31	11:32	1	30	2950	2950	00	0000009020092	0	0	0	0	0	0	0	0
$1	1529	1464	3	0	2460	1.00	200	21.08.31	11:32	2	30	200	200	00	0000033002996	0	0	0	0	0	0	0	0
$1	1529	1465	1	0	2648	1.00	1550	21.08.31	11:38	2	30	1550	1550	00	0000017026482	0	0	0	0	0	0	0	0
$1	1529	1466	1	0	3221	1.00	10290	21.08.31	11:56	1	30	10290	10290	00	0000024032216	0	0	0	0	0	0	0	0
$1	1529	1466	2	0	0001	1.000	5990	21.08.31	11:56	1	30	5990	5990	00	0000000000000	0	0	0	0	0	0	0	0
$1	1529	1467	1	0	0066	1.000	1190	21.08.31	12:00	1	30	1190	1190	00	0000000000000	0	0	0	0	0	0	0	0
$1	1529	1468	1	0	3004	1.00	4350	21.08.31	12:11	1	30	4350	4350	00	0000019030043	0	0	0	0	0	0	0	0
$1	1529	1468	2	0	0669	1.00	5990	21.08.31	12:11	1	30	5990	5990	00	5902249014860	0	0	0	0	0	0	0	0
$1	1529	1468	3	0	0026	6.000	3540	21.08.31	12:11	1	30	3540	3540	00	0000000000000	0	0	0	0	0	0	0	0
$1	1529	1469	1	0	1107	2.00	800	21.08.31	13:00	2	30	800	800	00	5909994311466	0	0	0	0	0	0	0	0
$1	1529	1469	2	0	1112	1.00	490	21.08.31	13:00	2	30	490	490	00	5906365702267	0	0	0	0	0	0	0	0
$1	1529	1470	1	0	1945	1.00	1450	21.08.31	13:07	2	30	1450	1450	00	0000009019454	0	0	0	0	0	0	0	0
$1	1529	1470	2	0	1947	1.00	1450	21.08.31	13:07	2	30	1450	1450	00	0000009019478	0	0	0	0	0	0	0	0
$1	1529	1471	1	0	1891	1.00	2950	21.08.31	13:43	1	30	2950	2950	00	0000023018914	0	0	0	0	0	0	0	0
$1	1529	1472	1	0	0664	1.00	2290	21.08.31	14:14	1	30	2290	2290	00	5902249014938	0	0	0	0	0	0	0	0
$1	1529	1472	2	0	0640	1.00	3090	21.08.31	14:14	1	30	3090	3090	00	5902249011555	0	0	0	0	0	0	0	0
$1	1529	1472	3	0	0728	1.00	5590	21.08.31	14:14	1	30	5590	5590	00	0000003007280	0	0	0	0	0	0	0	0
$1	1529	1472	4	0	2950	1.00	3490	21.08.31	14:14	1	30	3490	3490	00	0000024029506	0	0	0	0	0	0	0	0
$1	1529	1473	1	0	3342	1.00	3450	21.08.31	15:14	1	30	3450	3450	00	0000002033426	0	0	0	0	0	0	0	0
$1	1529	1473	2	0	3341	1.00	2990	21.08.31	15:14	1	30	2990	2990	00	0000002033419	0	0	0	0	0	0	0	0
$1	1529	1473	3	0	3345	1.00	2290	21.08.31	15:14	1	30	2290	2290	00	0000002033457	0	0	0	0	0	0	0	0
$1	1529	1473	4	0	0498	1.00	2290	21.08.31	15:14	1	30	2290	2290	00	5907502687546	0	0	0	0	0	0	0	0
$1	1529	1473	5	0	0499	1.00	2750	21.08.31	15:14	1	30	2750	2750	00	5907502687553	0	0	0	0	0	0	0	0
$1	1529	1474	1	0	0066	1.000	1190	21.08.31	15:15	1	30	1190	1190	00	0000000000000	0	0	0	0	0	0	0	0
$1	1529	1475	1	0	2050	2.00	5100	21.08.31	15:25	1	30	5100	5100	00	0000011020509	0	0	0	0	0	0	0	0
$1	1529	1475	2	0	2053	1.00	2550	21.08.31	15:25	1	30	2550	2550	00	0000011020530	0	0	0	0	0	0	0	0
$1	1529	1476	1	0	0760	1.00	3650	21.08.31	15:42	1	30	3650	3650	00	0000003007600	0	0	0	0	0	0	0	0
$1	1529	1477	1	0	2350	1.00	650	21.08.31	15:52	1	30	650	650	00	0000015023506	0	0	0	0	0	0	0	0
$1	1529	1478	1	0	0549	2.00	4380	21.08.31	15:53	1	30	4380	4380	00	5902249010350	0	0	0	0	0	0	0	0
$1	1529	1478	2	0	0552	1.00	3190	21.08.31	15:53	1	30	3190	3190	00	5902249010381	0	0	0	0	0	0	0	0
$1	1529	1478	3	0	0551	1.00	3190	21.08.31	15:53	1	30	3190	3190	00	5902249010374	0	0	0	0	0	0	0	0
$1	1529	1479	1	0	1446	1.00	1950	21.08.31	16:16	1	30	1950	1950	00	0000034014462	0	0	0	0	0	0	0	0
$1	1529	1480	1	0	0362	1.00	1150	21.08.31	17:10	1	30	1150	1150	00	5905279370135	0	0	0	0	0	0	0	0
$1	1529	1481	1	0	1207	2.00	900	21.08.31	17:16	2	30	900	900	00	5909994309821	0	0	0	0	0	0	0	0
$1	1529	1481	2	0	1170	1.00	450	21.08.31	17:16	2	30	450	450	00	5909994311565	0	0	0	0	0	0	0	0
$1	1529	1481	3	0	1012	1.00	790	21.08.31	17:16	2	30	790	790	00	5909994310865	0	0	0	0	0	0	0	0
$1	1529	1481	4	0	1233	2.00	1300	21.08.31	17:16	2	30	1300	1300	00	5909990628223	0	0	0	0	0	0	0	0
$1	1529	1481	5	0	1249	2.00	1500	21.08.31	17:16	2	30	1500	1500	00	5909994310667	0	0	0	0	0	0	0	0
$1	1529	1481	6	0	1230	1.00	450	21.08.31	17:16	2	30	450	450	00	5909994310766	0	0	0	0	0	0	0	0
$1	1530	1483	1	0	3152	1.00	2490	21.09.01	10:13	1	30	2490	2490	00	5902249015775	0	0	0	0	0	0	0	0
$1	1530	1483	2	0	3339	1.00	1990	21.09.01	10:13	1	30	1990	1990	00	5902249015829	0	0	0	0	0	0	0	0
$1	1530	1484	1	0	0136	1.000	3290	21.09.01	10:20	1	30	3290	3290	00	0000000000000	0	0	0	0	0	0	0	0
$1	1530	1485	1	0	3499	1.00	3450	21.09.01	10:29	1	30	3450	3450	00	0000024034999	0	0	0	0	0	0	0	0
$1	1530	1486	1	0	1177	1.00	550	21.09.01	10:30	2	30	550	550	00	0000005011773	0	0	0	0	0	0	0	0
$1	1530	1487	1	0	3230	1.00	3750	21.09.01	10:40	1	30	3750	3750	00	0000024032308	0	0	0	0	0	0	0	0
$1	1530	1487	2	0	1543	1.00	4750	21.09.01	10:40	3	30	4750	4750	00	5907804205073	0	0	0	0	0	0	0	0
$1	1530	1488	1	0	2350	1.00	650	21.09.01	11:38	1	30	650	650	00	0000015023506	0	0	0	0	0	0	0	0
$1	1530	1489	1	0	2053	1.00	2550	21.09.01	11:43	1	30	2550	2550	00	0000011020530	0	0	0	0	0	0	0	0
$1	1530	1490	1	0	2336	1.00	2990	21.09.01	12:02	1	30	2990	2990	00	0000028023364	0	0	0	0	0	0	0	0
$1	1530	1490	2	0	3901	1.00	950	21.09.01	12:02	1	30	950	950	00	0000028039013	0	0	0	0	0	0	0	0
$1	1530	1490	3	0	3901	1.00	950	21.09.01	12:02	1	30	950	950	00	0000028039013	0	0	0	0	0	0	0	0
$1	1530	1490	4	0	0225	1.000	200	21.09.01	12:02	1	30	200	200	00	0000000000000	0	0	0	0	0	0	0	0
$1	1530	1491	1	0	1574	2.00	980	21.09.01	12:44	2	30	980	980	00	5906660817215	0	0	0	0	0	0	0	0
$1	1530	1491	2	0	1573	2.00	980	21.09.01	12:44	2	30	980	980	00	5906660817208	0	0	0	0	0	0	0	0
$1	1530	1492	1	0	0952	1.00	390	21.09.01	12:52	3	30	390	390	00	5906365702472	0	0	0	0	0	0	0	0
$1	1530	1492	2	0	1010	1.00	350	21.09.01	12:52	2	30	350	350	00	5906365702908	0	0	0	0	0	0	0	0
$1	1530	1492	3	0	0973	1.00	390	21.09.01	12:52	2	30	390	390	00	5905279799448	0	0	0	0	0	0	0	0
$1	1530	1492	4	0	3348	1.00	390	21.09.01	12:52	3	30	390	390	00	0000005033485	0	0	0	0	0	0	0	0
$1	1530	1493	1	0	1562	1.00	2390	21.09.01	13:00	2	30	2390	2390	00	5907804205486	0	0	0	0	0	0	0	0
$1	1530	1494	1	0	1191	2.00	900	21.09.01	13:10	2	30	900	900	00	5909990628490	0	0	0	0	0	0	0	0
$1	1530	1495	1	0	1055	1.00	790	21.09.01	13:33	3	30	790	790	00	5905279799141	0	0	0	0	0	0	0	0
$1	1530	1496	1	0	1109	1.00	490	21.09.01	13:38	3	30	490	490	00	5905279799097	0	0	0	0	0	0	0	0
$1	1530	1496	2	0	1887	1.00	490	21.09.01	13:38	3	30	490	490	00	5905279799721	0	0	0	0	0	0	0	0
$1	1530	1496	3	0	1887	1.00	490	21.09.01	13:38	3	30	490	490	00	5905279799721	0	0	0	0	0	0	0	0
$1	1530	1497	1	0	2611	1.00	1350	21.09.01	13:50	2	30	1350	1350	00	0000017026116	0	0	0	0	0	0	0	0
$1	1530	1497	2	0	2612	1.00	1450	21.09.01	13:50	2	30	1450	1450	00	0000017026123	0	0	0	0	0	0	0	0
$1	1530	1497	3	0	1109	1.00	490	21.09.01	13:50	3	30	490	490	00	5905279799097	0	0	0	0	0	0	0	0
$1	1530	1497	4	0	1109	1.00	490	21.09.01	13:50	3	30	490	490	00	5905279799097	0	0	0	0	0	0	0	0
$1	1530	1497	5	0	1887	1.00	490	21.09.01	13:50	3	30	490	490	00	5905279799721	0	0	0	0	0	0	0	0
$1	1530	1497	6	0	1605	1.00	790	21.09.01	13:50	1	30	790	790	00	0000007016059	0	0	0	0	0	0	0	0
$1	1530	1497	7	0	1605	1.00	790	21.09.01	13:50	1	30	790	790	00	0000007016059	0	0	0	0	0	0	0	0
$1	1530	1497	8	0	0182	2.000	3780	21.09.01	13:50	2	30	3780	3780	00	0000000000000	0	0	0	0	0	0	0	0
$1	1530	1497	9	0	3274	1.00	700	21.09.01	13:50	2	30	700	700	00	5903850003595	0	0	0	0	0	0	0	0
$1	1530	1497	10	0	2009	1.00	2950	21.09.01	13:50	1	30	2950	2950	00	0000009020092	0	0	0	0	0	0	0	0
$1	1530	1497	11	0	2011	1.00	2990	21.09.01	13:50	2	30	2990	2990	00	0000009020115	0	0	0	0	0	0	0	0
$1	1530	1497	12	0	0608	1.00	850	21.09.01	13:50	1	30	850	850	00	5902249011050	0	0	0	0	0	0	0	0
$1	1530	1497	13	0	0608	1.00	850	21.09.01	13:50	1	30	850	850	00	5902249011050	0	0	0	0	0	0	0	0
$1	1530	1498	1	0	0473	1.00	2290	21.09.01	14:47	1	30	2290	2290	00	5907502687317	0	0	0	0	0	0	0	0
$1	1530	1498	2	0	0461	1.00	2490	21.09.01	14:47	1	30	2490	2490	00	5907502687232	0	0	0	0	0	0	0	0
$10	1530	1498	1	0	0473	1.00	2290	21.09.01	14:47	1	30	2290	2290	00	5907502687317	0	0	0	0	0	0	0	0
$1	1530	1498	3	0	0462	1.00	2190	21.09.01	14:47	1	30	2190	2190	00	5907502687256	0	0	0	0	0	0	0	0
$1	1530	1499	1	0	0243	1.000	1490	21.09.01	15:20	1	30	1490	1490	00	0000000000000	0	0	0	0	0	0	0	0
$1	1530	1499	2	0	0397	1.00	1890	21.09.01	15:20	1	30	1890	1890	00	5900168907751	0	0	0	0	0	0	0	0
$1	1530	1500	1	0	0602	1.00	2490	21.09.01	16:33	1	30	2490	2490	00	5902249010978	0	0	0	0	0	0	0	0
$1	1530	1501	1	0	1817	1.00	2150	21.09.01	16:36	1	30	2150	2150	00	0000008018175	0	0	0	0	0	0	0	0
$10	1530	1502	1	0	0526	1.00	3350	21.09.01	16:56	1	30	3350	3350	00	5907502687683	0	0	0	0	0	0	0	0
$10	1530	1502	2	0	0525	1.00	3350	21.09.01	16:56	1	30	3350	3350	00	5907502687676	0	0	0	0	0	0	0	0
$10	1530	1502	3	0	0524	1.00	2290	21.09.01	16:56	1	30	2290	2290	00	5907502687669	0	0	0	0	0	0	0	0
$1	1530	1502	1	0	0048	1.000	7590	21.09.01	16:56	1	30	7590	7590	00	0000000000000	0	0	0	0	0	0	0	0
$1	1530	1502	2	0	1436	1.00	2850	21.09.01	16:56	1	30	2850	2850	00	0000034014363	0	0	0	0	0	0	0	0
$10	1530	1503	1	0	0635	1.00	6190	21.09.01	17:22	1	30	6190	6190	00	5902249011401	0	0	0	0	0	0	0	0
$1	1530	1503	1	0	0788	1.00	4750	21.09.01	17:22	1	30	4750	4750	00	0000003007884	0	0	0	0	0	0	0	0
$1	1530	1503	2	0	1437	1.00	2850	21.09.01	17:22	1	30	2850	2850	00	5907688710243	0	0	0	0	0	0	0	0
$1	1530	1503	3	0	0610	1.00	4190	21.09.01	17:22	1	30	4190	4190	00	5902249011128	0	0	0	0	0	0	0	0
$1	1530	1503	4	0	3196	1.00	2690	21.09.01	17:22	1	30	2690	2690	00	0000021031960	0	0	0	0	0	0	0	0
$1	1530	1504	1	0	0086	1.000	140	21.09.01	17:42	1	30	140	140	00	0000000000000	0	0	0	0	0	0	0	0
$1	1531	1508	1	0	1821	2.00	3780	21.09.02	09:55	1	30	3780	3780	00	5701278288149	0	0	0	0	0	0	0	0
$12	1531	1	1	0	1808	1.00	2650	21.09.02	10:15	1	30	2650	2650	00	5711914157395	0	0	0	0	0	0	0	0
$12	1531	1	2	0	1809	1.00	2650	21.09.02	10:15	1	30	2650	2650	00	5711914157449	0	0	0	0	0	0	0	0
$1	1531	1510	1	0	2053	1.00	2550	21.09.02	10:16	1	30	2550	2550	00	0000011020530	0	0	0	0	0	0	0	0
$1	1531	1510	2	0	1711	1.00	5990	21.09.02	10:16	1	30	5990	5990	00	0000034017111	0	0	0	0	0	0	0	0
$1	1531	1510	3	0	0038	1.000	240	21.09.02	10:16	1	30	240	240	00	0000000000000	0	0	0	0	0	0	0	0
$1	1531	1511	1	0	1716	1.00	3550	21.09.02	10:19	1	30	3550	3550	00	0000034017166	0	0	0	0	0	0	0	0
$1	1531	1511	2	0	1808	1.00	2650	21.09.02	10:19	1	30	2650	2650	00	5711914157395	0	0	0	0	0	0	0	0
$1	1531	1511	3	0	1809	1.00	2650	21.09.02	10:19	1	30	2650	2650	00	5711914157449	0	0	0	0	0	0	0	0
$1	1531	1511	4	0	2692	1.00	1050	21.09.02	10:19	3	30	1050	1050	00	0000017026925	0	0	0	0	0	0	0	0
$1	1531	1512	1	0	1232	2.00	800	21.09.02	10:29	2	30	800	800	00	5909990219520	0	0	0	0	0	0	0	0
$1	1531	1513	1	0	3239	1.00	2490	21.09.02	10:30	1	30	2490	2490	00	0000024032391	0	0	0	0	0	0	0	0
$1	1531	1514	1	0	0972	1.00	390	21.09.02	10:44	3	30	390	390	00	5906365702359	0	0	0	0	0	0	0	0
$1	1531	1514	2	0	0971	1.00	790	21.09.02	10:44	2	30	790	790	00	5905279799516	0	0	0	0	0	0	0	0
$1	1531	1515	1	0	0938	1.00	2590	21.09.02	10:50	1	30	2590	2590	00	5902596416942	0	0	0	0	0	0	0	0
$1	1531	1516	1	0	2607	1.00	1790	21.09.02	10:54	2	30	1790	1790	00	0000017026079	0	0	0	0	0	0	0	0
$10	1531	1517	1	0	3934	1.00	1090	21.09.02	11:12	1	30	1090	1090	00	8691190967178	0	0	0	0	0	0	0	0
$1	1531	1517	1	0	3935	1.00	1090	21.09.02	11:12	1	30	1090	1090	00	8691190967185	0	0	0	0	0	0	0	0
$1	1531	1518	1	0	2428	1.00	2590	21.09.02	11:51	1	30	2590	2590	00	0000016024281	0	0	0	0	0	0	0	0
$1	1531	1519	1	0	1892	1.00	2750	21.09.02	11:53	1	30	2750	2750	00	0000023018921	0	0	0	0	0	0	0	0
$1	1531	1520	1	0	1035	1.00	490	21.09.02	12:07	2	30	490	490	00	5909994310124	0	0	0	0	0	0	0	0
$1	1531	1520	2	0	1037	1.00	450	21.09.02	12:07	2	30	450	450	00	5905279799424	0	0	0	0	0	0	0	0
$1	1531	1521	1	0	0086	1.000	140	21.09.02	12:08	1	30	140	140	00	0000000000000	0	0	0	0	0	0	0	0
$1	1531	1522	1	0	1788	1.00	11000	21.09.02	12:30	1	30	11000	11000	00	0000008017888	0	0	0	0	0	0	0	0
$1	1531	1523	1	0	2964	1.00	1990	21.09.02	13:00	2	30	1990	1990	00	0000019029641	0	0	0	0	0	0	0	0
$1	1531	1523	2	0	3095	1.00	590	21.09.02	13:00	2	30	590	590	00	0000020030957	0	0	0	0	0	0	0	0
$1	1531	1523	3	0	1106	1.00	450	21.09.02	13:00	2	30	450	450	00	5906365702960	0	0	0	0	0	0	0	0
$1	1531	1523	4	0	1106	1.00	450	21.09.02	13:00	2	30	450	450	00	5906365702960	0	0	0	0	0	0	0	0
$1	1531	1524	1	0	0541	1.00	2690	21.09.02	13:55	1	30	2690	2690	00	5902249010107	0	0	0	0	0	0	0	0
$1	1531	1525	1	0	3015	1.00	3850	21.09.02	14:12	1	30	3850	3850	00	0000035030157	0	0	0	0	0	0	0	0
$10	1531	1526	1	0	1882	1.00	4050	21.09.02	14:29	1	30	4050	4050	00	5907688710144	0	0	0	0	0	0	0	0
$1	1531	1526	1	0	0041	1.000	2950	21.09.02	14:29	1	30	2950	2950	00	0000000000000	0	0	0	0	0	0	0	0
$1	1531	1526	2	0	2053	1.00	2550	21.09.02	14:29	1	30	2550	2550	00	0000011020530	0	0	0	0	0	0	0	0
$1	1531	1527	1	0	2666	1.00	1850	21.09.02	15:13	2	30	1850	1850	00	0000017026666	0	0	0	0	0	0	0	0
$1	1531	1528	1	0	3931	1.00	1350	21.09.02	16:17	1	30	1350	1350	00	0000031039314	0	0	0	0	0	0	0	0
$1	1531	1528	2	0	0086	1.000	490	21.09.02	16:17	1	30	490	490	00	0000000000000	0	0	0	0	0	0	0	0
$1	1531	1529	1	0	0977	1.00	600	21.09.02	16:41	2	30	600	600	00	0000005009770	0	0	0	0	0	0	0	0
$1	1531	1530	1	0	3815	1.00	390	21.09.02	17:01	1	30	1950	1950	00	0000026038155	0	1	0	0	0	0	0	0
$1	1531	1530	2	0	3816	1.00	450	21.09.02	17:01	1	30	2250	2250	00	0000026038162	0	1	0	0	0	0	0	0
$1	1531	1531	1	0	0540	1.00	2190	21.09.02	17:03	1	30	2190	2190	00	5902249010091	0	0	0	0	0	0	0	0
$1	1531	1532	1	0	0738	1.00	7600	21.09.02	17:34	1	30	7600	7600	00	0000003007389	0	0	0	0	0	0	0	0
$1	1532	1534	1	0	1162	1.00	450	21.09.03	10:00	2	30	450	450	00	5909994311763	0	0	0	0	0	0	0	0
$1	1532	1534	2	0	1226	1.00	450	21.09.03	10:00	2	30	450	450	00	5909990219025	0	0	0	0	0	0	0	0
$1	1532	1535	1	0	2768	1.00	13990	21.09.03	10:21	1	30	13990	13990	00	0000018027686	0	0	0	0	0	0	0	0
$1	1532	1536	1	0	0037	1.000	15000	21.09.03	10:48	1	30	15000	15000	00	0000000000000	0	0	0	0	0	0	0	0
$1	1532	1537	1	0	1258	2.00	6000	21.09.03	11:15	1	30	6000	6000	00	0000024012584	0	0	0	0	0	0	0	0
$1	1532	1537	2	0	1262	1.00	2600	21.09.03	11:15	1	30	2600	2600	00	0000024012621	0	0	0	0	0	0	0	0
$1	1532	1537	3	0	1262	1.00	2600	21.09.03	11:15	1	30	2600	2600	00	0000024012621	0	0	0	0	0	0	0	0
$1	1532	1537	4	0	1573	1.00	490	21.09.03	11:15	2	30	490	490	00	5906660817208	0	0	0	0	0	0	0	0
$1	1532	1538	1	0	1112	1.00	490	21.09.03	11:43	2	30	490	490	00	5906365702267	0	0	0	0	0	0	0	0
$1	1532	1538	2	0	0002	1.000	2390	21.09.03	11:43	1	30	2390	2390	00	0000000000000	0	0	0	0	0	0	0	0
$1	1532	1539	1	0	0002	1.000	1090	21.09.03	11:51	1	30	1090	1090	00	0000000000000	0	0	0	0	0	0	0	0
$1	1532	1540	1	0	3155	1.00	2090	21.09.03	11:53	1	30	2090	2090	00	0000002031552	0	0	0	0	0	0	0	0
$10	1532	1541	1	0	0984	1.00	390	21.09.03	12:32	3	30	390	390	00	5906365702373	0	0	0	0	0	0	0	0
$1	1532	1541	1	0	0984	1.00	390	21.09.03	12:32	3	30	390	390	00	0000005009848	0	0	0	0	0	0	0	0
$1	1532	1541	2	0	1016	1.00	400	21.09.03	12:32	3	30	400	400	00	5906365702380	0	0	0	0	0	0	0	0
$1	1532	1541	3	0	3079	1.00	750	21.09.03	12:32	2	30	750	750	00	0000020030797	0	0	0	0	0	0	0	0
$1	1532	1541	4	0	0601	1.00	2490	21.09.03	12:32	1	30	2490	2490	00	5902249010992	0	0	0	0	0	0	0	0
$1	1532	1541	5	0	0226	1.000	1240	21.09.03	12:32	1	30	1240	1240	00	0000000000000	0	0	0	0	0	0	0	0
$1	1532	1542	1	0	2024	1.00	2490	21.09.03	12:38	1	30	2490	2490	00	0000010020241	0	0	0	0	0	0	0	0
$1	1532	1543	1	0	1183	1.00	590	21.09.03	12:49	2	30	590	590	00	5909990628414	0	0	0	0	0	0	0	0
$1	1532	1543	2	0	1183	1.00	590	21.09.03	12:49	2	30	590	590	00	5909990628414	0	0	0	0	0	0	0	0
$1	1532	1543	3	0	1183	1.00	590	21.09.03	12:49	2	30	590	590	00	5909990628414	0	0	0	0	0	0	0	0
$1	1532	1544	1	0	1605	1.00	198	21.09.03	12:52	1	30	790	790	00	0000007016059	0	1	0	0	0	0	0	0
$1	1532	1544	2	0	2487	1.00	123	21.09.03	12:52	2	30	490	490	00	0000020024871	0	1	0	0	0	0	0	0
$1	1532	1545	1	0	3145	1.00	2550	21.09.03	13:13	1	30	2550	2550	00	0000016031456	0	0	0	0	0	0	0	0
$1	1532	1546	1	0	1913	1.00	1650	21.09.03	13:43	1	30	1650	1650	00	0680275057871	0	0	0	0	0	0	0	0
$1	1532	1547	1	0	2350	1.00	650	21.09.03	13:44	1	30	650	650	00	0000015023506	0	0	0	0	0	0	0	0
$1	1532	1548	1	0	1257	1.00	3000	21.09.03	13:47	1	30	3000	3000	00	0000024012577	0	0	0	0	0	0	0	0
$1	1532	1548	2	0	1257	1.00	3000	21.09.03	13:47	1	30	3000	3000	00	0000024012577	0	0	0	0	0	0	0	0
$1	1532	1548	3	0	1261	1.00	2600	21.09.03	13:47	1	30	2600	2600	00	0000024012614	0	0	0	0	0	0	0	0
$1	1532	1548	4	0	1261	1.00	2600	21.09.03	13:47	1	30	2600	2600	00	0000024012614	0	0	0	0	0	0	0	0
$1	1532	1548	5	0	0946	1.00	3290	21.09.03	13:47	1	30	3290	3290	00	0000024009461	0	0	0	0	0	0	0	0
$1	1532	1548	6	0	0946	1.00	3290	21.09.03	13:47	1	30	3290	3290	00	0000024009461	0	0	0	0	0	0	0	0
$1	1532	1548	7	0	0225	1.000	400	21.09.03	13:47	1	30	400	400	00	0000000000000	0	0	0	0	0	0	0	0
$1	1532	1549	1	0	0669	1.00	5990	21.09.03	13:50	1	30	5990	5990	00	5902249014860	0	0	0	0	0	0	0	0
$1	1532	1550	1	0	3741	1.00	2350	21.09.03	13:59	1	30	2350	2350	00	0000025037418	0	0	0	0	0	0	0	0
$1	1532	1551	1	0	2024	1.00	2490	21.09.03	14:51	1	30	2490	2490	00	0000010020241	0	0	0	0	0	0	0	0
$1	1532	1552	1	0	1341	1.00	990	21.09.03	15:56	3	30	990	990	00	0000006013417	0	0	0	0	0	0	0	0
$1	1532	1553	1	0	2350	1.00	650	21.09.03	17:32	1	30	650	650	00	0000015023506	0	0	0	0	0	0	0	0
$1	1532	1553	2	0	2010	1.00	2890	21.09.03	17:32	2	30	2890	2890	00	0680275060871	0	0	0	0	0	0	0	0
$10	1533	1555	1	0	0397	1.00	1890	21.09.04	09:46	1	30	1890	1890	00	5900168907751	0	0	0	0	0	0	0	0
$1	1533	1555	1	0	2350	1.00	650	21.09.04	09:46	1	30	650	650	00	0000015023506	0	0	0	0	0	0	0	0
$1	1533	1556	1	0	3267	1.00	3750	21.09.04	10:00	1	30	3750	3750	00	0000014032677	0	0	0	0	0	0	0	0
$1	1533	1556	2	0	0788	1.00	4750	21.09.04	10:00	1	30	4750	4750	00	0000003007884	0	0	0	0	0	0	0	0
$1	1533	1556	3	0	1629	1.00	2690	21.09.04	10:00	1	30	2690	2690	00	0000007016295	0	0	0	0	0	0	0	0
$1	1533	1556	4	0	1632	1.00	2390	21.09.04	10:00	1	30	2390	2390	00	0000007016325	0	0	0	0	0	0	0	0
$1	1533	1557	1	0	3327	1.00	990	21.09.04	10:16	1	30	990	990	00	5902194541992	0	0	0	0	0	0	0	0
$1	1533	1557	2	0	1190	1.00	550	21.09.04	10:16	2	30	550	550	00	0000005011902	0	0	0	0	0	0	0	0
$1	1533	1557	3	0	1203	1.00	550	21.09.04	10:16	2	30	550	550	00	0000005012039	0	0	0	0	0	0	0	0
$1	1533	1557	4	0	1212	1.00	550	21.09.04	10:16	2	30	550	550	00	0000005012121	0	0	0	0	0	0	0	0
$1	1533	1557	5	0	1039	1.00	550	21.09.04	10:16	2	30	550	550	00	5906365702823	0	0	0	0	0	0	0	0
$1	1533	1557	6	0	1189	1.00	550	21.09.04	10:16	2	30	550	550	00	5909994310711	0	0	0	0	0	0	0	0
$1	1533	1558	1	0	1519	1.00	4950	21.09.04	10:32	3	30	4950	4950	00	5907804205318	0	0	0	0	0	0	0	0
$1	1533	1558	2	0	0589	1.00	3250	21.09.04	10:32	1	30	3250	3250	00	5907502687942	0	0	0	0	0	0	0	0
$1	1533	1558	3	0	0720	1.00	11390	21.09.04	10:32	1	30	11390	11390	00	0000003007204	0	0	0	0	0	0	0	0
$1	1533	1559	1	0	0026	1.000	1490	21.09.04	10:38	1	30	1490	1490	00	0000000000000	0	0	0	0	0	0	0	0
$1	1533	1559	2	0	2428	1.00	2590	21.09.04	10:38	1	30	2590	2590	00	0000016024281	0	0	0	0	0	0	0	0
$1	1533	1559	3	0	1821	1.00	1890	21.09.04	10:38	1	30	1890	1890	00	0000008018212	0	0	0	0	0	0	0	0
$1	1533	1560	1	0	1821	1.00	1890	21.09.04	10:39	1	30	1890	1890	00	0000008018212	0	0	0	0	0	0	0	0
$1	1533	1561	1	0	1456	1.00	1490	21.09.04	10:43	1	30	1490	1490	00	0000034014561	0	0	0	0	0	0	0	0
$1	1533	1562	1	0	3523	1.00	3690	21.09.04	10:44	1	30	3690	3690	00	0000024035231	0	0	0	0	0	0	0	0
$1	1533	1563	1	0	1162	1.00	450	21.09.04	10:47	2	30	450	450	00	5909994311763	0	0	0	0	0	0	0	0
$1	1533	1564	1	0	2350	1.00	650	21.09.04	11:25	1	30	650	650	00	0000015023506	0	0	0	0	0	0	0	0
$1	1533	1565	1	0	2009	1.00	2950	21.09.04	11:35	1	30	2950	2950	00	0000009020092	0	0	0	0	0	0	0	0
$1	1533	1565	2	0	1716	1.00	3550	21.09.04	11:35	1	30	3550	3550	00	0000034017166	0	0	0	0	0	0	0	0
$1	1533	1566	1	0	1513	1.00	1900	21.09.04	11:59	3	30	1900	1900	00	5907804205271	0	0	0	0	0	0	0	0
$1	1533	1566	2	0	0458	1.00	1290	21.09.04	11:59	1	30	1290	1290	00	5907502687072	0	0	0	0	0	0	0	0
$1	1533	1566	3	0	2350	1.00	650	21.09.04	11:59	1	30	650	650	00	0000015023506	0	0	0	0	0	0	0	0
$1	1533	1566	4	0	1589	1.00	1290	21.09.04	11:59	1	30	1290	1290	00	0000007015892	0	0	0	0	0	0	0	0
$1	1533	1567	1	0	3241	1.00	9350	21.09.04	12:07	1	30	9350	9350	00	0000024032414	0	0	0	0	0	0	0	0
$1	1533	1568	1	0	2291	1.00	1950	21.09.04	12:11	1	30	1950	1950	00	0000014022913	0	0	0	0	0	0	0	0
$1	1533	1569	1	0	2264	1.00	590	21.09.04	12:27	2	30	590	590	00	0000020022648	0	0	0	0	0	0	0	0
$1	1533	1570	1	0	0525	1.00	3350	21.09.04	12:29	1	30	3350	3350	00	5907502687676	0	0	0	0	0	0	0	0
$1	1533	1570	2	0	2350	1.00	650	21.09.04	12:29	1	30	650	650	00	0000015023506	0	0	0	0	0	0	0	0
$1	1533	1571	1	0	0026	1.000	2250	21.09.04	12:54	1	30	2250	2250	00	0000000000000	0	0	0	0	0	0	0	0
$1	1534	1573	1	0	1111	1.00	450	21.09.07	10:38	2	30	450	450	00	5906365702304	0	0	0	0	0	0	0	0
$1	1534	1573	2	0	1181	1.00	390	21.09.07	10:38	2	30	390	390	00	5909994310964	0	0	0	0	0	0	0	0
$1	1534	1573	3	0	1068	1.00	490	21.09.07	10:38	2	30	490	490	00	5905279799400	0	0	0	0	0	0	0	0
$1	1534	1574	1	0	0557	1.00	2290	21.09.07	10:40	1	30	2290	2290	00	5902249010411	0	0	0	0	0	0	0	0
$1	1534	1575	1	0	0093	1.000	1790	21.09.07	10:40	3	30	1790	1790	00	0000000000000	0	0	0	0	0	0	0	0
$1	1534	1576	1	0	1168	2.00	780	21.09.07	11:43	2	30	780	780	00	5909994310261	0	0	0	0	0	0	0	0
$1	1534	1576	2	0	2259	1.00	1490	21.09.07	11:43	2	30	1490	1490	00	0000020022594	0	0	0	0	0	0	0	0
$1	1534	1577	1	0	0002	1.000	820	21.09.07	12:42	1	30	820	820	00	0000000000000	0	0	0	0	0	0	0	0
$1	1534	1577	2	0	0002	1.000	640	21.09.07	12:42	1	30	640	640	00	0000000000000	0	0	0	0	0	0	0	0
$1	1534	1578	1	0	0543	1.00	2750	21.09.07	14:20	1	30	2750	2750	00	5902249010138	0	0	0	0	0	0	0	0
$1	1534	1579	1	0	3267	1.00	3750	21.09.07	14:44	1	30	3750	3750	00	0000014032677	0	0	0	0	0	0	0	0
$1	1534	1579	2	0	0538	1.00	2190	21.09.07	14:44	1	30	2190	2190	00	5902249010077	0	0	0	0	0	0	0	0
$1	1535	1581	1	0	0351	1.00	2750	21.09.08	10:07	1	30	2750	2750	00	5900168900219	0	0	0	0	0	0	0	0
$1	1535	1582	1	0	0851	1.00	1990	21.09.08	10:18	1	30	1990	1990	00	0000004008514	0	0	0	0	0	0	0	0
$1	1535	1583	1	0	0002	1.000	2490	21.09.08	11:10	1	30	2490	2490	00	0000000000000	0	0	0	0	0	0	0	0
$1	1535	1584	1	0	0004	1.000	1240	21.09.08	11:21	1	30	1240	1240	00	0000000000000	0	0	0	0	0	0	0	0
$1	1535	1584	2	0	0079	1.000	840	21.09.08	11:21	1	30	840	840	00	0000000000000	0	0	0	0	0	0	0	0
$1	1535	1584	3	0	0004	1.000	1190	21.09.08	11:21	1	30	1190	1190	00	0000000000000	0	0	0	0	0	0	0	0
$1	1535	1585	1	0	1230	1.00	450	21.09.08	11:30	2	30	450	450	00	5909994310766	0	0	0	0	0	0	0	0
$1	1535	1585	2	0	1249	1.00	750	21.09.08	11:30	2	30	750	750	00	5909994310667	0	0	0	0	0	0	0	0
$1	1535	1586	1	0	0604	1.00	3750	21.09.08	11:42	1	30	3750	3750	00	5902249011081	0	0	0	0	0	0	0	0
$1	1535	1586	2	0	0605	1.00	3950	21.09.08	11:42	1	30	3950	3950	00	5902249011098	0	0	0	0	0	0	0	0
$1	1535	1586	3	0	0528	1.00	1990	21.09.08	11:42	1	30	1990	1990	00	5907502687881	0	0	0	0	0	0	0	0
$1	1535	1586	4	0	0595	1.00	2650	21.09.08	11:42	1	30	2650	2650	00	5902249011005	0	0	0	0	0	0	0	0
$1	1535	1587	1	0	1821	1.00	1890	21.09.08	12:01	1	30	1890	1890	00	5701278288149	0	0	0	0	0	0	0	0
$1	1535	1587	2	0	3160	1.00	1890	21.09.08	12:01	1	30	1890	1890	00	5701278288125	0	0	0	0	0	0	0	0
$1	1535	1588	1	0	3169	1.00	3190	21.09.08	12:03	1	30	3190	3190	00	0000008031693	0	0	0	0	0	0	0	0
$1	1535	1589	1	0	0053	1.000	440	21.09.08	12:26	1	30	440	440	00	0000000000000	0	0	0	0	0	0	0	0
$1	1535	1590	1	0	1881	1.00	4950	21.09.08	13:12	1	30	4950	4950	00	5711914172794	0	0	0	0	0	0	0	0
$1	1535	1590	2	0	2053	1.00	2550	21.09.08	13:12	1	30	2550	2550	00	0000011020530	0	0	0	0	0	0	0	0
$1	1535	1590	3	0	0182	1.000	780	21.09.08	13:12	2	30	780	780	00	0000000000000	0	0	0	0	0	0	0	0
$1	1535	1591	1	0	0016	1.000	3190	21.09.08	14:24	1	30	3190	3190	00	0000000000000	0	0	0	0	0	0	0	0
$1	1535	1591	2	0	3994	1.00	1950	21.09.08	14:24	1	30	1950	1950	00	8691190121440	0	0	0	0	0	0	0	0
$1	1535	1591	3	0	0636	1.00	2590	21.09.08	14:24	1	30	2590	2590	00	5902249011425	0	0	0	0	0	0	0	0
$1	1535	1592	1	0	3902	1.00	1190	21.09.08	14:26	1	30	1190	1190	00	0000028039020	0	0	0	0	0	0	0	0
$1	1535	1593	1	0	1314	1.00	3550	21.09.08	15:51	3	30	3550	3550	00	0000006013141	0	0	0	0	0	0	0	0
$1	1535	1594	1	0	1249	1.00	750	21.09.08	16:06	2	30	750	750	00	5909994310667	0	0	0	0	0	0	0	0
$1	1535	1595	1	0	3177	1.00	2490	21.09.08	16:24	1	30	2490	2490	00	0000021031779	0	0	0	0	0	0	0	0
$1	1535	1596	1	0	0034	1.000	3990	21.09.08	16:30	1	30	3990	3990	00	0000000000000	0	0	0	0	0	0	0	0
$1	1535	1596	2	0	0026	1.000	1890	21.09.08	16:30	1	30	1890	1890	00	0000000000000	0	0	0	0	0	0	0	0
$1	1535	1597	1	0	1716	1.00	3550	21.09.08	16:38	1	30	3550	3550	00	0000034017166	0	0	0	0	0	0	0	0
$1	1535	1597	2	0	1436	1.00	2850	21.09.08	16:38	1	30	2850	2850	00	0000034014363	0	0	0	0	0	0	0	0
$1	1535	1598	1	0	0041	1.000	2390	21.09.08	16:48	1	30	2390	2390	00	0000000000000	0	0	0	0	0	0	0	0
$12	1536	1	1	0	3249	1.00	6350	21.09.09	09:42	1	30	6350	6350	00	0000024032490	0	0	0	0	0	0	0	0
$1	1536	1601	1	0	1055	1.00	790	21.09.09	10:26	3	30	790	790	00	5905279799141	0	0	0	0	0	0	0	0
$1	1536	1602	1	0	0002	1.000	2950	21.09.09	10:47	1	30	2950	2950	00	0000000000000	0	0	0	0	0	0	0	0
$1	1536	1602	2	0	0094	1.000	1190	21.09.09	10:47	2	30	1190	1190	00	0000000000000	0	0	0	0	0	0	0	0
$1	1536	1603	1	0	1503	1.00	2250	21.09.09	10:48	3	30	2250	2250	00	5907804205196	0	0	0	0	0	0	0	0
$1	1536	1604	1	0	0452	1.00	3990	21.09.09	10:56	1	30	3990	3990	00	5907502687058	0	0	0	0	0	0	0	0
$1	1536	1605	1	0	2404	1.00	2390	21.09.09	12:02	1	30	2390	2390	00	0000016024045	0	0	0	0	0	0	0	0
$1	1536	1605	2	0	0035	1.000	1250	21.09.09	12:02	1	30	1250	1250	00	0000000000000	0	0	0	0	0	0	0	0
$1	1536	1606	1	0	3351	1.00	5990	21.09.09	12:25	1	30	5990	5990	00	0000001033519	0	0	0	0	0	0	0	0
$1	1536	1606	2	0	1605	1.00	790	21.09.09	12:25	1	30	790	790	00	0000007016059	0	0	0	0	0	0	0	0
$1	1536	1606	3	0	3967	1.00	990	21.09.09	12:25	1	30	990	990	00	0000031039673	0	0	0	0	0	0	0	0
$1	1536	1606	4	0	3011	1.00	6500	21.09.09	12:25	1	30	6500	6500	00	0000001030112	0	0	0	0	0	0	0	0
$1	1536	1606	5	0	3054	1.00	700	21.09.09	12:25	2	30	700	700	00	0000020030544	0	0	0	0	0	0	0	0
$1	1536	1606	6	0	2497	1.00	750	21.09.09	12:25	2	30	750	750	00	0000020024970	0	0	0	0	0	0	0	0
$1	1536	1606	7	0	2024	2.00	3980	21.09.09	12:25	1	30	3980	4980	00	0000010020241	0	0	0	0	0	0	0	1
$1	1536	1607	1	0	2950	1.00	3490	21.09.09	12:30	1	30	3490	3490	00	0000024029506	0	0	0	0	0	0	0	0
$1	1536	1607	2	0	3249	1.00	6350	21.09.09	12:30	1	30	6350	6350	00	0000024032490	0	0	0	0	0	0	0	0
$1	1536	1607	3	0	0225	1.000	100	21.09.09	12:30	1	30	100	100	00	0000000000000	0	0	0	0	0	0	0	0
$1	1536	1608	1	0	1183	2.00	1180	21.09.09	12:38	2	30	1180	1180	00	5909990628414	0	0	0	0	0	0	0	0
$1	1536	1609	1	0	1178	1.00	390	21.09.09	13:03	2	30	390	390	00	5909990628360	0	0	0	0	0	0	0	0
$1	1536	1609	2	0	0182	1.000	760	21.09.09	13:03	2	30	760	760	00	0000000000000	0	0	0	0	0	0	0	0
$1	1536	1610	1	0	2383	1.00	2250	21.09.09	13:26	1	30	2250	2250	00	0000016023833	0	0	0	0	0	0	0	0
$1	1536	1611	1	0	3301	1.00	550	21.09.09	13:27	1	30	550	550	00	5905548350370	0	0	0	0	0	0	0	0
$1	1536	1611	2	0	3301	1.00	550	21.09.09	13:27	1	30	550	550	00	5905548350370	0	0	0	0	0	0	0	0
$1	1536	1612	1	0	2042	1.00	1490	21.09.09	13:30	3	30	1490	1490	00	0000007020421	0	0	0	0	0	0	0	0
$1	1536	1612	2	0	1593	1.00	1290	21.09.09	13:30	1	30	1290	1290	00	0000007015939	0	0	0	0	0	0	0	0
$1	1536	1612	3	0	0002	1.000	1750	21.09.09	13:30	1	30	1750	1750	00	0000000000000	0	0	0	0	0	0	0	0
$1	1536	1612	4	0	2478	1.00	1190	21.09.09	13:30	2	30	1190	1190	00	0000020024789	0	0	0	0	0	0	0	0
$1	1536	1612	5	0	0094	1.000	1190	21.09.09	13:30	2	30	1190	1190	00	0000000000000	0	0	0	0	0	0	0	0
$1	1536	1612	6	0	1562	1.00	2390	21.09.09	13:30	2	30	2390	2390	00	5907804205486	0	0	0	0	0	0	0	0
$1	1536	1612	7	0	0225	1.000	200	21.09.09	13:30	1	30	200	200	00	0000000000000	0	0	0	0	0	0	0	0
$1	1536	1613	1	0	0311	1.00	1850	21.09.09	13:40	1	30	1850	1850	00	5903111747039	0	0	0	0	0	0	0	0
$1	1536	1614	1	0	4061	1.00	3750	21.09.09	14:04	1	30	3750	3750	00	4250382202998	0	0	0	0	0	0	0	0
$1	1536	1615	1	0	1537	1.00	1690	21.09.09	14:26	3	30	1690	1690	00	5907804205035	0	0	0	0	0	0	0	0
$1	1536	1615	2	0	1562	1.00	2390	21.09.09	14:26	2	30	2390	2390	00	0000007015625	0	0	0	0	0	0	0	0
$1	1536	1616	1	0	0041	1.000	2990	21.09.09	14:51	1	30	2990	2990	00	0000000000000	0	0	0	0	0	0	0	0
$1	1536	1617	1	0	1230	2.00	900	21.09.09	15:04	2	30	900	900	00	5909994310766	0	0	0	0	0	0	0	0
$1	1536	1617	2	0	1233	1.00	650	21.09.09	15:04	2	30	650	650	00	5909990628223	0	0	0	0	0	0	0	0
$1	1536	1617	3	0	1031	2.00	1180	21.09.09	15:04	3	30	1180	1180	00	5905279799639	0	0	0	0	0	0	0	0
$1	1536	1617	4	0	1192	2.00	1380	21.09.09	15:04	2	30	1380	1380	00	5909990219322	0	0	0	0	0	0	0	0
$1	1536	1617	5	0	1191	2.00	900	21.09.09	15:04	2	30	900	900	00	5909990628490	0	0	0	0	0	0	0	0
$1	1536	1617	6	0	1007	2.00	1300	21.09.09	15:04	2	30	1300	1300	00	5907752643460	0	0	0	0	0	0	0	0
$1	1536	1618	1	0	3940	1.00	1790	21.09.09	15:19	1	30	1790	1790	00	0000031039406	0	0	0	0	0	0	0	0
$1	1536	1618	2	0	3999	1.00	2750	21.09.09	15:19	1	30	2750	2750	00	0000031039994	0	0	0	0	0	0	0	0
$1	1536	1618	3	0	2488	1.00	450	21.09.09	15:19	2	30	450	450	00	5902741003034	0	0	0	0	0	0	0	0
$1	1536	1618	4	0	1010	1.00	350	21.09.09	15:19	2	30	350	350	00	5906365702908	0	0	0	0	0	0	0	0
$1	1536	1618	5	0	0971	1.00	790	21.09.09	15:19	2	30	790	790	00	5905279799516	0	0	0	0	0	0	0	0
$1	1536	1618	6	0	3169	2.00	6380	21.09.09	15:19	1	30	6380	6380	00	0000008031693	0	0	0	0	0	0	0	0
$1	1536	1619	1	0	1787	1.00	10990	21.09.09	15:23	1	30	10990	10990	00	0000008017871	0	0	0	0	0	0	0	0
$1	1536	1620	1	0	2055	1.00	3650	21.09.09	15:25	1	30	3650	5650	00	0000011020554	0	0	0	0	0	0	0	1
$1	1536	1621	1	0	2024	1.00	1890	21.09.09	16:22	1	30	1890	2490	00	0000010020241	0	0	0	0	0	0	0	1
$1	1536	1621	2	0	2024	1.00	1990	21.09.09	16:22	1	30	1990	2490	00	0000010020241	0	0	0	0	0	0	0	1
$1	1536	1622	1	0	0365	1.00	1150	21.09.09	16:30	1	30	1150	1150	00	5905279370142	0	0	0	0	0	0	0	0
$1	1536	1623	1	0	3351	1.00	5990	21.09.09	16:32	1	30	5990	5990	00	0000001033519	0	0	0	0	0	0	0	0
$1	1536	1624	1	0	3156	1.00	2090	21.09.09	16:33	1	30	2090	2090	00	0000002031569	0	0	0	0	0	0	0	0
$1	1536	1625	1	0	2053	7.00	17850	21.09.09	17:28	1	30	17850	17850	00	0000011020530	0	0	0	0	0	0	0	0
$1	1536	1625	2	0	0612	1.00	2190	21.09.09	17:28	1	30	2190	2190	00	5902249011180	0	0	0	0	0	0	0	0
$1	1537	1627	1	0	4061	1.00	3750	21.09.10	10:25	1	30	3750	3750	00	4250382202998	0	0	0	0	0	0	0	0
$1	1537	1628	1	0	2429	1.00	2590	21.09.10	10:43	1	30	2590	2590	00	0000016024298	0	0	0	0	0	0	0	0
$1	1537	1628	2	0	2432	1.00	2590	21.09.10	10:43	1	30	2590	2590	00	0000016024328	0	0	0	0	0	0	0	0
$1	1537	1629	1	0	2053	1.00	2550	21.09.10	10:57	1	30	2550	2550	00	0000011020530	0	0	0	0	0	0	0	0
$1	1537	1629	2	0	0013	1.000	1490	21.09.10	10:57	3	30	1490	1490	00	0000000000000	0	0	0	0	0	0	0	0
$1	1537	1629	3	0	0065	1.000	100	21.09.10	10:57	1	30	100	100	00	0000000000000	0	0	0	0	0	0	0	0
$1	1537	1630	1	0	2350	1.00	650	21.09.10	10:58	1	30	650	650	00	0000015023506	0	0	0	0	0	0	0	0
$1	1537	1631	1	0	2960	1.00	2690	21.09.10	10:58	2	30	2690	2690	00	0000019029603	0	0	0	0	0	0	0	0
$1	1537	1632	1	0	2053	1.00	2550	21.09.10	11:08	1	30	2550	2550	00	0000011020530	0	0	0	0	0	0	0	0
$1	1537	1632	2	0	2053	1.00	2550	21.09.10	11:08	1	30	2550	2550	00	0000011020530	0	0	0	0	0	0	0	0
$1	1537	1633	1	0	2729	1.00	2990	21.09.10	11:18	2	30	2990	2990	00	0000017027298	0	0	0	0	0	0	0	0
$1	1537	1633	2	0	2729	1.00	2990	21.09.10	11:18	2	30	2990	2990	00	0000017027298	0	0	0	0	0	0	0	0
$1	1537	1633	3	0	2729	1.00	2990	21.09.10	11:18	2	30	2990	2990	00	0000017027298	0	0	0	0	0	0	0	0
$1	1537	1633	4	0	2612	1.00	1450	21.09.10	11:18	2	30	1450	1450	00	0000017026123	0	0	0	0	0	0	0	0
$1	1537	1633	5	0	2960	1.00	2690	21.09.10	11:18	2	30	2690	2690	00	0000019029603	0	0	0	0	0	0	0	0
$1	1537	1634	1	0	0328	1.00	1850	21.09.10	11:24	1	30	1850	1850	00	5906874565049	0	0	0	0	0	0	0	0
$1	1537	1634	2	0	0006	1.000	2890	21.09.10	11:24	1	30	2890	2890	00	0000000000000	0	0	0	0	0	0	0	0
$1	1537	1634	3	0	0094	1.000	1750	21.09.10	11:24	2	30	1750	1750	00	0000000000000	0	0	0	0	0	0	0	0
$1	1537	1634	4	0	1291	1.00	5450	21.09.10	11:24	3	30	5450	5450	00	0000006012915	0	0	0	0	0	0	0	0
$1	1537	1635	1	0	1587	1.00	1290	21.09.10	11:33	1	30	1290	1290	00	0000007015878	0	0	0	0	0	0	0	0
$1	1537	1635	2	0	2419	1.00	1250	21.09.10	11:33	1	30	1250	1250	00	0000016024199	0	0	0	0	0	0	0	0
$1	1537	1635	3	0	3038	1.00	690	21.09.10	11:33	2	30	690	690	00	0000020030384	0	0	0	0	0	0	0	0
$1	1537	1636	1	0	0006	1.000	2890	21.09.10	11:51	1	30	2890	2890	00	0000000000000	0	0	0	0	0	0	0	0
$1	1537	1637	1	0	2063	1.00	2350	21.09.10	11:53	1	30	2350	2350	00	0000012020638	0	0	0	0	0	0	0	0
$1	1537	1638	1	0	3211	1.00	1950	21.09.10	12:54	1	30	1950	1950	00	0000018032116	0	0	0	0	0	0	0	0
$1	1537	1638	2	0	2024	1.00	2490	21.09.10	12:54	1	30	2490	2490	00	0000010020241	0	0	0	0	0	0	0	0
$1	1537	1639	1	0	1040	1.00	450	21.09.10	13:03	2	30	450	450	00	5906365702847	0	0	0	0	0	0	0	0
$1	1537	1640	1	0	3258	1.00	2750	21.09.10	13:48	1	30	2750	2750	00	0000001032581	0	0	0	0	0	0	0	0
$1	1537	1640	2	0	0361	1.00	1150	21.09.10	13:48	1	30	1150	1150	00	5905279370128	0	0	0	0	0	0	0	0
$1	1537	1641	1	0	3932	1.00	1590	21.09.10	13:58	1	30	1590	1590	00	0000031039321	0	0	0	0	0	0	0	0
$1	1537	1641	2	0	3953	1.00	2300	21.09.10	13:58	1	30	2300	2300	00	0000031039536	0	0	0	0	0	0	0	0
$10	1537	1641	1	0	0526	1.00	3350	21.09.10	13:58	1	30	3350	3350	00	5907502687683	0	0	0	0	0	0	0	0
$1	1537	1641	3	0	3943	1.00	3950	21.09.10	13:58	1	30	3950	3950	00	8691190967499	0	0	0	0	0	0	0	0
$1	1537	1641	4	0	2116	1.00	2850	21.09.10	13:58	1	30	2850	2850	00	0000031021166	0	0	0	0	0	0	0	0
$1	1537	1641	5	0	1318	1.00	3150	21.09.10	13:58	1	30	3150	3150	00	0000006013189	0	0	0	0	0	0	0	0
$1	1537	1641	6	0	0025	1.000	490	21.09.10	13:58	1	30	490	490	00	0000000000000	0	0	0	0	0	0	0	0
$1	1537	1642	1	0	1573	1.00	490	21.09.10	14:08	2	30	490	490	00	5906660817208	0	0	0	0	0	0	0	0
$1	1537	1643	1	0	2348	1.00	1690	21.09.10	14:34	1	30	1690	3950	00	5906395235773	0	0	0	0	0	0	0	1
$1	1537	1644	1	0	0451	1.00	3750	21.09.10	15:35	1	30	3750	3750	00	5907502687102	0	0	0	0	0	0	0	0
$1	1537	1645	1	0	3798	1.00	2890	21.09.10	15:52	1	30	2890	2890	00	0000025037982	0	0	0	0	0	0	0	0
$1	1537	1646	1	0	2395	1.00	2450	21.09.10	16:01	1	30	2450	2450	00	0000016023956	0	0	0	0	0	0	0	0
$1	1537	1646	2	0	2431	1.00	2590	21.09.10	16:01	1	30	2590	2590	00	0000016024311	0	0	0	0	0	0	0	0
$1	1537	1647	1	0	0668	1.00	5990	21.09.10	16:19	1	30	5990	5990	00	5902249014853	0	0	0	0	0	0	0	0
$1	1537	1647	2	0	0785	1.00	4850	21.09.10	16:19	1	30	4850	4850	00	0000003007853	0	0	0	0	0	0	0	0
$1	1537	1647	3	0	2053	1.00	2550	21.09.10	16:19	1	30	2550	2550	00	0000011020530	0	0	0	0	0	0	0	0
$1	1537	1648	1	0	2350	4.00	2600	21.09.10	16:21	1	30	2600	2600	00	0000015023506	0	0	0	0	0	0	0	0
$1	1537	1649	1	0	2009	1.00	2950	21.09.10	16:42	1	30	2950	2950	00	0680275060864	0	0	0	0	0	0	0	0
$1	1537	1649	2	0	0209	1.000	3990	21.09.10	16:42	1	30	3990	3990	00	0000000000000	0	0	0	0	0	0	0	0
$1	1537	1650	1	0	1040	1.00	450	21.09.10	16:43	2	30	450	450	00	5906365702847	0	0	0	0	0	0	0	0
$1	1537	1650	2	0	1039	1.00	550	21.09.10	16:43	2	30	550	550	00	5906365702823	0	0	0	0	0	0	0	0
$1	1537	1651	1	0	0895	1.00	3890	21.09.10	16:56	1	30	3890	3890	00	0000004008958	0	0	0	0	0	0	0	0
$1	1537	1651	2	0	3349	1.00	2990	21.09.10	16:56	1	30	2990	2990	00	0000012033492	0	0	0	0	0	0	0	0
$10	1537	1651	1	0	3873	29.50	79355	21.09.10	16:56	1	30	79355	79355	00	5907618131018	0	0	0	0	0	0	0	0
$1	1537	1651	3	0	3873	1.00	2950	21.09.10	16:56	1	30	2950	2950	00	5907618131018	0	0	0	0	0	0	0	0
$1	1537	1652	1	0	1018	1.00	990	21.09.10	16:58	2	30	990	990	00	5907752643019	0	0	0	0	0	0	0	0
$1	1537	1652	2	0	0093	1.000	1790	21.09.10	16:58	3	30	1790	1790	00	0000000000000	0	0	0	0	0	0	0	0
$1	1537	1653	1	0	0034	1.000	3390	21.09.10	17:06	1	30	3390	3390	00	0000000000000	0	0	0	0	0	0	0	0
$1	1537	1653	2	0	0002	1.000	1750	21.09.10	17:06	1	30	1750	1750	00	0000000000000	0	0	0	0	0	0	0	0
$1	1537	1653	3	0	0094	1.000	1750	21.09.10	17:06	2	30	1750	1750	00	0000000000000	0	0	0	0	0	0	0	0
$1	1537	1653	4	0	1562	1.00	2390	21.09.10	17:06	2	30	2390	2390	00	5907804205486	0	0	0	0	0	0	0	0
$1	1537	1653	5	0	0225	1.000	300	21.09.10	17:06	1	30	300	300	00	0000000000000	0	0	0	0	0	0	0	0
$1	1537	1654	1	0	1820	1.00	1890	21.09.10	17:37	1	30	1890	1890	00	5701278288101	0	0	0	0	0	0	0	0
$1	1538	1656	1	0	2053	1.00	2550	21.09.11	10:06	1	30	2550	2550	00	0000011020530	0	0	0	0	0	0	0	0
$1	1538	1656	2	0	2050	1.00	2550	21.09.11	10:06	1	30	2550	2550	00	0000011020509	0	0	0	0	0	0	0	0
$1	1538	1657	1	0	2053	1.00	2550	21.09.11	10:29	1	30	2550	2550	00	0000011020530	0	0	0	0	0	0	0	0
$1	1538	1658	1	0	2353	1.00	3950	21.09.11	10:31	1	30	3950	3950	00	0000001023534	0	0	0	0	0	0	0	0
$1	1538	1658	2	0	0774	1.00	3700	21.09.11	10:31	1	30	3700	3700	00	0000003007747	0	0	0	0	0	0	0	0
$1	1538	1659	1	0	3791	1.00	1250	21.09.11	10:43	1	30	1250	1250	00	8691190069797	0	0	0	0	0	0	0	0
$1	1538	1659	2	0	3793	1.00	350	21.09.11	10:43	1	30	350	350	00	0000025037937	0	0	0	0	0	0	0	0
$1	1538	1660	1	0	1176	1.00	390	21.09.11	10:51	2	30	390	390	00	5909994401723	0	0	0	0	0	0	0	0
$1	1538	1660	2	0	1008	1.00	450	21.09.11	10:51	2	30	450	450	00	5909994311367	0	0	0	0	0	0	0	0
$1	1538	1660	3	0	1178	1.00	390	21.09.11	10:51	2	30	390	390	00	5909990628360	0	0	0	0	0	0	0	0
$1	1538	1660	4	0	1174	1.00	390	21.09.11	10:51	2	30	390	390	00	5909990628346	0	0	0	0	0	0	0	0
$1	1538	1661	1	0	0560	1.00	2750	21.09.11	10:53	1	30	2750	2750	00	5907502687966	0	0	0	0	0	0	0	0
$1	1538	1661	2	0	0528	1.00	1990	21.09.11	10:53	1	30	1990	1990	00	5907502687881	0	0	0	0	0	0	0	0
$1	1538	1662	1	0	2596	1.00	1090	21.09.11	10:57	1	30	1090	1090	00	0000017025966	0	0	0	0	0	0	0	0
$1	1538	1662	2	0	1236	1.00	490	21.09.11	10:57	3	30	490	490	00	0000005012367	0	0	0	0	0	0	0	0
$1	1538	1662	3	0	1133	1.00	750	21.09.11	10:57	3	30	750	750	00	0000005011339	0	0	0	0	0	0	0	0
$1	1538	1662	4	0	1543	1.00	4750	21.09.11	10:57	3	30	4750	4750	00	5907804205073	0	0	0	0	0	0	0	0
$1	1538	1663	1	0	1032	1.00	950	21.09.11	11:03	3	30	950	950	00	0000005010325	0	0	0	0	0	0	0	0
$1	1538	1664	1	0	2024	1.00	1850	21.09.11	11:14	1	30	1850	2490	00	0000010020241	0	0	0	0	0	0	0	1
$1	1538	1665	1	0	0643	1.00	3090	21.09.11	11:24	1	30	3090	3090	00	5902249012040	0	0	0	0	0	0	0	0
$1	1538	1665	2	0	2827	1.00	10090	21.09.11	11:24	1	30	10090	10090	00	0000018028270	0	0	0	0	0	0	0	0
$1	1538	1665	3	0	1167	1.00	550	21.09.11	11:24	2	30	550	550	00	0000005011674	0	0	0	0	0	0	0	0
$1	1538	1665	4	0	0626	1.00	2490	21.09.11	11:24	1	30	2490	2490	00	5902249011333	0	0	0	0	0	0	0	0
$1	1538	1665	5	0	0628	1.00	690	21.09.11	11:24	1	30	690	690	00	5902249011326	0	0	0	0	0	0	0	0
$1	1538	1666	1	0	3939	1.00	1490	21.09.11	11:31	1	30	1490	1490	00	0000031039390	0	0	0	0	0	0	0	0
$1	1538	1666	2	0	2024	1.00	1850	21.09.11	11:31	1	30	1850	2490	00	0000010020241	0	0	0	0	0	0	0	1
$1	1538	1667	1	0	2350	1.00	650	21.09.11	11:34	1	30	650	650	00	0000015023506	0	0	0	0	0	0	0	0
$1	1538	1668	1	0	0203	1.000	2590	21.09.11	11:36	1	30	2590	2590	00	0000000000000	0	0	0	0	0	0	0	0
$1	1538	1669	1	0	2447	1.00	3090	21.09.11	11:41	1	30	3090	3090	00	5902249015157	0	0	0	0	0	0	0	0
$1	1538	1669	2	0	3901	1.00	950	21.09.11	11:41	1	30	950	950	00	0000028039013	0	0	0	0	0	0	0	0
$1	1538	1669	3	0	3901	1.00	950	21.09.11	11:41	1	30	950	950	00	0000028039013	0	0	0	0	0	0	0	0
$10	1538	1669	1	0	2024	1.00	2490	21.09.11	11:41	1	30	2490	2490	00	0000010020241	0	0	0	0	0	0	0	0
$10	1538	1669	2	0	3901	1.00	950	21.09.11	11:41	1	30	950	950	00	0000028039013	0	0	0	0	0	0	0	0
$1	1538	1669	4	0	2024	1.00	1850	21.09.11	11:41	1	30	1850	2490	00	0000010020241	0	0	0	0	0	0	0	1
$1	1538	1669	5	0	3901	1.00	950	21.09.11	11:41	1	30	950	950	00	0000028039013	0	0	0	0	0	0	0	0
$1	1538	1670	1	0	3901	1.00	950	21.09.11	11:42	1	30	950	950	00	0000028039013	0	0	0	0	0	0	0	0
$1	1538	1671	1	0	1103	1.00	590	21.09.11	12:26	2	30	590	590	00	5905279799004	0	0	0	0	0	0	0	0
$1	1538	1671	2	0	2350	1.00	650	21.09.11	12:26	1	30	650	650	00	0000015023506	0	0	0	0	0	0	0	0
$1	1538	1672	1	0	1718	1.00	3650	21.09.11	12:33	1	30	3650	3650	00	0000034017180	0	0	0	0	0	0	0	0
$1	1538	1672	2	0	1435	1.00	2850	21.09.11	12:33	1	30	2850	2850	00	0000034014356	0	0	0	0	0	0	0	0
$1	1538	1673	1	0	0013	1.000	1350	21.09.11	13:06	3	30	1350	1350	00	0000000000000	0	0	0	0	0	0	0	0
$1	1538	1673	2	0	0494	1.00	3450	21.09.11	13:06	1	30	3450	3450	00	5907502687409	0	0	0	0	0	0	0	0
$1	1539	1675	1	0	0605	1.00	3950	21.09.14	12:46	1	30	3950	3950	00	5902249011098	0	0	0	0	0	0	0	0
$1	1539	1676	1	0	2024	2.00	3980	21.09.14	12:48	1	30	3980	4980	00	0000010020241	0	0	0	0	0	0	0	1
$1	1539	1677	1	0	2051	1.00	9800	21.09.14	12:59	1	30	9800	9800	00	0000011020516	0	0	0	0	0	0	0	0
$1	1539	1677	2	0	0079	1.000	840	21.09.14	12:59	1	30	840	840	00	0000000000000	0	0	0	0	0	0	0	0
$1	1539	1677	3	0	0640	1.00	3090	21.09.14	12:59	1	30	3090	3090	00	5902249011555	0	0	0	0	0	0	0	0
$1	1539	1677	4	0	0473	1.00	2290	21.09.14	12:59	1	30	2290	2290	00	5907502687317	0	0	0	0	0	0	0	0
$1	1539	1677	5	0	0209	1.000	3990	21.09.14	12:59	1	30	3990	3990	00	0000000000000	0	0	0	0	0	0	0	0
$1	1539	1677	6	0	1444	1.00	1450	21.09.14	12:59	1	30	1450	1450	00	0000034014448	0	0	0	0	0	0	0	0
$1	1539	1677	7	0	0016	2.000	4980	21.09.14	12:59	1	30	4980	4980	00	0000000000000	0	0	0	0	0	0	0	0
$1	1539	1678	1	0	0002	1.000	1750	21.09.14	12:59	1	30	1750	1750	00	0000000000000	0	0	0	0	0	0	0	0
$1	1539	1678	2	0	1133	1.00	750	21.09.14	12:59	3	30	750	750	00	0000005011339	0	0	0	0	0	0	0	0
$1	1539	1679	1	0	0774	1.00	3700	21.09.14	13:02	1	30	3700	3700	00	0000003007747	0	0	0	0	0	0	0	0
$1	1539	1679	2	0	2307	1.00	3750	21.09.14	13:02	1	30	3750	3750	00	0000014023071	0	0	0	0	0	0	0	0
$1	1539	1680	1	0	2950	1.00	3490	21.09.14	13:53	1	30	3490	3490	00	0000024029506	0	0	0	0	0	0	0	0
$1	1539	1681	1	0	0002	1.000	810	21.09.14	14:11	1	30	810	810	00	0000000000000	0	0	0	0	0	0	0	0
$1	1539	1681	2	0	0002	1.000	810	21.09.14	14:11	1	30	810	810	00	0000000000000	0	0	0	0	0	0	0	0
$1	1539	1682	1	0	0182	2.000	1160	21.09.14	14:49	2	30	1160	1160	00	0000000000000	0	0	0	0	0	0	0	0
$1	1539	1683	1	0	3953	1.00	2300	21.09.14	15:16	1	30	2300	2300	00	0000031039536	0	0	0	0	0	0	0	0
$10	1539	1683	1	0	3176	1.00	890	21.09.14	15:16	1	30	890	2390	00	5903246243017	0	0	0	0	0	0	0	1
$1	1539	1683	2	0	3176	1.00	2032	21.09.14	15:16	1	30	2032	2390	00	0000021031762	0	0	0	0	0	0	0	1
$1	1539	1684	1	0	2024	3.00	5970	21.09.14	15:20	1	30	7470	7470	00	0000010020241	0	1	0	0	0	0	0	0
$1	1539	1685	1	0	0470	1.00	3450	21.09.14	16:20	1	30	3450	3450	00	5907502687263	0	0	0	0	0	0	0	0
$1	1539	1685	2	0	0026	1.000	2390	21.09.14	16:20	1	30	2390	2390	00	0000000000000	0	0	0	0	0	0	0	0
$1	1539	1685	3	0	2743	1.00	2300	21.09.14	16:20	1	30	2300	2300	00	0000035027430	0	0	0	0	0	0	0	0
$1	1539	1686	1	0	3740	1.00	490	21.09.14	16:41	1	30	490	490	00	0000025037401	0	0	0	0	0	0	0	0
$1	1539	1687	1	0	0612	1.00	2190	21.09.14	17:23	1	30	2190	2190	00	5902249011180	0	0	0	0	0	0	0	0
$1	1540	1689	1	0	0946	1.00	3290	21.09.15	10:46	1	30	3290	3290	00	0000024009461	0	0	0	0	0	0	0	0
$1	1540	1689	2	0	0006	1.000	2890	21.09.15	10:46	1	30	2890	2890	00	0000000000000	0	0	0	0	0	0	0	0
$1	1540	1689	3	0	2460	1.00	200	21.09.15	10:46	2	30	200	200	00	0000033002996	0	0	0	0	0	0	0	0
$1	1540	1690	1	0	0851	1.00	1990	21.09.15	10:54	1	30	1990	1990	00	0000004008514	0	0	0	0	0	0	0	0
$1	1540	1690	2	0	0975	1.00	700	21.09.15	10:54	2	30	700	700	00	0000005009756	0	0	0	0	0	0	0	0
$1	1540	1690	3	0	0582	1.00	2590	21.09.15	10:54	1	30	2590	2590	00	5902249010565	0	0	0	0	0	0	0	0
$1	1540	1691	1	0	3993	1.00	2050	21.09.15	10:58	1	30	2050	2050	00	0000031039932	0	0	0	0	0	0	0	0
$1	1540	1691	2	0	2053	1.00	2550	21.09.15	10:58	1	30	2550	2550	00	0000011020530	0	0	0	0	0	0	0	0
$1	1540	1692	1	0	0982	2.00	900	21.09.15	11:02	2	30	900	900	00	5907752643385	0	0	0	0	0	0	0	0
$1	1540	1692	2	0	1093	2.00	1100	21.09.15	11:02	2	30	1100	1100	00	5906365702212	0	0	0	0	0	0	0	0
$1	1540	1693	1	0	2052	1.00	7800	21.09.15	11:06	1	30	7800	9800	00	0000011020523	0	0	0	0	0	0	0	1
$1	1540	1694	1	0	2350	3.00	1950	21.09.15	11:17	1	30	1950	1950	00	0000015023506	0	0	0	0	0	0	0	0
$1	1540	1695	1	0	0012	1.000	1490	21.09.15	11:21	1	30	1490	1490	00	0000000000000	0	0	0	0	0	0	0	0
$1	1540	1696	1	0	1211	3.00	1170	21.09.15	11:25	2	30	1170	1170	00	5909994309920	0	0	0	0	0	0	0	0
$1	1540	1696	2	0	1107	3.00	1200	21.09.15	11:25	2	30	1200	1200	00	5909994311466	0	0	0	0	0	0	0	0
$1	1540	1697	1	0	0371	1.00	1450	21.09.15	11:49	1	30	1450	1450	00	5906874565292	0	0	0	0	0	0	0	0
$1	1540	1697	2	0	0327	1.00	1850	21.09.15	11:49	1	30	1850	1850	00	5906874565032	0	0	0	0	0	0	0	0
$1	1540	1697	3	0	2345	1.00	1990	21.09.15	11:49	1	30	1990	1990	00	5900168907683	0	0	0	0	0	0	0	0
$1	1540	1697	4	0	1457	1.00	4250	21.09.15	11:49	1	30	4250	4250	00	0000034014578	0	0	0	0	0	0	0	0
$1	1540	1698	1	0	0209	1.000	3990	21.09.15	12:06	1	30	3990	3990	00	0000000000000	0	0	0	0	0	0	0	0
$1	1540	1699	1	0	2053	1.00	2550	21.09.15	12:12	1	30	2550	2550	00	0000011020530	0	0	0	0	0	0	0	0
$1	1540	1699	2	0	2050	1.00	2550	21.09.15	12:12	1	30	2550	2550	00	0000011020509	0	0	0	0	0	0	0	0
$1	1540	1700	1	0	0002	1.000	690	21.09.15	12:19	1	30	690	690	00	0000000000000	0	0	0	0	0	0	0	0
$1	1540	1701	1	0	0086	1.000	140	21.09.15	13:17	1	30	140	140	00	0000000000000	0	0	0	0	0	0	0	0
$1	1540	1702	1	0	3009	1.00	2090	21.09.15	13:18	1	30	2090	2090	00	0000019030098	0	0	0	0	0	0	0	0
$12	1540	1	1	0	0066	1.000	1190	21.09.15	13:30	1	30	1190	1190	00	0000000000000	0	0	0	0	0	0	0	0
$1	1540	1704	1	0	1054	2.00	800	21.09.15	13:30	3	30	800	800	00	5907752643873	0	0	0	0	0	0	0	0
$1	1540	1705	1	0	1451	1.00	1490	21.09.15	13:32	1	30	1490	1490	00	0000034014516	0	0	0	0	0	0	0	0
$1	1540	1705	2	0	0026	1.000	1490	21.09.15	13:32	1	30	1490	1490	00	0000000000000	0	0	0	0	0	0	0	0
$1	1540	1705	3	0	4007	1.00	1150	21.09.15	13:32	1	30	1150	1150	00	0000031040075	0	0	0	0	0	0	0	0
$1	1540	1706	1	0	0066	1.000	1190	21.09.15	13:46	1	30	1190	1190	00	0000000000000	0	0	0	0	0	0	0	0
$1	1540	1707	1	0	0034	2.000	6780	21.09.15	13:47	1	30	6780	6780	00	0000000000000	0	0	0	0	0	0	0	0
$1	1540	1707	2	0	0094	2.000	2380	21.09.15	13:47	2	30	2380	2380	00	0000000000000	0	0	0	0	0	0	0	0
$1	1540	1708	1	0	0088	1.000	3990	21.09.15	13:54	1	30	3990	3990	00	0000000000000	0	0	0	0	0	0	0	0
$1	1540	1709	1	0	1561	1.00	3750	21.09.15	13:57	3	30	3750	3750	00	5907804205769	0	0	0	0	0	0	0	0
$1	1540	1710	1	0	3991	1.00	1090	21.09.15	14:11	1	30	1090	1090	00	0000031039918	0	0	0	0	0	0	0	0
$1	1540	1710	2	0	2053	3.00	7650	21.09.15	14:11	1	30	7650	7650	00	0000011020530	0	0	0	0	0	0	0	0
$1	1540	1710	3	0	2431	1.00	2590	21.09.15	14:11	1	30	2590	2590	00	0000016024311	0	0	0	0	0	0	0	0
$1	1540	1711	1	0	1007	1.00	650	21.09.15	15:12	2	30	650	650	00	5907752643460	0	0	0	0	0	0	0	0
$1	1540	1712	1	0	1001	1.00	550	21.09.15	15:14	2	30	550	550	00	5909990903016	0	0	0	0	0	0	0	0
$1	1540	1713	1	0	3794	1.00	1350	21.09.15	15:53	1	30	1350	1350	00	0000025037944	0	0	0	0	0	0	0	0
$1	1540	1713	2	0	2983	1.00	2690	21.09.15	15:53	2	30	2690	2690	00	0000019029832	0	0	0	0	0	0	0	0
$1	1540	1713	3	0	2053	1.00	2550	21.09.15	15:53	1	30	2550	2550	00	0000011020530	0	0	0	0	0	0	0	0
$1	1540	1713	4	0	0455	1.00	3850	21.09.15	15:53	1	30	3850	3850	00	5907502687171	0	0	0	0	0	0	0	0
$1	1540	1714	1	0	3904	1.00	3450	21.09.15	16:05	1	30	3450	3450	00	0000028039044	0	0	0	0	0	0	0	0
$1	1540	1715	1	0	0244	2.000	1120	21.09.15	16:06	1	30	1120	1120	00	0000000000000	0	0	0	0	0	0	0	0
$1	1540	1716	1	0	0713	1.00	2150	21.09.15	16:59	1	30	2150	2150	00	0000003007136	0	0	0	0	0	0	0	0
$1	1540	1716	2	0	2022	1.00	2350	21.09.15	16:59	1	30	2350	2350	00	4752208006730	0	0	0	0	0	0	0	0
$1	1540	1716	3	0	2024	2.00	3980	21.09.15	16:59	1	30	3980	4980	00	0000010020241	0	0	0	0	0	0	0	1
$1	1540	1717	1	0	0086	1.000	140	21.09.15	17:26	1	30	140	140	00	0000000000000	0	0	0	0	0	0	0	0
$1	1541	1719	1	0	2350	4.00	2600	21.09.16	09:48	1	30	2600	2600	00	0000015023506	0	0	0	0	0	0	0	0
$1	1541	1720	1	0	3321	1.00	2850	21.09.16	09:52	1	30	2850	2850	00	4791021004615	0	0	0	0	0	0	0	0
$1	1541	1721	1	0	2050	1.00	2550	21.09.16	10:24	1	30	2550	2550	00	0000011020509	0	0	0	0	0	0	0	0
$1	1541	1722	1	0	0971	1.00	8	21.09.16	10:27	2	30	8	790	00	5905279799516	0	0	0	0	0	0	0	1
$1	1541	1723	1	0	1181	2.00	780	21.09.16	10:47	2	30	780	780	00	5909994310964	0	0	0	0	0	0	0	0
$1	1541	1724	1	0	0315	1.00	588	21.09.16	12:57	1	30	2350	2350	00	0000001003154	0	1	0	0	0	0	0	0
$1	1541	1724	2	0	0370	1.00	348	21.09.16	12:57	1	30	1390	1390	00	5906874565063	0	1	0	0	0	0	0	0
$1	1541	1725	1	0	2974	1.00	1750	21.09.16	13:00	2	30	1750	1750	00	0000019029740	0	0	0	0	0	0	0	0
$1	1541	1726	1	0	1069	1.00	750	21.09.16	13:02	2	30	750	750	00	5906365702151	0	0	0	0	0	0	0	0
$1	1541	1726	2	0	1202	1.00	490	21.09.16	13:02	2	30	490	490	00	5909994309326	0	0	0	0	0	0	0	0
$1	1541	1727	1	0	0182	2.000	3700	21.09.16	13:04	2	30	3700	3700	00	0000000000000	0	0	0	0	0	0	0	0
$1	1541	1728	1	0	2053	1.00	2550	21.09.16	13:16	1	30	2550	2550	00	0000011020530	0	0	0	0	0	0	0	0
$1	1541	1729	1	0	0035	1.000	1250	21.09.16	13:16	1	30	1250	1250	00	0000000000000	0	0	0	0	0	0	0	0
$1	1541	1730	1	0	1819	1.00	3190	21.09.16	13:33	1	30	3190	3190	00	0000008018199	0	0	0	0	0	0	0	0
$1	1541	1730	2	0	1839	1.00	2490	21.09.16	13:33	1	30	2490	2490	00	5711914159238	0	0	0	0	0	0	0	0
$1	1541	1731	1	0	1068	1.00	490	21.09.16	13:48	2	30	490	490	00	5905279799400	0	0	0	0	0	0	0	0
$1	1541	1732	1	0	0970	1.00	450	21.09.16	13:50	2	30	450	450	00	5907752643378	0	0	0	0	0	0	0	0
$1	1541	1733	1	0	1820	1.00	1890	21.09.16	13:54	1	30	1890	1890	00	5701278288101	0	0	0	0	0	0	0	0
$1	1541	1734	1	0	0203	1.000	990	21.09.16	14:18	1	30	990	990	00	0000000000000	0	0	0	0	0	0	0	0
$1	1541	1734	2	0	0727	1.00	8250	21.09.16	14:18	1	30	8250	8250	00	0000003007273	0	0	0	0	0	0	0	0
$1	1541	1734	3	0	0490	1.00	1290	21.09.16	14:18	1	30	1290	1290	00	5902249010787	0	0	0	0	0	0	0	0
$1	1541	1734	4	0	0458	1.00	1290	21.09.16	14:18	1	30	1290	1290	00	5907502687072	0	0	0	0	0	0	0	0
$1	1541	1735	1	0	0082	1.000	1490	21.09.16	14:26	1	30	1490	1490	00	0000000000000	0	0	0	0	0	0	0	0
$1	1541	1736	1	0	2053	1.00	2550	21.09.16	14:30	1	30	2550	2550	00	0000011020530	0	0	0	0	0	0	0	0
$1	1541	1737	1	0	0338	1.00	3250	21.09.16	15:12	1	30	3250	3250	00	5900168902350	0	0	0	0	0	0	0	0
$1	1541	1737	2	0	0524	1.00	2290	21.09.16	15:12	1	30	2290	2290	00	5907502687669	0	0	0	0	0	0	0	0
$1	1541	1738	1	0	2727	1.00	3150	21.09.16	15:57	3	30	3150	3150	00	5907078675671	0	0	0	0	0	0	0	0
$1	1541	1738	2	0	0066	1.000	1190	21.09.16	15:57	1	30	1190	1190	00	0000000000000	0	0	0	0	0	0	0	0
$1	1541	1738	3	0	3854	1.00	500	21.09.16	15:57	1	30	500	500	00	0000026038544	0	0	0	0	0	0	0	0
$1	1541	1738	4	0	0628	1.00	690	21.09.16	15:57	1	30	690	690	00	5902249011326	0	0	0	0	0	0	0	0
$1	1541	1738	5	0	0628	1.00	690	21.09.16	15:57	1	30	690	690	00	5902249011326	0	0	0	0	0	0	0	0
$1	1541	1738	6	0	0038	1.000	1140	21.09.16	15:57	1	30	1140	1140	00	0000000000000	0	0	0	0	0	0	0	0
$1	1541	1739	1	0	0199	1.000	490	21.09.16	15:57	1	30	490	490	00	0000000000000	0	0	0	0	0	0	0	0
$1	1541	1740	1	0	1503	1.00	2250	21.09.16	16:21	3	30	2250	2250	00	5907804205196	0	0	0	0	0	0	0	0
$1	1541	1741	1	0	2040	1.00	2890	21.09.16	16:46	1	30	2890	2890	00	0000016020405	0	0	0	0	0	0	0	0
$1	1541	1742	1	0	2827	1.00	10090	21.09.16	16:50	1	30	10090	10090	00	0000018028270	0	0	0	0	0	0	0	0
$1	1541	1742	2	0	2828	1.00	11050	21.09.16	16:50	1	30	11050	11050	00	0000018028287	0	0	0	0	0	0	0	0
$1	1542	1744	1	0	0002	1.000	2190	21.09.17	13:36	1	30	2190	2190	00	0000000000000	0	0	0	0	0	0	0	0
$1	1542	1744	2	0	0357	1.00	1750	21.09.17	13:36	1	30	1750	1750	00	5900168902589	0	0	0	0	0	0	0	0
$1	1542	1744	3	0	1890	1.00	2990	21.09.17	13:36	1	30	2990	2990	00	0000023018907	0	0	0	0	0	0	0	0
$1	1542	1744	4	0	1601	1.00	750	21.09.17	13:36	1	30	750	750	00	0000007016011	0	0	0	0	0	0	0	0
$1	1542	1745	1	0	1561	3.00	11250	21.09.17	14:00	3	30	11250	11250	00	5907804205769	0	0	0	0	0	0	0	0
$1	1542	1746	1	0	3932	1.00	1590	21.09.17	14:02	1	30	1590	1590	00	0000031039321	0	0	0	0	0	0	0	0
$1	1542	1746	2	0	3793	1.00	350	21.09.17	14:02	1	30	350	350	00	0000025037937	0	0	0	0	0	0	0	0
$1	1542	1746	3	0	2053	1.00	2550	21.09.17	14:02	1	30	2550	2550	00	0000011020530	0	0	0	0	0	0	0	0
$1	1542	1747	1	0	1055	1.00	790	21.09.17	14:42	3	30	790	790	00	5905279799141	0	0	0	0	0	0	0	0
$1	1542	1748	1	0	2106	1.00	8290	21.09.17	14:45	1	30	8290	8290	00	0000012021062	0	0	0	0	0	0	0	0
$1	1542	1749	1	0	0182	1.000	790	21.09.17	15:11	2	30	790	790	00	0000000000000	0	0	0	0	0	0	0	0
$1	1542	1749	2	0	2328	1.00	590	21.09.17	15:11	2	30	590	590	00	0000020023287	0	0	0	0	0	0	0	0
$1	1542	1750	1	0	0031	1.000	10000	21.09.17	15:13	1	30	10000	10000	00	0000000000000	0	0	0	0	0	0	0	0
$1	1542	1751	1	0	0525	1.00	3350	21.09.17	15:24	1	30	3350	3350	00	5907502687676	0	0	0	0	0	0	0	0
$1	1542	1752	1	0	2024	2.00	3980	21.09.17	15:53	1	30	4980	4980	00	0000010020241	0	1	0	0	0	0	0	0
$1	1542	1753	1	0	2611	1.00	1350	21.09.17	16:16	2	30	1350	1350	00	0000017026116	0	0	0	0	0	0	0	0
$1	1542	1753	2	0	2612	1.00	1233	21.09.17	16:16	2	30	1233	1450	00	0000017026123	0	0	0	0	0	0	0	1
$1	1542	1754	1	0	3153	1.00	2890	21.09.17	17:24	1	30	2890	2890	00	5902249015812	0	0	0	0	0	0	0	0
$1	1542	1755	1	0	0313	1.00	1890	21.09.17	17:26	1	30	1890	1890	00	5900168907249	0	0	0	0	0	0	0	0
$1	1542	1755	2	0	0682	1.00	3250	21.09.17	17:26	1	30	3250	3250	00	0000024006828	0	0	0	0	0	0	0	0
$1	1542	1755	3	0	0690	1.00	3490	21.09.17	17:26	1	30	3490	3490	00	0000024006903	0	0	0	0	0	0	0	0
