#1
#1
#1
$4111	883.D.42.1 Fili¾anka              	1	1	2	1	0	5907154464441	3890	0
$3452	1105.D.OK25.2 Kubek               	1	1	2	1	0	5907155007302	4690	0
$4106	1105.A.166A.1 Kubek               	1	1	2	1	0	5907154335260	5390	0
$4108	1393S1393G.D.42.1 Maselnica       	1	1	2	1	0	5907154535660	7350	0
$4112	883S.D.42.1 Spodek                	1	1	2	1	0	5907156184507	3450	0
$678	1193.A.166A.2 Kubek               	1	1	2	1	0	5907154339534	4990	0
$830	883.A.166A.1 Fili¾anka            	1	1	2	1	0	5907155212805	4650	0
$842	883S.A.166A.1 Spodek              	1	1	2	1	0	5907156188482	4050	0
$4107	1105.D.42.1 Kubek                 	1	1	2	1	0	5907155479789	4750	0
$4109	2041.D.42.2 Tacka                 	1	1	2	1	0	5907157318772	9950	0
$4110	872.D.42.1 Kubek                  	1	1	2	1	0	5907154090527	3890	0
