#1
#
#
$00001	MCCHICKEN          	2	1	0	1	0	5912346001564	169	0
$00002	CHICKEN MCNUGGETS  	2	1	0	1	0	5920011004529	179	0
$00003	WIEó MAC           	2	1	0	9	0	5900001262764	190	0
$00004	BIC MAC            	2	1	0	9	0	5988721218988	139	0
$00005	HAMBURGER          	2	1	0	9	0	5900015450089	119	0
$00006	CHEESEBURGER       	2	1	0	9	0	5912675750089	119	0
$00007	FISHMAC            	2	1	0	1	0	5922272757022	149	0
$00008	HAMBURGER ROYAL    	2	1	0	9	0	5927880000027	139	0
$00009	PIZZA              	1	1	0	9	0	5968864231556	599	0
$00010	COCA COLA          	1	8	0	3	0	5903037000010	59	0
$00011	FANTA              	1	8	0	3	0	9788320421828	59	0
$00012	WODA MINERAL. 0.5L 	1	8	0	3	0	9770137680994	79	0
$00013	WODA MINERAL. 1.5L 	1	8	0	3	0	5900004578022	129	0
$00014	SOK JABùKOWY       	1	8	0	3	0	5900065400256	169	0
$00015	SOK POMARA„CZOWY   	1	8	0	3	0	5900045789364	139	0
$00016	LEMONIADA          	1	8	0	3	0	5900001421208	99	0
$00017	BONAQUA            	1	8	0	3	0	5900120015449	119	0
$00018	SOK POMIDOROWY     	1	8	0	3	0	0000000230000	79	0
$00019	HOT DOG            	1	1	0	9	0	0000000230001	239	0
$00020	GRUSZKI            	2	6	3	4	0	0000000270001	250	0
$00021	BRZOSKWINIA        	2	6	3	4	0	0000000270002	199	0
$00022	JABùKA             	2	6	3	4	0	0000000270003	299	0
$00023	KIWI               	2	6	1	1	0	5900166000911	39	0
$00024	ANANAS             	2	6	3	4	0	0000000270005	229	0
$00025	TRUSKAWKI          	2	6	3	4	0	0000000270006	319	0
$00026	BANANY             	2	6	3	4	0	0000000270007	129	0
$00027	MELON              	2	6	3	4	0	0000000270008	59	0
$00028	PORZECZKI          	2	6	3	4	0	0000000270009	129	0
$00029	WINOGRONA          	2	6	3	4	0	0000000270010	229	0
$00030	WIóNIE             	2	6	3	4	0	0000000270011	290	0
$00031	AVOKADO            	2	6	3	4	0	0000000270012	179	0
$00032	SPAGETTI           	2	4	0	9	0	5966480021568	199	0
$00033	KURCZAK            	2	5	3	4	0	0000000270013	0	0
$00034	KANAPKA            	2	1	0	9	0	5946720202087	36	0
$00035	CAMEL              	1	10	0	9	0	5946798220006	299	0
$00036	MARLBORO           	1	10	0	9	0	5910030068428	249	0
$00037	CIASTKO            	1	1	3	1	0	0000000000000	100	0
$00038	BABKA DROΩDZOWA    	1	1	3	1	0	0000000000000	1200	0
$00040	PIWO 0.33 L        	1	8	0	3	0	5900054545258	339	0
$00041	PIWO 0.5 L         	1	8	0	3	0	5900124004579	79	0
$00042	PIWO 0.75 L        	1	8	0	3	0	5200450015165	120	0
$00050	PIWO ALE           	1	8	0	3	0	5900222500027	240	0
$00051	PIWO HAINEKEN      	1	8	0	3	0	0000000230002	235	0
$00052	PIWO IRISH         	1	8	0	3	0	0000000230003	230	0
$00053	PIWO PILSNER       	1	8	0	3	0	0000000230004	210	0
$00054	PIWO BUDWEISER     	1	8	0	3	0	0000000230005	245	0
$00055	FRYTKI             	1	7	0	9	0	0000000230006	300	0
$00056	KAWA GOLD          	1	8	0	9	0	5900670034952	180	0
$00057	KAWA BIAùA         	1	8	0	9	0	5921315480040	170	0
$00058	KAWA AMARETTO      	1	8	0	9	0	5913240072858	250	0
$00059	KAWA ZBOΩOWA       	1	8	0	9	0	5944773164857	210	0
$00060	KAWA ESPRESSO      	1	8	0	9	0	5921549978122	190	0
$00061	KAWA CAPUCCINO     	1	8	0	9	0	5977786444005	170	0
$00062	W‡DKA SMIRNOFF     	1	8	0	3	0	5945454121183	450	0
$00063	W‡DKA WIóNI‡WKA    	1	8	0	3	0	5946200700058	550	0
$00064	W‡DKA GORBACZOW    	1	8	0	3	0	5930015578209	350	0
$00065	DRINK CAMPARI      	1	8	0	3	0	5977553311905	500	0
$00070	CIASTO OWOCOWE     	1	1	0	9	0	5960032005471	160	0
$00071	DROΩDZ‡WKA         	1	1	0	9	0	5920218450242	210	0
$00072	JABùECZNIK         	1	1	0	9	0	5947958080027	290	0
$00073	CHLEB              	1	1	0	9	0	0000000230007	140	0
$00074	CHLEB GRAHAM       	1	1	0	9	0	0000000230008	160	0
$00075	CHLEB CIEMNY       	1	1	0	9	0	0000000230009	180	0
$00500	BUTELKA            	3	14	0	1	0	0000000000000	19	1
$00501	BUTELKA 0.5 L      	3	14	0	1	0	0000000000000	39	1
$00502	BUTELKA 1.5 L      	3	14	0	1	0	0000000000000	49	1
;TOWARY DO/Z ETY
$01001	POMARA„CZO-MANDAR. 	2	4	3	4	0	0000000271245	420	0
$01002	óLIWKA             	2	4	3	4	0	0000000274545	100	0
$01003	GREJPFRUITY Ω‡ùTE  	2	4	3	4	0	0000000277877	320	0
$01004	CYTRYNA            	2	4	3	4	0	0000000274857	400	0
$01005	POMIDOR            	2	4	3	4	0	0000000271235	550	0
$01006	ARBUZ              	2	4	3	4	0	0000000274578	130	0
$01007	KAPUSTA WùOSKA     	2	4	3	4	0	0000000274587	160	0
$01008	KAPUSTA BIAùA      	2	4	3	4	0	0000000271478	50	0
$01009	KAPUSTA CZERWONA   	2	4	3	4	0	0000000274812	70	0
$01010	KAPUSTA PEKI„SKA   	2	4	3	4	0	0000000270145	300	0
$01011	OG‡RKI ZIELONE     	2	4	3	4	0	0000000274789	300	0
$01012	PAPRYKA CZERWONA   	2	4	3	4	0	0000000273254	1300	0
$01014	MARCHEW            	2	4	3	4	0	0000000271000	120	0
$01015	PIETRUSZKA         	2	4	3	4	0	0000000274102	340	0
$01016	SELER              	2	4	3	4	0	0000000271001	200	0
$01017	KALAFIOR           	2	4	3	4	0	0000000271002	140	0
$01018	POR                	2	4	3	4	0	0000000271004	450	0
$01019	ZIEMNIAKI          	2	4	3	4	0	0000000271005	30	0
$01020	CUKINIA            	2	4	3	4	0	0000000271006	100	0
$01021	CEBULA             	2	4	3	4	0	0000000271007	70	0
$01022	NEKTARINA          	2	4	3	4	0	0000000271008	130	0
$01023	PIETRUSZKA ZIELONA 	2	4	3	4	0	0000000271009	80	0
$01024	KOPEREK            	2	4	3	4	0	0000000271010	80	0
$01025	RZODKIEWKA         	2	4	3	4	0	0000000271011	130	0
$01026	KALAREPA           	2	4	3	4	0	0000000271012	150	0
$01027	FASOLA Ω‡ùTA       	2	4	3	4	0	0000000271013	190	0
$01028	CZOSNEK            	2	4	3	4	0	0000000271015	45	0
$01029	KOPER              	2	4	3	4	0	0000000271016	45	0
$01030	BURAKI CZERWONE    	2	4	3	4	0	0000000271017	70	0
$01031	PESTKI Z DYNI      	2	4	3	4	0	0000000271018	650	0
$01032	ORZECHY LASKOWE    	2	4	3	4	0	0000000271019	650	0
$01033	GROCH              	2	4	3	4	0	0000000271020	130	0
$01034	MAK                	2	4	3	4	0	0000000271021	700	0
$01035	GROCH ùUSZCZONY    	2	4	3	4	0	0000000271022	130	0
$01036	FASOLA DROBNA      	2	4	3	4	0	0000000271023	320	0
$01037	FASOLA JAó         	2	4	3	4	0	0000000271024	500	0
$01038	FASOLA KOLOROWA    	2	4	3	4	0	0000000271028	500	0
$01039	KUTIA              	2	4	3	4	0	0000000271029	180	0
$01040	SùONECZNIK         	2	4	3	4	0	0000000271030	40	0
$01041	PROSO              	4	4	3	4	0	0000000000000	190	0
$01042	POMARA„CZE         	2	4	3	4	0	0000000274444	350	0
$01043	CHRZAN             	4	1	3	1	0	0000000000000	480	0
$01044	JAJKA              	4	1	3	1	0	0000000000000	29	0
$01045	PAPRYKA Ω‡ùTA      	4	1	3	1	0	0000000000000	170	0
$01046	KUKURYDZA KOLBY    	4	1	3	1	0	0000000000000	45	0
$01047	BRUKSELKA          	4	1	3	1	0	0000000000000	170	0
$01048	JABùKA ANTON‡WKI   	4	1	3	1	0	0000000000000	90	0
$01050	GOù§BKI 800g PUSZK 	4	1	3	1	0	0000000000000	320	0
$01051	BOGRACZ WODZISùAW  	4	1	3	1	0	0000000000000	310	0