#1	COM12:57600:MUX0:1	3	2022.01.29	13:53	OPSpRoz4	WIN 13.32.2020	OPSPROZ4IN.txt	OPSPROZ4OUT.txt
#
#Jota E 4095 PLU II gen. ver. 01 (identyfikator odczytany z urzadzenia i pliku ECRTBUF.TXT)
$1	1624	3842	1	0	3370	1.00	790	22.01.17	10:55	2	30	790	790	00	0000005033706	0	0	0	0	0	0	0	0
$1	1624	3843	1	0	0971	1.00	790	22.01.17	10:58	2	30	790	790	00	0000005009718	0	0	0	0	0	0	0	0
$1	1624	3844	1	0	3042	1.00	750	22.01.17	11:27	2	30	750	750	00	0000020030421	0	0	0	0	0	0	0	0
$1	1624	3844	2	0	0656	1.00	3392	22.01.17	11:27	1	30	3392	3990	00	5902249011883	0	0	0	0	0	0	0	1
$1	1624	3844	3	0	0231	1.000	300	22.01.17	11:27	1	30	300	300	00	0000000000000	0	0	0	0	0	0	0	0
$1	1624	3844	4	0	2665	1.00	1090	22.01.17	11:27	3	30	1090	1090	00	0000017026659	0	0	0	0	0	0	0	0
$1	1624	3845	1	0	1715	1.00	23	22.01.17	11:36	1	30	23	2290	00	0000034017159	0	0	0	0	0	0	0	1
$1	1624	3846	1	0	0026	1.000	2390	22.01.17	12:12	1	30	2390	2390	00	0000000000000	0	0	0	0	0	0	0	0
$1	1624	3847	1	0	0453	1.00	4450	22.01.17	12:16	1	30	4450	4450	00	5907502687027	0	0	0	0	0	0	0	0
$1	1624	3847	2	0	0041	1.000	1750	22.01.17	12:16	1	30	1750	1750	00	0000000000000	0	0	0	0	0	0	0	0
$1	1624	3847	3	0	1629	1.00	2690	22.01.17	12:16	1	30	2690	2690	00	0000007016295	0	0	0	0	0	0	0	0
$1	1624	3848	1	0	0002	1.000	2950	22.01.17	13:19	1	30	2950	2950	00	0000000000000	0	0	0	0	0	0	0	0
$1	1624	3848	2	0	0002	1.000	1140	22.01.17	13:19	1	30	1140	1140	00	0000000000000	0	0	0	0	0	0	0	0
$1	1624	3849	1	0	0008	1.000	3690	22.01.17	13:58	1	30	3690	3690	00	0000000000000	0	0	0	0	0	0	0	0
$1	1624	3849	2	0	3042	1.00	750	22.01.17	13:58	2	30	750	750	00	0000020030421	0	0	0	0	0	0	0	0
$1	1624	3849	3	0	1527	1.00	3350	22.01.17	13:58	3	30	3350	3350	00	5906660817147	0	0	0	0	0	0	0	0
$1	1624	3849	4	0	3901	1.00	950	22.01.17	13:58	1	30	950	950	00	0000028039013	0	0	0	0	0	0	0	0
$1	1624	3850	1	0	1040	1.00	450	22.01.17	15:26	2	30	450	450	00	5906365702847	0	0	0	0	0	0	0	0
$1	1624	3850	2	0	1040	1.00	450	22.01.17	15:26	2	30	450	450	00	5906365702847	0	0	0	0	0	0	0	0
$1	1624	3850	3	0	1040	1.00	450	22.01.17	15:26	2	30	450	450	00	5906365702847	0	0	0	0	0	0	0	0
$1	1624	3850	4	0	1040	1.00	450	22.01.17	15:26	2	30	450	450	00	5906365702847	0	0	0	0	0	0	0	0
$1	1624	3851	1	0	3042	1.00	750	22.01.17	17:10	2	30	750	750	00	0000020030421	0	0	0	0	0	0	0	0
$1	1624	3852	1	0	0026	1.000	2790	22.01.17	17:16	1	30	2790	2790	00	0000000000000	0	0	0	0	0	0	0	0
$1	1625	3854	1	0	0026	1.000	2390	22.01.18	10:22	1	30	2390	2390	00	0000000000000	0	0	0	0	0	0	0	0
$1	1625	3855	1	0	0204	1.000	1450	22.01.18	10:36	1	30	1450	1450	00	0000000000000	0	0	0	0	0	0	0	0
$1	1625	3856	1	0	1202	1.00	650	22.01.18	10:48	2	30	650	650	00	5909994309326	0	0	0	0	0	0	0	0
$1	1625	3856	2	0	1202	1.00	650	22.01.18	10:48	2	30	650	650	00	5909994309326	0	0	0	0	0	0	0	0
$1	1625	3856	3	0	1233	1.00	700	22.01.18	10:48	2	30	700	700	00	5909990628223	0	0	0	0	0	0	0	0
$1	1625	3856	4	0	1233	1.00	700	22.01.18	10:48	2	30	700	700	00	5909990628223	0	0	0	0	0	0	0	0
$1	1625	3856	5	0	0013	1.000	1760	22.01.18	10:48	3	30	1760	1760	00	0000000000000	0	0	0	0	0	0	0	0
$1	1625	3857	1	0	1007	1.00	690	22.01.18	10:50	2	30	690	690	00	5907752643460	0	0	0	0	0	0	0	0
$1	1625	3858	1	0	0051	1.000	3650	22.01.18	11:04	1	30	3650	3650	00	0000000000000	0	0	0	0	0	0	0	0
$1	1625	3858	2	0	0013	1.000	1490	22.01.18	11:04	3	30	1490	1490	00	0000000000000	0	0	0	0	0	0	0	0
$1	1625	3858	3	0	1713	1.00	3190	22.01.18	11:04	1	30	3190	3190	00	0000034017135	0	0	0	0	0	0	0	0
$1	1625	3859	1	0	2053	5.00	12750	22.01.18	11:19	1	30	12750	12750	00	0000011020530	0	0	0	0	0	0	0	0
$1	1625	3859	2	0	3906	1.00	3950	22.01.18	11:19	1	30	3950	3950	00	0000028039068	0	0	0	0	0	0	0	0
$1	1625	3859	3	0	3902	1.00	1290	22.01.18	11:19	1	30	1290	1290	00	0000028039020	0	0	0	0	0	0	0	0
$1	1625	3859	4	0	0026	1.000	2190	22.01.18	11:19	1	30	2190	2190	00	0000000000000	0	0	0	0	0	0	0	0
$1	1625	3860	1	0	1339	1.00	1390	22.01.18	11:20	3	30	1390	1390	00	0000006013394	0	0	0	0	0	0	0	0
$1	1625	3861	1	0	2530	1.00	2250	22.01.18	11:28	2	30	2250	2250	00	0000017025300	0	0	0	0	0	0	0	0
$1	1625	3862	1	0	1053	1.00	3090	22.01.18	11:39	2	30	3090	3090	00	0000005010530	0	0	0	0	0	0	0	0
$1	1625	3862	2	0	3319	1.00	1890	22.01.18	11:39	2	30	1890	1890	00	0000022033192	0	0	0	0	0	0	0	0
$1	1625	3863	1	0	0182	1.000	760	22.01.18	11:52	2	30	760	760	00	0000000000000	0	0	0	0	0	0	0	0
$1	1625	3863	2	0	1177	1.00	650	22.01.18	11:52	2	30	650	650	00	0000005011773	0	0	0	0	0	0	0	0
$1	1625	3863	3	0	1177	1.00	650	22.01.18	11:52	2	30	650	650	00	0000005011773	0	0	0	0	0	0	0	0
$1	1625	3863	4	0	1039	1.00	590	22.01.18	11:52	2	30	590	590	00	0000005010394	0	0	0	0	0	0	0	0
$1	1625	3863	5	0	1039	1.00	590	22.01.18	11:52	2	30	590	590	00	0000005010394	0	0	0	0	0	0	0	0
$1	1625	3864	1	0	0344	1.00	1890	22.01.18	12:20	1	30	1890	1890	00	5900168900370	0	0	0	0	0	0	0	0
$1	1625	3864	2	0	0453	1.00	4450	22.01.18	12:20	1	30	4450	4450	00	0000002004532	0	0	0	0	0	0	0	0
$1	1625	3864	3	0	2053	1.00	2550	22.01.18	12:20	1	30	2550	2550	00	0000011020530	0	0	0	0	0	0	0	0
$1	1625	3865	1	0	4007	1.00	1150	22.01.18	12:29	1	30	1150	1150	00	0000031040075	0	0	0	0	0	0	0	0
$1	1625	3865	2	0	0372	1.00	1450	22.01.18	12:29	1	30	1450	1450	00	5906874565278	0	0	0	0	0	0	0	0
$1	1625	3865	3	0	3024	1.00	490	22.01.18	12:29	2	30	490	490	00	0000020030247	0	0	0	0	0	0	0	0
$1	1625	3865	4	0	2350	2.00	1300	22.01.18	12:29	1	30	1300	1300	00	0000015023506	0	0	0	0	0	0	0	0
$1	1625	3866	1	0	3901	1.00	950	22.01.18	12:30	1	30	950	950	00	0000028039013	0	0	0	0	0	0	0	0
$1	1625	3867	1	0	2350	2.00	1300	22.01.18	12:57	1	30	1300	1300	00	0000015023506	0	0	0	0	0	0	0	0
$1	1625	3868	1	0	0628	1.00	690	22.01.18	13:06	1	30	690	690	00	5902249011326	0	0	0	0	0	0	0	0
$1	1625	3868	2	0	0628	3.00	2070	22.01.18	13:06	1	30	2070	2070	00	5902249011326	0	0	0	0	0	0	0	0
$1	1625	3868	3	0	0622	1.00	2390	22.01.18	13:06	1	30	2390	2390	00	5902249011272	0	0	0	0	0	0	0	0
$1	1625	3869	1	0	2053	1.00	2550	22.01.18	13:30	1	30	2550	2550	00	0000011020530	0	0	0	0	0	0	0	0
$1	1625	3870	1	0	3479	1.00	2700	22.01.18	13:47	1	30	2700	2700	00	0000002034799	0	0	0	0	0	0	0	0
$1	1625	3870	2	0	0526	1.00	3650	22.01.18	13:47	1	30	3650	3650	00	5907502687683	0	0	0	0	0	0	0	0
$1	1625	3871	1	0	3944	1.00	1590	22.01.18	14:12	1	30	1590	1590	00	8691190967246	0	0	0	0	0	0	0	0
$1	1625	3871	2	0	3991	1.00	1090	22.01.18	14:12	1	30	1090	1090	00	0000031039918	0	0	0	0	0	0	0	0
$1	1625	3871	3	0	2022	1.00	2350	22.01.18	14:12	1	30	2350	2350	00	4752208006730	0	0	0	0	0	0	0	0
$1	1625	3871	4	0	2035	1.00	2000	22.01.18	14:12	1	30	2000	2000	00	0000010020357	0	0	0	0	0	0	0	0
$1	1625	3871	5	0	3967	1.00	990	22.01.18	14:12	1	30	990	990	00	0000031039673	0	0	0	0	0	0	0	0
$1	1625	3871	6	0	3239	1.00	850	22.01.18	14:12	1	30	850	850	00	0000025032390	0	0	0	0	0	0	0	0
$1	1625	3872	1	0	1185	2.00	1180	22.01.18	14:30	2	30	1180	1180	00	5909990628391	0	0	0	0	0	0	0	0
$1	1625	3873	1	0	0002	1.000	1490	22.01.18	15:07	1	30	1490	1490	00	0000000000000	0	0	0	0	0	0	0	0
$1	1625	3873	2	0	2501	1.00	1290	22.01.18	15:07	2	30	1290	1290	00	0000020025014	0	0	0	0	0	0	0	0
$1	1625	3873	3	0	1054	1.00	550	22.01.18	15:07	3	30	550	550	00	0000005010547	0	0	0	0	0	0	0	0
$1	1625	3873	4	0	0571	1.00	1290	22.01.18	15:07	1	30	1290	1290	00	5902249011142	0	0	0	0	0	0	0	0
$1	1625	3873	5	0	1790	1.00	10050	22.01.18	15:07	1	30	10050	10050	00	0000008017901	0	0	0	0	0	0	0	0
$1	1625	3873	6	0	0013	1.000	1490	22.01.18	15:07	3	30	1490	1490	00	0000000000000	0	0	0	0	0	0	0	0
$1	1625	3873	7	0	3239	1.00	850	22.01.18	15:07	1	30	850	850	00	0000025032390	0	0	0	0	0	0	0	0
$1	1625	3874	1	0	3651	1.00	3190	22.01.18	15:10	1	30	3190	3190	00	0000009036512	0	0	0	0	0	0	0	0
$1	1625	3875	1	0	3393	1.00	2450	22.01.18	16:24	1	30	2450	2450	00	0000023033931	0	0	0	0	0	0	0	0
$1	1625	3875	2	0	0002	1.000	2990	22.01.18	16:24	1	30	2990	2990	00	0000000000000	0	0	0	0	0	0	0	0
$1	1625	3875	3	0	0066	1.000	1190	22.01.18	16:24	1	30	1190	1190	00	0000000000000	0	0	0	0	0	0	0	0
$1	1626	3877	1	0	0632	1.00	2590	22.01.19	10:41	1	30	2590	2590	00	0000002006321	0	0	0	0	0	0	0	0
$1	1626	3877	2	0	0002	1.000	2990	22.01.19	10:41	1	30	2990	2990	00	0000000000000	0	0	0	0	0	0	0	0
$1	1626	3877	3	0	2026	1.00	2650	22.01.19	10:41	1	30	2650	2650	00	0000010020265	0	0	0	0	0	0	0	0
$1	1626	3878	1	0	3953	1.00	2300	22.01.19	11:08	1	30	2300	2300	00	0000031039536	0	0	0	0	0	0	0	0
$1	1626	3878	2	0	3637	1.00	3990	22.01.19	11:08	1	30	3990	3990	00	0000018036374	0	0	0	0	0	0	0	0
$1	1626	3878	3	0	3985	1.00	1250	22.01.19	11:08	1	30	1250	1250	00	0000031039857	0	0	0	0	0	0	0	0
$1	1626	3879	1	0	3945	1.00	1490	22.01.19	11:42	1	30	1490	1490	00	8691190967253	0	0	0	0	0	0	0	0
$1	1626	3879	2	0	3946	1.00	1490	22.01.19	11:42	1	30	1490	1490	00	8691190967260	0	0	0	0	0	0	0	0
$1	1626	3879	3	0	3948	1.00	1950	22.01.19	11:42	1	30	1950	1950	00	8691190967208	0	0	0	0	0	0	0	0
$1	1626	3880	1	0	1342	1.00	1590	22.01.19	12:33	3	30	1590	1590	00	0000006013424	0	0	0	0	0	0	0	0
$1	1626	3880	2	0	1379	1.00	1850	22.01.19	12:33	1	30	1850	1850	00	0000006013790	0	0	0	0	0	0	0	0
$1	1626	3880	3	0	1000	1.00	590	22.01.19	12:33	2	30	590	590	00	5906365702922	0	0	0	0	0	0	0	0
$1	1626	3880	4	0	1165	1.00	490	22.01.19	12:33	2	30	490	490	00	5909994311169	0	0	0	0	0	0	0	0
$1	1626	3880	5	0	1101	1.00	550	22.01.19	12:33	3	30	550	550	00	5905279799172	0	0	0	0	0	0	0	0
$1	1626	3880	6	0	0980	1.00	590	22.01.19	12:33	2	30	590	590	00	5906365702410	0	0	0	0	0	0	0	0
$1	1626	3880	7	0	1191	1.00	450	22.01.19	12:33	2	30	450	450	00	5909990628490	0	0	0	0	0	0	0	0
$1	1626	3881	1	0	1890	1.00	2990	22.01.19	12:37	1	30	2990	2990	00	0000023018907	0	0	0	0	0	0	0	0
$1	1626	3881	2	0	1974	1.00	1850	22.01.19	12:37	2	30	1850	1850	00	0000009019744	0	0	0	0	0	0	0	0
$1	1626	3881	3	0	2429	1.00	2790	22.01.19	12:37	1	30	2790	2790	00	0000016024298	0	0	0	0	0	0	0	0
$1	1626	3882	1	0	1510	1.00	990	22.01.19	12:39	3	30	990	990	00	5906660810575	0	0	0	0	0	0	0	0
$1	1626	3882	2	0	1510	1.00	990	22.01.19	12:39	3	30	990	990	00	5906660810575	0	0	0	0	0	0	0	0
$1	1626	3882	3	0	1605	1.00	790	22.01.19	12:39	1	30	790	790	00	0000007016059	0	0	0	0	0	0	0	0
$1	1626	3882	4	0	0182	1.000	390	22.01.19	12:39	2	30	390	390	00	0000000000000	0	0	0	0	0	0	0	0
$1	1626	3883	1	0	2050	1.00	2550	22.01.19	12:44	1	30	2550	2550	00	0000011020509	0	0	0	0	0	0	0	0
$1	1626	3883	2	0	2053	1.00	2550	22.01.19	12:44	1	30	2550	2550	00	0000011020530	0	0	0	0	0	0	0	0
$1	1626	3884	1	0	1185	2.00	1180	22.01.19	12:57	2	30	1180	1180	00	5909990628391	0	0	0	0	0	0	0	0
$1	1626	3885	1	0	3138	1.00	890	22.01.19	13:03	2	30	890	890	00	0000020031381	0	0	0	0	0	0	0	0
$1	1626	3885	2	0	1503	1.00	2450	22.01.19	13:03	3	30	2450	2450	00	0000007015038	0	0	0	0	0	0	0	0
$1	1626	3885	3	0	1284	1.00	2400	22.01.19	13:03	3	30	2400	2400	00	5902596671099	0	0	0	0	0	0	0	0
$1	1626	3886	1	0	0450	1.00	4250	22.01.19	13:58	1	30	4250	4250	00	0000002004501	0	0	0	0	0	0	0	0
$1	1626	3887	1	0	0002	2.000	5980	22.01.19	14:05	1	30	5980	5980	00	0000000000000	0	0	0	0	0	0	0	0
$1	1626	3887	2	0	0529	1.00	2490	22.01.19	14:05	1	30	2490	2490	00	5907502687904	0	0	0	0	0	0	0	0
$1	1626	3888	1	0	3300	1.00	750	22.01.19	14:59	2	30	750	750	00	0000022033000	0	0	0	0	0	0	0	0
$1	1626	3888	2	0	3070	1.00	890	22.01.19	14:59	2	30	890	890	00	0000020030704	0	0	0	0	0	0	0	0
$1	1626	3888	3	0	3042	1.00	750	22.01.19	14:59	2	30	750	750	00	0000020030421	0	0	0	0	0	0	0	0
$1	1626	3888	4	0	3043	1.00	700	22.01.19	14:59	2	30	700	700	00	0000020030438	0	0	0	0	0	0	0	0
$10	1626	3888	1	0	0027	1.000	3990	22.01.19	14:59	1	30	3990	3990	00	0000000000000	0	0	0	0	0	0	0	0
$1	1626	3889	1	0	3684	1.00	2590	22.01.19	15:14	1	30	2590	2590	00	0000023036840	0	0	0	0	0	0	0	0
$1	1626	3890	1	0	2053	1.00	2550	22.01.19	15:20	1	30	2550	2550	00	0000011020530	0	0	0	0	0	0	0	0
$1	1626	3890	2	0	0031	1.000	2000	22.01.19	15:20	1	30	2000	2000	00	0000000000000	0	0	0	0	0	0	0	0
$1	1626	3891	1	0	2053	1.00	2550	22.01.19	15:23	1	30	2550	2550	00	0000011020530	0	0	0	0	0	0	0	0
$1	1626	3892	1	0	1249	1.00	790	22.01.19	15:33	2	30	790	790	00	5909994310667	0	0	0	0	0	0	0	0
$1	1626	3893	1	0	1017	1.00	550	22.01.19	15:51	2	30	550	550	00	5907752643361	0	0	0	0	0	0	0	0
$1	1626	3893	2	0	0611	1.00	1290	22.01.19	15:51	1	30	1290	1290	00	5902249011173	0	0	0	0	0	0	0	0
$1	1626	3893	3	0	0587	1.00	1290	22.01.19	15:51	1	30	1290	1290	00	5902249011166	0	0	0	0	0	0	0	0
$1	1626	3893	4	0	0571	1.00	1290	22.01.19	15:51	1	30	1290	1290	00	5902249011142	0	0	0	0	0	0	0	0
$1	1626	3894	1	0	2053	2.00	5100	22.01.19	15:55	1	30	5100	5100	00	0000011020530	0	0	0	0	0	0	0	0
$1	1626	3894	2	0	2050	2.00	5100	22.01.19	15:55	1	30	5100	5100	00	0000011020509	0	0	0	0	0	0	0	0
$1	1627	3898	1	0	0031	1.000	7800	22.01.20	11:27	1	30	7800	7800	00	0000000000000	0	0	0	0	0	0	0	0
$1	1627	3898	2	0	2053	1.00	2550	22.01.20	11:27	1	30	2550	2550	00	0000011020530	0	0	0	0	0	0	0	0
$1	1627	3898	3	0	2053	1.00	2550	22.01.20	11:27	1	30	2550	2550	00	0000011020530	0	0	0	0	0	0	0	0
$1	1627	3899	1	0	0038	1.000	1490	22.01.20	11:44	1	30	1490	1490	00	0000000000000	0	0	0	0	0	0	0	0
$1	1627	3899	2	0	3319	2.00	3780	22.01.20	11:44	2	30	3780	3780	00	0000022033192	0	0	0	0	0	0	0	0
$1	1627	3900	1	0	0002	1.000	2990	22.01.20	12:00	1	30	2990	2990	00	0000000000000	0	0	0	0	0	0	0	0
$1	1627	3901	1	0	1510	2.00	1980	22.01.20	12:15	3	30	1980	1980	00	5906660810575	0	0	0	0	0	0	0	0
$1	1627	3901	2	0	2660	1.00	2450	22.01.20	12:15	2	30	2450	2450	00	0000017026604	0	0	0	0	0	0	0	0
$1	1627	3901	3	0	2551	1.00	2250	22.01.20	12:15	2	30	2250	2250	00	0000017025515	0	0	0	0	0	0	0	0
$1	1627	3901	4	0	3256	1.00	2190	22.01.20	12:15	2	30	2190	2190	00	0000022032560	0	0	0	0	0	0	0	0
$1	1627	3902	1	0	1097	1.00	450	22.01.20	12:16	2	30	450	450	00	5909994310568	0	0	0	0	0	0	0	0
$1	1627	3903	1	0	3058	2.00	1780	22.01.20	12:28	2	30	1780	1780	00	0000020030582	0	0	0	0	0	0	0	0
$1	1627	3903	2	0	3091	2.00	1100	22.01.20	12:28	2	30	1100	1100	00	0000020030919	0	0	0	0	0	0	0	0
$1	1627	3903	3	0	3095	1.00	690	22.01.20	12:28	2	30	690	690	00	0000020030957	0	0	0	0	0	0	0	0
$1	1627	3903	4	0	2326	1.00	650	22.01.20	12:28	2	30	650	650	00	0000020023263	0	0	0	0	0	0	0	0
$1	1627	3904	1	0	2741	1.00	3150	22.01.20	12:50	1	30	3150	3150	00	0000035027416	0	0	0	0	0	0	0	0
$1	1627	3904	2	0	2741	1.00	3150	22.01.20	12:50	1	30	3150	3150	00	0000035027416	0	0	0	0	0	0	0	0
$1	1627	3904	3	0	2743	1.00	2900	22.01.20	12:50	1	30	2900	2900	00	0000035027430	0	0	0	0	0	0	0	0
$1	1627	3904	4	0	2746	1.00	3150	22.01.20	12:50	1	30	3150	3150	00	0000035027461	0	0	0	0	0	0	0	0
$1	1627	3905	1	0	1562	1.00	2550	22.01.20	13:00	3	30	2550	2550	00	0000007015625	0	0	0	0	0	0	0	0
$1	1627	3906	1	0	2350	1.00	700	22.01.20	13:05	1	30	700	700	00	0000015023506	0	0	0	0	0	0	0	0
$1	1627	3906	2	0	2053	1.00	2550	22.01.20	13:05	1	30	2550	2550	00	0000011020530	0	0	0	0	0	0	0	0
$1	1627	3906	3	0	2741	1.00	3150	22.01.20	13:05	1	30	3150	3150	00	0000035027416	0	0	0	0	0	0	0	0
$1	1627	3907	1	0	1316	1.00	2850	22.01.20	13:10	1	30	2850	2850	00	0000006013165	0	0	0	0	0	0	0	0
$1	1627	3908	1	0	3902	1.00	1290	22.01.20	14:03	1	30	1290	1290	00	0000028039020	0	0	0	0	0	0	0	0
$1	1627	3908	2	0	2741	1.00	3150	22.01.20	14:03	1	30	3150	3150	00	0000035027416	0	0	0	0	0	0	0	0
$1	1627	3909	1	0	2350	1.00	700	22.01.20	14:16	1	30	700	700	00	0000015023506	0	0	0	0	0	0	0	0
$1	1627	3909	2	0	0515	1.00	3190	22.01.20	14:16	1	30	3190	3190	00	5907502687782	0	0	0	0	0	0	0	0
$1	1627	3909	3	0	0823	1.00	3790	22.01.20	14:16	1	30	3790	3790	00	0000024008235	0	0	0	0	0	0	0	0
$1	1627	3910	1	0	0002	2.000	5980	22.01.20	15:17	1	30	5980	5980	00	0000000000000	0	0	0	0	0	0	0	0
$1	1627	3910	2	0	0776	1.00	5900	22.01.20	15:17	1	30	5900	5900	00	0000003007761	0	0	0	0	0	0	0	0
$1	1627	3910	3	0	0734	1.00	4750	22.01.20	15:17	1	30	4750	4750	00	0000003007341	0	0	0	0	0	0	0	0
$1	1627	3911	1	0	2665	1.00	1090	22.01.20	15:24	3	30	1090	1090	00	0000017026659	0	0	0	0	0	0	0	0
$1	1627	3912	1	0	3158	1.00	3450	22.01.20	15:32	1	30	3450	3450	00	0000002031583	0	0	0	0	0	0	0	0
$10	1627	3913	1	0	1159	1.00	490	22.01.20	15:53	2	30	490	490	00	5909994311657	0	0	0	0	0	0	0	0
$10	1627	3913	2	0	1197	1.00	450	22.01.20	15:53	2	30	450	450	00	5909994309128	0	0	0	0	0	0	0	0
$10	1627	3913	3	0	1232	1.00	450	22.01.20	15:53	2	30	450	450	00	5909990219520	0	0	0	0	0	0	0	0
$10	1627	3913	4	0	1068	1.00	650	22.01.20	15:53	2	30	650	650	00	5905279799400	0	0	0	0	0	0	0	0
$10	1627	3913	5	0	1097	1.00	450	22.01.20	15:53	2	30	450	450	00	5909994310568	0	0	0	0	0	0	0	0
$1	1627	3913	1	0	3125	1.00	750	22.01.20	15:53	2	30	750	750	00	0000020031251	0	0	0	0	0	0	0	0
$1	1627	3914	1	0	0952	1.00	450	22.01.20	15:53	3	30	450	450	00	5906365702472	0	0	0	0	0	0	0	0
$1	1627	3914	2	0	0952	1.00	450	22.01.20	15:53	3	30	450	450	00	5906365702472	0	0	0	0	0	0	0	0
$1	1627	3914	3	0	0982	1.00	490	22.01.20	15:53	2	30	490	490	00	5907752643385	0	0	0	0	0	0	0	0
$1	1627	3914	4	0	2350	1.00	700	22.01.20	15:53	1	30	700	700	00	0000015023506	0	0	0	0	0	0	0	0
$1	1627	3915	1	0	1019	1.00	1090	22.01.20	15:54	2	30	1090	1090	00	5907752643514	0	0	0	0	0	0	0	0
$1	1627	3916	1	0	2053	1.00	2550	22.01.20	16:25	1	30	2550	2550	00	0000011020530	0	0	0	0	0	0	0	0
$1	1627	3917	1	0	0510	1.00	2590	22.01.20	16:36	1	30	2590	2590	00	5902249010466	0	0	0	0	0	0	0	0
$1	1627	3917	2	0	0501	1.00	2590	22.01.20	16:36	1	30	2590	2590	00	5907502687577	0	0	0	0	0	0	0	0
$1	1627	3918	1	0	1495	1.00	1738	22.01.20	17:38	3	30	6950	6950	00	0000007014956	0	1	0	0	0	0	0	0
$1	1627	3918	2	0	1564	1.00	1498	22.01.20	17:38	3	30	5990	5990	00	0000007015649	0	1	0	0	0	0	0	0
$1	1628	3921	1	0	0002	1.000	2990	22.01.21	10:09	1	30	2990	2990	00	0000000000000	0	0	0	0	0	0	0	0
$1	1628	3921	2	0	0041	1.000	990	22.01.21	10:09	1	30	990	990	00	0000000000000	0	0	0	0	0	0	0	0
$1	1628	3921	3	0	3795	1.00	1350	22.01.21	10:09	1	30	1350	1350	00	0000025037951	0	0	0	0	0	0	0	0
$1	1628	3921	4	0	0606	1.00	4290	22.01.21	10:09	1	30	4290	4290	00	5902249011104	0	0	0	0	0	0	0	0
$1	1628	3921	5	0	0909	1.00	5600	22.01.21	10:09	1	30	5600	5600	00	5902596416126	0	0	0	0	0	0	0	0
$1	1628	3922	1	0	2053	2.00	5100	22.01.21	10:21	1	30	5100	5100	00	0000011020530	0	0	0	0	0	0	0	0
$1	1628	3922	2	0	2050	1.00	2550	22.01.21	10:21	1	30	2550	2550	00	0000011020509	0	0	0	0	0	0	0	0
$1	1628	3922	3	0	2050	1.00	2550	22.01.21	10:21	1	30	2550	2550	00	0000011020509	0	0	0	0	0	0	0	0
$1	1628	3922	4	0	1466	1.00	1790	22.01.21	10:21	1	30	1790	1790	00	0000034014660	0	0	0	0	0	0	0	0
$1	1628	3923	1	0	1237	3.00	2700	22.01.21	10:49	3	30	2700	2700	00	0000005012374	0	0	0	0	0	0	0	0
$1	1628	3924	1	0	2280	1.00	1522	22.01.21	10:52	1	30	1790	1790	00	0000014022807	0	1	0	0	0	0	0	0
$1	1628	3925	1	0	3300	2.00	1500	22.01.21	11:21	2	30	1500	1500	00	0000022033000	0	0	0	0	0	0	0	0
$1	1628	3925	2	0	0145	4.000	1960	22.01.21	11:21	1	30	1960	1960	00	0000000000000	0	0	0	0	0	0	0	0
$1	1628	3926	1	0	0372	1.00	1450	22.01.21	11:26	1	30	1450	1450	00	5906874565278	0	0	0	0	0	0	0	0
$1	1628	3926	2	0	3234	1.00	1990	22.01.21	11:26	1	30	1990	1990	00	0000018032345	0	0	0	0	0	0	0	0
$1	1628	3926	3	0	0002	1.000	1050	22.01.21	11:26	1	30	1050	1050	00	0000000000000	0	0	0	0	0	0	0	0
$1	1628	3927	1	0	1249	1.00	790	22.01.21	11:30	2	30	790	790	00	5909994310667	0	0	0	0	0	0	0	0
$1	1628	3927	2	0	1185	1.00	590	22.01.21	11:30	2	30	590	590	00	5909990628391	0	0	0	0	0	0	0	0
$1	1628	3928	1	0	2943	1.00	750	22.01.21	11:47	2	30	750	750	00	0000020029432	0	0	0	0	0	0	0	0
$1	1628	3929	1	0	1295	1.00	2400	22.01.21	12:07	3	30	2400	2400	00	0000006012953	0	0	0	0	0	0	0	0
$1	1628	3930	1	0	1031	2.00	2580	22.01.21	12:11	3	30	2580	2580	00	5905279799639	0	0	0	0	0	0	0	0
$1	1628	3930	2	0	1202	2.00	1300	22.01.21	12:11	2	30	1300	1300	00	5909994309326	0	0	0	0	0	0	0	0
$1	1628	3931	1	0	1560	1.00	4250	22.01.21	12:42	3	30	4250	4250	00	5907804205363	0	0	0	0	0	0	0	0
$1	1628	3931	2	0	3042	1.00	750	22.01.21	12:42	2	30	750	750	00	0000020030421	0	0	0	0	0	0	0	0
$1	1628	3931	3	0	3122	1.00	490	22.01.21	12:42	2	30	490	490	00	0000020031220	0	0	0	0	0	0	0	0
$1	1628	3931	4	0	1039	1.00	590	22.01.21	12:42	2	30	590	590	00	0000005010394	0	0	0	0	0	0	0	0
$1	1628	3932	1	0	1010	1.00	390	22.01.21	12:44	2	30	390	390	00	5906365702908	0	0	0	0	0	0	0	0
$1	1628	3932	2	0	1007	1.00	690	22.01.21	12:44	2	30	690	690	00	5907752643460	0	0	0	0	0	0	0	0
$1	1628	3932	3	0	1183	1.00	650	22.01.21	12:44	2	30	650	650	00	5909990628414	0	0	0	0	0	0	0	0
$1	1628	3932	4	0	1234	1.00	750	22.01.21	12:44	2	30	750	750	00	5909990311910	0	0	0	0	0	0	0	0
$1	1628	3932	5	0	1191	1.00	450	22.01.21	12:44	2	30	450	450	00	5909990628490	0	0	0	0	0	0	0	0
$1	1628	3932	6	0	1230	1.00	450	22.01.21	12:44	2	30	450	450	00	5909994310766	0	0	0	0	0	0	0	0
$1	1628	3933	1	0	2053	1.00	2550	22.01.21	13:06	1	30	2550	2550	00	0000011020530	0	0	0	0	0	0	0	0
$1	1628	3933	2	0	0041	1.000	990	22.01.21	13:06	1	30	990	990	00	0000000000000	0	0	0	0	0	0	0	0
$1	1628	3934	1	0	3070	1.00	890	22.01.21	13:40	2	30	890	890	00	0000020030704	0	0	0	0	0	0	0	0
$1	1628	3935	1	0	3255	1.00	590	22.01.21	14:30	2	30	590	590	00	0000022032553	0	0	0	0	0	0	0	0
$1	1628	3935	2	0	0002	1.000	560	22.01.21	14:30	1	30	560	560	00	0000000000000	0	0	0	0	0	0	0	0
$1	1628	3935	3	0	0002	1.000	990	22.01.21	14:30	1	30	990	990	00	0000000000000	0	0	0	0	0	0	0	0
$1	1628	3935	4	0	0041	1.000	990	22.01.21	14:30	1	30	990	990	00	0000000000000	0	0	0	0	0	0	0	0
$1	1628	3936	1	0	1210	1.00	400	22.01.21	14:47	2	30	400	400	00	5909994310360	0	0	0	0	0	0	0	0
$1	1628	3936	2	0	1232	1.00	450	22.01.21	14:47	2	30	450	450	00	5909990219520	0	0	0	0	0	0	0	0
$1	1628	3936	3	0	1159	1.00	490	22.01.21	14:47	2	30	490	490	00	5909994311657	0	0	0	0	0	0	0	0
$1	1628	3936	4	0	1188	1.00	550	22.01.21	14:47	2	30	550	550	00	5909994309425	0	0	0	0	0	0	0	0
$1	1628	3936	5	0	1193	1.00	490	22.01.21	14:47	2	30	490	490	00	5909990195725	0	0	0	0	0	0	0	0
$1	1628	3937	1	0	2741	1.00	630	22.01.21	15:12	1	30	3150	3150	00	0000035027416	0	1	0	0	0	0	0	0
$1	1628	3937	2	0	3255	1.00	118	22.01.21	15:12	2	30	590	590	00	0000022032553	0	1	0	0	0	0	0	0
$1	1628	3938	1	0	3255	1.00	590	22.01.21	15:35	2	30	590	590	00	0000022032553	0	0	0	0	0	0	0	0
$1	1628	3938	2	0	2349	1.00	1350	22.01.21	15:35	3	30	1350	1350	00	0000006023492	0	0	0	0	0	0	0	0
$1	1628	3938	3	0	2349	1.00	1350	22.01.21	15:35	3	30	1350	1350	00	0000006023492	0	0	0	0	0	0	0	0
$1	1628	3938	4	0	2944	1.00	990	22.01.21	15:35	1	30	990	990	00	0000031029445	0	0	0	0	0	0	0	0
$1	1628	3938	5	0	0002	1.000	2990	22.01.21	15:35	1	30	2990	2990	00	0000000000000	0	0	0	0	0	0	0	0
$1	1628	3939	1	0	1537	1.00	1850	22.01.21	16:03	3	30	1850	1850	00	0000007015373	0	0	0	0	0	0	0	0
$1	1628	3939	2	0	1927	1.00	1550	22.01.21	16:03	2	30	1550	1550	00	0000009019270	0	0	0	0	0	0	0	0
$1	1628	3939	3	0	3368	1.00	2950	22.01.21	16:03	1	30	2950	2950	00	0000022033680	0	0	0	0	0	0	0	0
$1	1628	3939	4	0	0002	1.000	990	22.01.21	16:03	1	30	990	990	00	0000000000000	0	0	0	0	0	0	0	0
$1	1628	3940	1	0	0543	1.00	3050	22.01.21	16:35	1	30	3050	3050	00	5902249010138	0	0	0	0	0	0	0	0
$1	1628	3940	2	0	3477	1.00	3200	22.01.21	16:35	1	30	3200	3200	00	0000002034775	0	0	0	0	0	0	0	0
$1	1628	3940	3	0	0041	1.000	990	22.01.21	16:35	1	30	990	990	00	0000000000000	0	0	0	0	0	0	0	0
$1	1628	3941	1	0	3256	1.00	2190	22.01.21	17:06	2	30	2190	2190	00	0000022032560	0	0	0	0	0	0	0	0
$1	1628	3942	1	0	0508	1.00	2190	22.01.21	17:13	1	30	2190	2190	00	5902249010459	0	0	0	0	0	0	0	0
$1	1629	3944	1	0	0002	1.000	2990	22.01.22	09:49	1	30	2990	2990	00	0000000000000	0	0	0	0	0	0	0	0
$1	1629	3944	2	0	2697	1.00	2850	22.01.22	09:49	3	30	2850	2850	00	0000017026970	0	0	0	0	0	0	0	0
$1	1629	3944	3	0	2741	1.00	3150	22.01.22	09:49	1	30	3150	3150	00	0000035027416	0	0	0	0	0	0	0	0
$1	1629	3944	4	0	0204	1.000	200	22.01.22	09:49	1	30	200	200	00	0000000000000	0	0	0	0	0	0	0	0
$1	1629	3945	1	0	2053	1.00	2550	22.01.22	09:54	1	30	2550	2550	00	0000011020530	0	0	0	0	0	0	0	0
$1	1629	3946	1	0	3159	1.00	3190	22.01.22	10:14	1	30	3190	3190	00	0000008031594	0	0	0	0	0	0	0	0
$1	1629	3946	2	0	1818	1.00	3190	22.01.22	10:14	1	30	3190	3190	00	0000008018182	0	0	0	0	0	0	0	0
$1	1629	3947	1	0	1202	1.00	650	22.01.22	10:27	2	30	650	650	00	5909994309326	0	0	0	0	0	0	0	0
$1	1629	3947	2	0	1082	1.00	490	22.01.22	10:27	2	30	490	490	00	5907752643392	0	0	0	0	0	0	0	0
$1	1629	3947	3	0	1007	1.00	690	22.01.22	10:27	2	30	690	690	00	5907752643460	0	0	0	0	0	0	0	0
$1	1629	3948	1	0	3122	1.00	490	22.01.22	10:34	2	30	490	490	00	0000020031220	0	0	0	0	0	0	0	0
$1	1629	3948	2	0	2741	1.00	3150	22.01.22	10:34	1	30	3150	3150	00	0000035027416	0	0	0	0	0	0	0	0
$1	1629	3948	3	0	2741	1.00	3150	22.01.22	10:34	1	30	3150	3150	00	0000035027416	0	0	0	0	0	0	0	0
$1	1629	3948	4	0	3058	1.00	890	22.01.22	10:34	2	30	890	890	00	0000020030582	0	0	0	0	0	0	0	0
$1	1629	3948	5	0	0204	1.000	200	22.01.22	10:34	1	30	200	200	00	0000000000000	0	0	0	0	0	0	0	0
$1	1629	3949	1	0	1010	1.00	390	22.01.22	10:38	2	30	390	390	00	5906365702908	0	0	0	0	0	0	0	0
$1	1629	3949	2	0	0002	1.000	660	22.01.22	10:38	1	30	660	660	00	0000000000000	0	0	0	0	0	0	0	0
$1	1629	3950	1	0	1085	1.00	650	22.01.22	10:46	2	30	650	650	00	5906365702779	0	0	0	0	0	0	0	0
$1	1629	3951	1	0	1713	1.00	3190	22.01.22	11:35	1	30	3190	3190	00	0000034017135	0	0	0	0	0	0	0	0
$1	1629	3951	2	0	1436	1.00	2850	22.01.22	11:35	1	30	2850	2850	00	0000034014363	0	0	0	0	0	0	0	0
$1	1629	3951	3	0	2741	1.00	3150	22.01.22	11:35	1	30	3150	3150	00	0000035027416	0	0	0	0	0	0	0	0
$1	1629	3951	4	0	2741	1.00	3150	22.01.22	11:35	1	30	3150	3150	00	0000035027416	0	0	0	0	0	0	0	0
$1	1629	3951	5	0	1291	1.00	5450	22.01.22	11:35	3	30	5450	5450	00	0000006012915	0	0	0	0	0	0	0	0
$1	1629	3952	1	0	3563	1.00	4750	22.01.22	11:36	1	30	4750	4750	00	0000024035637	0	0	0	0	0	0	0	0
$1	1629	3952	2	0	1189	1.00	590	22.01.22	11:36	2	30	590	590	00	0000005011896	0	0	0	0	0	0	0	0
$1	1629	3953	1	0	2741	1.00	3150	22.01.22	11:47	1	30	3150	3150	00	0000035027416	0	0	0	0	0	0	0	0
$1	1629	3953	2	0	0002	3.000	8970	22.01.22	11:47	1	30	8970	8970	00	0000000000000	0	0	0	0	0	0	0	0
$1	1629	3954	1	0	2350	2.00	1400	22.01.22	11:49	1	30	1400	1400	00	0000015023506	0	0	0	0	0	0	0	0
$1	1629	3955	1	0	2350	1.00	700	22.01.22	11:50	1	30	700	700	00	0000015023506	0	0	0	0	0	0	0	0
$10	1629	3955	1	0	2053	3.00	7650	22.01.22	11:50	1	30	7650	7650	00	0000011020530	0	0	0	0	0	0	0	0
$1	1629	3955	2	0	2019	1.00	1750	22.01.22	11:50	1	30	1750	1750	00	0000009020191	0	0	0	0	0	0	0	0
$1	1629	3955	3	0	2053	2.00	5100	22.01.22	11:50	1	30	5100	5100	00	0000011020530	0	0	0	0	0	0	0	0
$1	1629	3956	1	0	1457	1.00	4250	22.01.22	12:59	1	30	4250	4250	00	0000034014578	0	0	0	0	0	0	0	0
$1	1629	3956	2	0	1461	1.00	2850	22.01.22	12:59	1	30	2850	2850	00	0000034014615	0	0	0	0	0	0	0	0
$1	1629	3957	1	0	0521	1.00	26	22.01.22	14:01	1	30	2590	2590	00	0000002005218	0	1	0	0	0	0	0	0
$1	1629	3957	2	0	0489	1.00	40	22.01.22	14:01	1	30	3950	3950	00	0000002004891	0	1	0	0	0	0	0	0
$1	1629	3957	3	0	3211	1.00	20	22.01.22	14:01	1	30	1950	1950	00	0000018032116	0	1	0	0	0	0	0	0
$1	1630	3959	1	0	2666	1.00	2390	22.01.24	09:59	3	30	2390	2390	00	0000017026666	0	0	0	0	0	0	0	0
$1	1630	3960	1	0	1039	1.00	590	22.01.24	10:49	2	30	590	590	00	0000005010394	0	0	0	0	0	0	0	0
$1	1630	3961	1	0	1040	1.00	450	22.01.24	10:51	2	30	450	450	00	5906365702847	0	0	0	0	0	0	0	0
$1	1630	3962	1	0	3985	1.00	1250	22.01.24	11:07	1	30	1250	1250	00	0000031039857	0	0	0	0	0	0	0	0
$1	1630	3962	2	0	3782	1.00	1350	22.01.24	11:07	1	30	1350	1350	00	0000025037821	0	0	0	0	0	0	0	0
$1	1630	3963	1	0	1249	1.00	790	22.01.24	11:08	2	30	790	790	00	5909994310667	0	0	0	0	0	0	0	0
$1	1630	3964	1	0	0041	1.000	1750	22.01.24	11:47	1	30	1750	1750	00	0000000000000	0	0	0	0	0	0	0	0
$1	1630	3965	1	0	2350	2.00	1400	22.01.24	12:10	1	30	1400	1400	00	0000015023506	0	0	0	0	0	0	0	0
$1	1630	3966	1	0	0975	1.00	700	22.01.24	12:24	2	30	700	700	00	5905279799035	0	0	0	0	0	0	0	0
$1	1630	3967	1	0	0505	1.00	3350	22.01.24	12:31	1	30	3350	3350	00	5907502687515	0	0	0	0	0	0	0	0
$1	1630	3967	2	0	0504	1.00	3350	22.01.24	12:31	1	30	3350	3350	00	5907502687508	0	0	0	0	0	0	0	0
$1	1630	3967	3	0	0606	1.00	4290	22.01.24	12:31	1	30	4290	4290	00	5902249011104	0	0	0	0	0	0	0	0
$1	1630	3968	1	0	1031	1.00	1290	22.01.24	13:13	3	30	1290	1290	00	5905279799639	0	0	0	0	0	0	0	0
$1	1630	3969	1	0	3255	1.00	590	22.01.24	13:18	2	30	590	590	00	0000022032553	0	0	0	0	0	0	0	0
$1	1630	3969	2	0	3048	1.00	1150	22.01.24	13:18	1	30	1150	1150	00	0000020030483	0	0	0	0	0	0	0	0
$1	1630	3970	1	0	2741	1.00	32	22.01.24	13:28	1	30	3150	3150	00	0000035027416	0	1	0	0	0	0	0	0
$1	1630	3970	2	0	3256	1.00	22	22.01.24	13:28	2	30	2190	2190	00	0000022032560	0	1	0	0	0	0	0	0
$12	1630	1	1	0	3650	1.00	2393	22.01.24	13:32	1	30	2393	3190	00	0000009036505	0	0	0	0	0	0	0	1
$1	1630	3972	1	0	0093	1.000	1190	22.01.24	14:25	3	30	1190	1190	00	0000000000000	0	0	0	0	0	0	0	0
$1	1630	3973	1	0	1180	1.00	450	22.01.24	14:37	2	30	450	450	00	5909994312166	0	0	0	0	0	0	0	0
$1	1630	3973	2	0	1162	1.00	450	22.01.24	14:37	2	30	450	450	00	5909994311763	0	0	0	0	0	0	0	0
$1	1630	3974	1	0	1215	1.00	650	22.01.24	14:44	2	30	650	650	00	0000005012152	0	0	0	0	0	0	0	0
$1	1630	3975	1	0	1055	1.00	950	22.01.24	15:17	3	30	950	950	00	0000005010554	0	0	0	0	0	0	0	0
$1	1630	3975	2	0	3370	1.00	790	22.01.24	15:17	2	30	790	790	00	0000005033706	0	0	0	0	0	0	0	0
$1	1630	3976	1	0	0678	1.00	4990	22.01.24	15:22	1	30	4990	4990	00	0000024006781	0	0	0	0	0	0	0	0
$1	1631	3978	1	0	3782	1.00	1350	22.01.25	10:02	1	30	1350	1350	00	0000025037821	0	0	0	0	0	0	0	0
$1	1631	3979	1	0	0880	1.00	6850	22.01.25	10:02	1	30	6850	6850	00	0000004008804	0	0	0	0	0	0	0	0
$1	1631	3980	1	0	2350	1.00	700	22.01.25	10:42	1	30	700	700	00	0000015023506	0	0	0	0	0	0	0	0
$1	1631	3981	1	0	0977	1.00	690	22.01.25	10:51	2	30	690	690	00	0000005009770	0	0	0	0	0	0	0	0
$1	1631	3982	1	0	0373	1.00	1450	22.01.25	11:08	1	30	1450	1450	00	5906874565285	0	0	0	0	0	0	0	0
$1	1631	3982	2	0	0502	1.00	2390	22.01.25	11:08	1	30	2390	2390	00	5907502687522	0	0	0	0	0	0	0	0
$1	1631	3983	1	0	1910	1.00	1750	22.01.25	11:10	1	30	1750	1750	00	0000009019102	0	0	0	0	0	0	0	0
$1	1631	3984	1	0	2350	1.00	700	22.01.25	11:25	1	30	700	700	00	0000015023506	0	0	0	0	0	0	0	0
$1	1631	3985	1	0	2390	1.00	1090	22.01.25	11:28	1	30	1090	1090	00	0000016023901	0	0	0	0	0	0	0	0
$1	1631	3985	2	0	1011	1.00	550	22.01.25	11:28	2	30	550	550	00	5906365702755	0	0	0	0	0	0	0	0
$1	1631	3986	1	0	2350	3.00	2100	22.01.25	12:12	1	30	2100	2100	00	0000015023506	0	0	0	0	0	0	0	0
$1	1631	3987	1	0	1230	1.00	450	22.01.25	12:20	2	30	450	450	00	5909994310766	0	0	0	0	0	0	0	0
$1	1631	3987	2	0	1887	1.00	550	22.01.25	12:20	3	30	550	550	00	5905279799721	0	0	0	0	0	0	0	0
$1	1631	3987	3	0	1195	1.00	450	22.01.25	12:20	2	30	450	450	00	5909990219421	0	0	0	0	0	0	0	0
$1	1631	3987	4	0	1179	1.00	800	22.01.25	12:20	2	30	800	800	00	5909994309524	0	0	0	0	0	0	0	0
$1	1631	3987	5	0	1093	1.00	700	22.01.25	12:20	2	30	700	700	00	5906365702212	0	0	0	0	0	0	0	0
$1	1631	3987	6	0	0996	1.00	590	22.01.25	12:20	2	30	590	590	00	5906365702076	0	0	0	0	0	0	0	0
$1	1631	3987	7	0	0996	1.00	590	22.01.25	12:20	2	30	590	590	00	5906365702076	0	0	0	0	0	0	0	0
$1	1631	3987	8	0	1226	1.00	490	22.01.25	12:20	2	30	490	490	00	5909990219025	0	0	0	0	0	0	0	0
$1	1631	3987	9	0	1084	1.00	550	22.01.25	12:20	2	30	550	550	00	5906365702199	0	0	0	0	0	0	0	0
$1	1631	3987	10	0	1251	1.00	550	22.01.25	12:20	2	30	550	550	00	5909994308527	0	0	0	0	0	0	0	0
$1	1631	3987	11	0	1097	1.00	450	22.01.25	12:20	2	30	450	450	00	5909994310568	0	0	0	0	0	0	0	0
$1	1631	3987	12	0	1183	1.00	650	22.01.25	12:20	2	30	650	650	00	5909990628414	0	0	0	0	0	0	0	0
$1	1631	3987	13	0	1084	1.00	550	22.01.25	12:20	2	30	550	550	00	5906365702199	0	0	0	0	0	0	0	0
$1	1631	3988	1	0	1105	1.00	450	22.01.25	12:25	2	30	450	450	00	5906365702489	0	0	0	0	0	0	0	0
$1	1631	3989	1	0	1445	1.00	4750	22.01.25	13:07	1	30	4750	4750	00	0000034014455	0	0	0	0	0	0	0	0
$1	1631	3990	1	0	0895	1.00	4400	22.01.25	13:24	1	30	4400	4400	00	0000004008958	0	0	0	0	0	0	0	0
$1	1631	3990	2	0	1230	1.00	450	22.01.25	13:24	2	30	450	450	00	5909994310766	0	0	0	0	0	0	0	0
$1	1631	3990	3	0	0041	1.000	990	22.01.25	13:24	1	30	990	990	00	0000000000000	0	0	0	0	0	0	0	0
$1	1631	3991	1	0	2391	3.00	8670	22.01.25	13:25	1	30	8670	8670	00	0000016023918	0	0	0	0	0	0	0	0
$1	1631	3992	1	0	2389	1.00	2590	22.01.25	13:30	1	30	2590	2590	00	0000016023895	0	0	0	0	0	0	0	0
$1	1631	3993	1	0	0503	1.00	2390	22.01.25	13:57	1	30	2390	2390	00	5907502687539	0	0	0	0	0	0	0	0
$1	1631	3993	2	0	0564	1.00	2890	22.01.25	13:57	1	30	2890	2890	00	0000002005645	0	0	0	0	0	0	0	0
$1	1631	3994	1	0	0041	1.000	990	22.01.25	13:58	1	30	990	990	00	0000000000000	0	0	0	0	0	0	0	0
$1	1631	3995	1	0	2053	1.00	2550	22.01.25	14:56	1	30	2550	2550	00	0000011020530	0	0	0	0	0	0	0	0
$1	1631	3995	2	0	0331	1.00	1850	22.01.25	14:56	1	30	1850	1850	00	5900168908130	0	0	0	0	0	0	0	0
$1	1631	3995	3	0	0041	1.000	990	22.01.25	14:56	1	30	990	990	00	0000000000000	0	0	0	0	0	0	0	0
$1	1631	3996	1	0	0592	1.00	2390	22.01.25	15:34	1	30	2390	2390	00	5902249010886	0	0	0	0	0	0	0	0
$1	1631	3996	2	0	1307	1.00	2750	22.01.25	15:34	3	30	2750	2750	00	0000006013073	0	0	0	0	0	0	0	0
$1	1631	3996	3	0	0002	1.000	1050	22.01.25	15:34	1	30	1050	1050	00	0000000000000	0	0	0	0	0	0	0	0
$1	1631	3996	4	0	2284	1.00	1950	22.01.25	15:34	1	30	1950	1950	00	0000014022845	0	0	0	0	0	0	0	0
$1	1631	3997	1	0	0464	1.00	3358	22.01.25	15:37	1	30	3950	3950	00	5907502687225	0	1	0	0	0	0	0	0
$1	1631	3998	1	0	2391	1.00	2890	22.01.25	15:39	1	30	2890	2890	00	0000016023918	0	0	0	0	0	0	0	0
$10	1631	3999	1	0	0002	1.000	2390	22.01.25	16:14	1	30	2390	2390	00	0000000000000	0	0	0	0	0	0	0	0
$1	1631	3999	1	0	3651	1.00	2393	22.01.25	16:14	1	30	2393	3190	00	0000009036512	0	0	0	0	0	0	0	1
$1	1631	3999	2	0	1953	1.00	1950	22.01.25	16:14	1	30	1950	1950	00	0000009019539	0	0	0	0	0	0	0	0
$1	1631	4000	1	0	2350	1.00	700	22.01.25	16:33	1	30	700	700	00	0000015023506	0	0	0	0	0	0	0	0
$1	1631	4001	1	0	0988	2.00	1580	22.01.25	16:51	1	30	1580	1580	00	0000005009886	0	0	0	0	0	0	0	0
$1	1631	4001	2	0	1449	1.00	1490	22.01.25	16:51	1	30	1490	1490	00	0000034014493	0	0	0	0	0	0	0	0
$1	1631	4001	3	0	1008	1.00	490	22.01.25	16:51	2	30	490	490	00	5909994311367	0	0	0	0	0	0	0	0
$1	1631	4002	1	0	3358	1.00	210	22.01.25	17:34	1	30	1050	1050	00	0000022033581	0	1	0	0	0	0	0	0
$1	1631	4002	2	0	1011	1.00	110	22.01.25	17:34	2	30	550	550	00	5906365702755	0	1	0	0	0	0	0	0
$1	1631	4002	3	0	0002	1.000	200	22.01.25	17:34	1	30	999	999	00	0000000000000	0	1	0	0	0	0	0	0
$1	1631	4002	4	0	0086	1.000	20	22.01.25	17:34	1	30	98	490	00	0000000000000	0	1	0	0	0	0	0	1
$1	1632	4004	1	0	0988	1.00	790	22.01.26	09:54	1	30	790	790	00	0000005009886	0	0	0	0	0	0	0	0
$1	1632	4004	2	0	0971	1.00	790	22.01.26	09:54	2	30	790	790	00	0000005009718	0	0	0	0	0	0	0	0
$1	1632	4005	1	0	0002	1.000	2990	22.01.26	10:08	1	30	2990	2990	00	0000000000000	0	0	0	0	0	0	0	0
$1	1632	4006	1	0	1190	1.00	590	22.01.26	10:28	2	30	590	590	00	0000005011902	0	0	0	0	0	0	0	0
$1	1632	4007	1	0	2968	1.00	2490	22.01.26	12:00	2	30	2490	2490	00	5908230845178	0	0	0	0	0	0	0	0
$1	1632	4008	1	0	1716	1.00	3550	22.01.26	13:20	1	30	3550	3550	00	0000034017166	0	0	0	0	0	0	0	0
$1	1632	4008	2	0	1977	1.00	2690	22.01.26	13:20	1	30	2690	2690	00	0000009019775	0	0	0	0	0	0	0	0
$1	1632	4009	1	0	2350	2.00	1400	22.01.26	15:02	1	30	1400	1400	00	0000015023506	0	0	0	0	0	0	0	0
$1	1633	4011	1	0	2350	3.00	2100	22.01.27	10:39	1	30	2100	2100	00	0000015023506	0	0	0	0	0	0	0	0
$1	1633	4011	2	0	1107	1.00	450	22.01.27	10:39	2	30	450	450	00	5909994311466	0	0	0	0	0	0	0	0
$1	1633	4011	3	0	1202	1.00	650	22.01.27	10:39	2	30	650	650	00	5909994309326	0	0	0	0	0	0	0	0
$1	1633	4012	1	0	1462	1.00	1590	22.01.27	12:41	1	30	1590	1590	00	0000034014622	0	0	0	0	0	0	0	0
$1	1633	4012	2	0	0639	1.00	3090	22.01.27	12:41	1	30	3090	3090	00	0000002006390	0	0	0	0	0	0	0	0
$1	1633	4012	3	0	1451	1.00	1490	22.01.27	12:41	1	30	1490	1490	00	0000034014516	0	0	0	0	0	0	0	0
$1	1633	4013	1	0	2746	1.00	3150	22.01.27	12:43	1	30	3150	3150	00	0000035027461	0	0	0	0	0	0	0	0
$1	1633	4014	1	0	1233	1.00	700	22.01.27	13:17	2	30	700	700	00	5909990628223	0	0	0	0	0	0	0	0
$1	1633	4014	2	0	0989	1.00	490	22.01.27	13:17	3	30	490	490	00	0000005009893	0	0	0	0	0	0	0	0
$1	1633	4015	1	0	2350	2.00	1400	22.01.27	13:30	1	30	1400	1400	00	0000015023506	0	0	0	0	0	0	0	0
$1	1633	4016	1	0	0615	1.00	3550	22.01.27	13:49	1	30	3550	3550	00	5902249011210	0	0	0	0	0	0	0	0
$1	1633	4016	2	0	2053	1.00	2550	22.01.27	13:49	1	30	2550	2550	00	0000011020530	0	0	0	0	0	0	0	0
$1	1633	4017	1	0	1212	1.00	590	22.01.27	13:51	2	30	590	590	00	5909994310629	0	0	0	0	0	0	0	0
$1	1633	4018	1	0	3883	1.00	3990	22.01.27	14:13	1	30	3990	3990	00	0000023038837	0	0	0	0	0	0	0	0
$1	1633	4018	2	0	3251	1.00	1190	22.01.27	14:13	2	30	1190	1190	00	0000022032515	0	0	0	0	0	0	0	0
$1	1633	4018	3	0	3239	1.00	850	22.01.27	14:13	1	30	850	850	00	0000025032390	0	0	0	0	0	0	0	0
$1	1633	4019	1	0	1133	1.00	750	22.01.27	14:42	3	30	750	750	00	0000005011339	0	0	0	0	0	0	0	0
$1	1633	4020	1	0	0182	2.000	2700	22.01.27	15:34	2	30	2700	2700	00	0000000000000	0	0	0	0	0	0	0	0
$1	1633	4020	2	0	1190	1.00	590	22.01.27	15:34	2	30	590	590	00	0000005011902	0	0	0	0	0	0	0	0
$1	1633	4021	1	0	3319	1.00	1890	22.01.27	15:41	2	30	1890	1890	00	0000022033192	0	0	0	0	0	0	0	0
$1	1633	4021	2	0	0002	1.000	1490	22.01.27	15:41	1	30	1490	1490	00	0000000000000	0	0	0	0	0	0	0	0
$1	1633	4022	1	0	3266	1.00	3750	22.01.27	15:57	1	30	3750	3750	00	0000014032660	0	0	0	0	0	0	0	0
$1	1634	4024	1	0	0371	1.00	1450	22.01.28	09:37	1	30	1450	1450	00	5906874565292	0	0	0	0	0	0	0	0
$1	1634	4024	2	0	0329	1.00	1890	22.01.28	09:37	1	30	1890	1890	00	5900168908116	0	0	0	0	0	0	0	0
$1	1634	4024	3	0	1537	1.00	1850	22.01.28	09:37	3	30	1850	1850	00	0000007015373	0	0	0	0	0	0	0	0
$1	1634	4024	4	0	1714	1.00	4250	22.01.28	09:37	1	30	4250	4250	00	0000034017142	0	0	0	0	0	0	0	0
$1	1634	4024	5	0	1366	1.00	2900	22.01.28	09:37	3	30	2900	2900	00	0000006013660	0	0	0	0	0	0	0	0
$1	1634	4024	6	0	1185	1.00	590	22.01.28	09:37	2	30	590	590	00	5909990628391	0	0	0	0	0	0	0	0
$1	1634	4024	7	0	1017	1.00	550	22.01.28	09:37	2	30	550	550	00	5907752643361	0	0	0	0	0	0	0	0
$1	1634	4024	8	0	1017	1.00	6	22.01.28	09:37	2	30	6	550	00	5907752643361	0	0	0	0	0	0	0	1
$1	1634	4025	1	0	1233	1.00	700	22.01.28	09:43	2	30	700	700	00	5909990628223	0	0	0	0	0	0	0	0
$1	1634	4025	2	0	1012	1.00	890	22.01.28	09:43	2	30	890	890	00	5909994310865	0	0	0	0	0	0	0	0
$1	1634	4025	3	0	0026	1.000	2390	22.01.28	09:43	1	30	2390	2390	00	0000000000000	0	0	0	0	0	0	0	0
$1	1634	4026	1	0	1562	1.00	2550	22.01.28	10:06	3	30	2550	2550	00	0000007015625	0	0	0	0	0	0	0	0
$1	1634	4027	1	0	2746	1.00	3150	22.01.28	10:20	1	30	3150	3150	00	0000035027461	0	0	0	0	0	0	0	0
$1	1634	4028	1	0	1277	1.00	2150	22.01.28	10:34	3	30	2150	2150	00	0000006012779	0	0	0	0	0	0	0	0
$1	1634	4029	1	0	1162	1.00	450	22.01.28	12:04	2	30	450	450	00	5909994311763	0	0	0	0	0	0	0	0
$1	1634	4030	1	0	2350	3.00	2100	22.01.28	13:33	1	30	2100	2100	00	0000015023506	0	0	0	0	0	0	0	0
$1	1634	4031	1	0	0041	1.000	990	22.01.28	13:48	1	30	990	990	00	0000000000000	0	0	0	0	0	0	0	0
$1	1634	4032	1	0	2053	1.00	2550	22.01.28	13:56	1	30	2550	2550	00	0000011020530	0	0	0	0	0	0	0	0
$1	1634	4033	1	0	3344	1.00	2450	22.01.28	15:07	1	30	2450	2450	00	0000002033440	0	0	0	0	0	0	0	0
$1	1634	4033	2	0	0542	1.00	2990	22.01.28	15:07	1	30	2990	2990	00	0000002005423	0	0	0	0	0	0	0	0
$1	1634	4033	3	0	3259	1.00	1650	22.01.28	15:07	1	30	1650	1650	00	0000001032598	0	0	0	0	0	0	0	0
$1	1634	4034	1	0	2729	1.00	3390	22.01.28	15:10	2	30	3390	3390	00	0000017027298	0	0	0	0	0	0	0	0
$1	1634	4035	1	0	3983	1.00	1450	22.01.28	15:28	1	30	1450	1450	00	0000031039833	0	0	0	0	0	0	0	0
$1	1634	4035	2	0	3796	1.00	1190	22.01.28	15:28	1	30	1190	1190	00	0000025037968	0	0	0	0	0	0	0	0
$1	1634	4036	1	0	2612	1.00	1850	22.01.28	15:29	1	30	1850	1850	00	0000017026123	0	0	0	0	0	0	0	0
$1	1634	4037	1	0	1010	1.00	39	22.01.28	16:58	2	30	390	390	00	5906365702908	0	1	0	0	0	0	0	0
$1	1634	4037	2	0	3024	1.00	49	22.01.28	16:58	2	30	490	490	00	0000020030247	0	1	0	0	0	0	0	0
$1	1635	4039	1	0	1054	1.00	550	22.01.29	09:34	3	30	550	550	00	0000005010547	0	0	0	0	0	0	0	0
$1	1635	4040	1	0	1192	1.00	800	22.01.29	09:51	2	30	800	800	00	5909990219322	0	0	0	0	0	0	0	0
$1	1635	4041	1	0	2050	1.00	2550	22.01.29	09:59	1	30	2550	2550	00	0000011020509	0	0	0	0	0	0	0	0
$1	1635	4042	1	0	2024	1.00	1990	22.01.29	10:42	1	30	1990	2490	00	0000010020241	0	0	0	0	0	0	0	1
$1	1635	4042	2	0	2024	1.00	1990	22.01.29	10:42	1	30	1990	2490	00	0000010020241	0	0	0	0	0	0	0	1
$1	1635	4043	1	0	0002	1.000	2990	22.01.29	10:59	1	30	2990	2990	00	0000000000000	0	0	0	0	0	0	0	0
$1	1635	4043	2	0	3886	1.00	2590	22.01.29	10:59	1	30	2590	2590	00	0000023038868	0	0	0	0	0	0	0	0
$1	1635	4044	1	0	3157	1.00	2990	22.01.29	11:01	1	30	2990	2990	00	0000002031576	0	0	0	0	0	0	0	0
$1	1635	4045	1	0	2832	1.00	8350	22.01.29	11:51	1	30	8350	8350	00	0000018028324	0	0	0	0	0	0	0	0
$1	1635	4045	2	0	2828	1.00	11050	22.01.29	11:51	1	30	11050	11050	00	0000018028287	0	0	0	0	0	0	0	0
$1	1635	4046	1	0	3642	1.00	8950	22.01.29	11:54	1	30	8950	8950	00	0000018036428	0	0	0	0	0	0	0	0
$1	1635	4046	2	0	3234	1.00	1990	22.01.29	11:54	1	30	1990	1990	00	0000018032345	0	0	0	0	0	0	0	0
$1	1635	4047	1	0	3667	1.00	2990	22.01.29	11:59	1	30	2990	2990	00	0000023036673	0	0	0	0	0	0	0	0
$1	1635	4047	2	0	2315	1.00	3590	22.01.29	11:59	1	30	3590	3590	00	0000014023156	0	0	0	0	0	0	0	0
$1	1635	4047	3	0	1507	1.00	5990	22.01.29	11:59	3	30	5990	5990	00	5907804205233	0	0	0	0	0	0	0	0
$1	1635	4047	4	0	2759	1.00	2490	22.01.29	11:59	1	30	2490	2490	00	0000036027590	0	0	0	0	0	0	0	0
$1	1635	4048	1	0	3918	1.00	1490	22.01.29	12:05	1	30	1490	1990	00	0680275036319	0	0	0	0	0	0	0	1
$1	1635	4048	2	0	2447	1.00	3090	22.01.29	12:05	1	30	3090	3090	00	0000002024479	0	0	0	0	0	0	0	0
$1	1635	4048	3	0	0731	1.00	4150	22.01.29	12:05	1	30	4150	4150	00	0000003007310	0	0	0	0	0	0	0	0
$1	1635	4048	4	0	2668	1.00	2090	22.01.29	12:05	3	30	2090	2090	00	0000017026680	0	0	0	0	0	0	0	0
$1	1635	4048	5	0	2759	1.00	2490	22.01.29	12:05	1	30	2490	2490	00	0000036027590	0	0	0	0	0	0	0	0
$1	1635	4048	6	0	0066	1.000	1190	22.01.29	12:05	1	30	1190	1190	00	0000000000000	0	0	0	0	0	0	0	0
$1	1635	4049	1	0	2611	1.00	1450	22.01.29	12:07	3	30	1450	1450	00	0000017026116	0	0	0	0	0	0	0	0
$1	1635	4050	1	0	2433	1.00	2850	22.01.29	12:49	1	30	2850	2850	00	0000016024335	0	0	0	0	0	0	0	0
$1	1635	4051	1	0	3666	1.00	2590	22.01.29	12:51	1	30	2590	2590	00	0000023036666	0	0	0	0	0	0	0	0
$1	1635	4052	1	0	1068	2.00	1300	22.01.29	13:02	2	30	1300	1300	00	5905279799400	0	0	0	0	0	0	0	0
