#1
#1
#1
$3514	Talerz 1001/ART-149/3             	1	1	2	1	0	5907156152476	10450	0
$3515	Talerz 1001/ART-248/3             	1	1	2	1	0	5907156242061	9950	0
$3516	Talerz 1001/DU-182/3              	1	1	2	1	0	5907156360468	9250	0
$3517	Talerz 1001/DU-205/3              	1	1	2	1	0	5907156655946	9250	0
$3518	Talerz 1014/A-1001A/3             	1	1	2	1	0	5907157410995	9450	0
$3519	Talerz 1014/A-882A/3              	1	1	2	1	0	5907156100491	9450	0
$3520	Talerz 1014/D-242/3               	1	1	2	1	0	5907156221219	6550	0
$3521	Talerz 1014/DU-126/3              	1	1	2	1	0	5907156151714	9850	0
$3522	Filizanka+Spodek 1080710/DU-205/3 	1	1	2	1	0	5907157728151	5750	0
$3523	Kubek 1105/D-OK21/3               	1	1	2	1	0	5907156324446	3690	0
$3524	Kubek 1105/D-OK24/3               	1	1	2	1	0	5907156872459	3690	0
$3525	Kubek 1105/D-OK26/3               	1	1	2	1	0	5907156142224	3690	0
$3526	Dzbanek 1160/D-56/3               	1	1	2	1	0	5907156142446	9250	0
$3527	Kubek 1193/ART-104/3              	1	1	2	1	0	5907156364039	5450	0
$3528	Kubek 1194/DU-71/1                	1	1	2	1	0	5907154821978	5290	0
$3529	Filizanka 1236/A-166A/3           	1	1	2	1	0	5907156143955	3250	0
$3530	Talerz 1259A/DU-147/3             	1	1	2	1	0	5907156970490	9250	0
$3531	Talerz 1332/D-42/3                	1	1	2	1	0	5907156142071	11350	0
$3532	Imbryk+Pokr. 1353S1353P/D-42/3    	1	1	2	1	0	5907156164899	11090	0
$3533	Imbryk+Pokr. 1353S1353P/D-487/3   	1	1	2	1	0	5907156288960	11090	0
$3534	Kubek 1357/D-8/3                  	1	1	2	1	0	5907157737559	2850	0
$3535	Kubek 1357/DU-126/3               	1	1	2	1	0	5907156855339	3990	0
$3536	Talerz 1358/D-1/3                 	1	1	2	1	0	5907157080884	1850	0
$3537	Miska 1384A/D-41/3                	1	1	2	1	0	5907156191499	2950	0
$3538	Kubek 1472/ART-170/2              	1	1	2	1	0	5907154922576	4490	0
$3539	Kubek 1472/DU-59/1                	1	1	2	1	0	5907154812730	4550	0
$3540	Kubek 1473/D-42/3                 	1	1	2	1	0	5907156868162	3650	0
$3541	Filizanka 1595/A-168A/3           	1	1	2	1	0	5907157166106	3990	0
$3542	Filizanka 1595/DU-147/1           	1	1	2	1	0	5907156600939	4990	0
$3543	Kubek 1599/D-809/2                	1	1	2	1	0	5907156704644	3700	0
$3544	Kubek 1599/D-962/2                	1	1	2	1	0	5907155856740	3650	0
$3545	Kubek 1599/D-964/2                	1	1	2	1	0	5907155863113	3650	0
$3546	Talerz 1610/DU-184/3              	1	1	2	1	0	5907156377923	5600	0
$3547	Figurka Zajac 1667/D-61/3         	1	1	2	1	0	5907157441333	3850	0
$3548	Miska 1837A/A-1073A/3             	1	1	2	1	0	5907156447022	5250	0
$3549	Tacka Do SUSHI 2021/DU-60/3       	1	1	2	1	0	5907157256838	4890	0
$3550	Kieliszek Jajecznik 203/A-882A/3  	1	1	2	1	0	5907156153565	2490	0
$3551	Kieliszek Jajecznik 203/D-111/3   	1	1	2	1	0	5907156247905	2250	0
$3552	Kieliszek Jajecznik 203/D-46/3    	1	1	2	1	0	5907156987337	2250	0
$3553	Kieliszek Jajecznik 203/DU-60/3   	1	1	2	1	0	5907156325153	2650	0
$3554	Skarbonka Samochod 2054/D-42/3    	1	1	2	1	0	5907157495244	7950	0
$3555	Polmisek 370A/D-61/3              	1	1	2	1	0	5907157738037	7250	0
$3556	Czajnik z Pokr. 596S596P/A-166A/3 	1	1	2	1	0	5907156144488	10690	0
$3557	Czajnik z Pokr. 596S596P/A-168A/3 	1	1	2	1	0	5907156162819	10690	0
$3558	Czajnik z Pokr. 596S596P/D-111/3  	1	1	2	1	0	5907156150762	9250	0
$3559	Czajnik z Pokr. 596S596P/D-46/3   	1	1	2	1	0	5907156344413	9550	0
$3560	Czajnik z Pokr. 596S596P/D-8/3    	1	1	2	1	0	5907156148868	9900	0
$3561	Czajnik z Pokr. 597S597P/A-166A/3 	1	1	2	1	0	5907156152254	11850	0
$3562	Wazon 854/DU-60/3                 	1	1	2	1	0	5907156384242	7490	0
$3563	Kubek 872/ART-104/3               	1	1	2	1	0	5907156409372	4750	0
$3564	Kubek 903/D-111/3                 	1	1	2	1	0	5907156145027	2590	0
$3565	Kubek 910/A-166A/3                	1	1	2	1	0	5907156139279	4950	0
$3566	Kubek 910/D-81/3                  	1	1	2	1	0	5907156307623	3990	0
$3567	Kubek 910/DU-182/3                	1	1	2	1	0	5907156518494	5250	0
$3568	Kubek 911/A-882A/3                	1	1	2	1	0	5907156158300	4550	0
$3569	Kubek 911/ART-149/3               	1	1	2	1	0	5907156152100	5950	0
$3570	Kubek 911/ART-248/2               	1	1	2	1	0	5907155734208	5850	0
$3571	Kubek 911/D-809/2                 	1	1	2	1	0	5907155431640	3650	0
$3572	Kubek 911/D-927/3                 	1	1	2	1	0	5907156904709	3650	0
$3573	Kubek 911/KS-Z/3                  	1	1	2	1	0	5907156195725	2550	0
$3574	Kubek 911/SP-BR/3                 	1	1	2	1	0	5907156289837	2450	0
$3575	Kubek 911/SP-OL/1                 	1	1	2	1	0	5907157435783	3450	0
$3576	Kubek 912/A-167A/3                	1	1	2	1	0	5907156290611	3750	0
$3577	Kubek 912/D-809/2                 	1	1	2	1	0	5907155543626	3450	0
$3578	Kubek 912/D-962/2                 	1	1	2	1	0	5907155817710	3450	0
$3579	Kubek 912/D-964/3                 	1	1	2	1	0	5907156700127	3400	0
$3580	Solniczka 962O/D-8/3              	1	1	2	1	0	5907156470013	1890	0
$3581	Pieprzniczka 962O3/D-8/3          	1	1	2	1	0	5907156494569	1890	0
$3582	Miska 971A/A-174A/3               	1	1	2	1	0	5907156273089	4990	0
$3583	Talerz 1014/DU-60/1               	1	1	2	1	0	5907154594544	9990	0
$3584	Podstawka Ceramiczna 1064/A-166A/1	1	1	2	1	0	5907154324806	6990	0
$3585	Kubek 1194/D-8/2                  	1	1	2	1	0	5907154237878	4690	0
$3586	Kubek 1357/D-42/2                 	1	1	2	1	0	5907154586457	3450	0
$3587	Maselnica 1393S1393G/D-37/2       	1	1	2	1	0	5907156446223	4900	0
$3588	Maselnica 1393S1393G/DU-126/1     	1	1	2	1	0	5907156195541	8490	0
$3589	Maselnica 1394S1394G/A-166A/1     	1	1	2	1	0	5907154565643	8290	0
$3590	Lyzeczka Do Cukru 1739A/D-42/1    	1	1	2	1	0	5907156229666	2990	0
$3591	Lyzeczka Do Cukru 1739A/D-56/2    	1	1	2	1	0	5907156235537	2990	0
$3592	Lyzeczka Do Cukru 1739A/D-8/2     	1	1	2	1	0	5907156229741	2990	0
$3593	Miska 1836A/D-42/1                	1	1	2	1	0	5907156184583	3950	0
$3594	Kubek 1920/D-8/1                  	1	1	2	1	0	5907156694853	5250	0
$3595	Tacka Do SUSHI 2022/DU-60/1       	1	1	2	1	0	5907157257620	6850	0
$3596	Filizanka 775/A-166A/1            	1	1	2	1	0	5907154642528	3100	0
$3597	Filizanka 775/A-166A/2            	1	1	2	1	0	5907154642535	3050	0
$3598	Filizanka 775/D-42/1              	1	1	2	1	0	5907154642801	2690	0
$3599	Filizanka 775/DU-60/2             	1	1	2	1	0	5907154600931	7650	0
$3600	Spodek 836/A-166A/1               	1	1	2	1	0	5907154649589	2590	0
$3601	Spodek 836/A-166A/2               	1	1	2	1	0	5907154649596	2590	0
$3602	Spodek 836/D-42/1                 	1	1	2	1	0	5907154568682	2150	0
$3603	Spodek 836/D-42/2                 	1	1	2	1	0	5907154568699	2150	0
$3604	Dzbanek 839/D-42/2                	1	1	2	1	0	5907154071342	4650	0
$3605	Filizanka 883/D-42/2              	1	1	2	1	0	5907154464458	2690	0
$3606	Kubek 910/ART-296/1               	1	1	2	1	0	5907156171309	8450	0
$3607	Kubek 911/D-1044/2                	1	1	2	1	0	5907156008216	4800	0
$3608	Filizanka 922/D-42/2              	1	1	2	1	0	5907154344859	5190	0
$3609	Cukiernica 944S944P/A-1145A/1     	1	1	2	1	0	5907157131296	6490	0
$3610	Cukiernica 944S944P/D-120/2       	1	1	2	1	0	5907154070314	6400	0
$3611	Cukiernica 944S944P/D-41/1        	1	1	2	1	0	5907154014066	5890	0
$3612	Cukiernica 944S944P/D-8/1         	1	1	2	1	0	5907155478676	6250	0
$3613	Mlecznik 945/A-166A/1             	1	1	2	1	0	5907154354322	5150	0
$3614	Mlecznik 945/D-8/2                	1	1	2	1	0	5907155484875	4450	0
$3615	Filizanka Espresso F037AS551      	1	1	2	1	0	24036153	3890	0
$3616	Kubek 0,3L K064SEDU2              	1	1	2	1	0	24036160	3050	0
$3617	Kubek Czeski 0,3 L K090S0021      	1	1	2	1	0	24036177	4990	0
$3618	Kubek Czeski K0677MIM1            	1	1	2	1	0	24036184	3990	0
$3619	Kubek Czeski K067J8ZO1            	1	1	2	1	0	24036191	3990	0
$3620	Kubek Czeski K067J8TU1            	1	1	2	1	0	24036207	3990	0
$3621	Kubek Czeski K067J8CZ1            	1	1	2	1	0	24036214	3990	0
$3622	Kubek John K083AS552              	1	1	2	1	0	24036221	4950	0
$3623	Kubek Magda Niski K147GZ331       	1	1	2	1	0	24036238	4490	0
$3624	Kubek Magda Niski K147GZ301       	1	1	2	1	0	24036245	4490	0
$3625	Kubek Mars K081EO371              	1	1	2	1	0	24036252	3990	0
$3626	Kubek Mars K081J8TU1              	1	1	2	1	0	24036269	4290	0
$3627	Kubek Mars K081J8CZ1              	1	1	2	1	0	24036276	4290	0
$3628	Kubek Mars K081AS551              	1	1	2	1	0	24036283	4290	0
$3629	Kubek Turystyczny K115JS142       	1	1	2	1	0	24036290	5450	0
$3630	Tyrcz Serca                       	1	1	2	1	0	24036306	4950	0
