#1	COM9:57600:MUX0:1	3	2021.04.19	21:10	OTowar	WIN 13.32.2020	OTOWARIN.txt	OTOWAROUT.txt
#
#Jota E 4095 PLU II gen. ver. 01 (identyfikator odczytany z urzadzenia i pliku ECRTBUF.TXT)
$00001	YOPE KOSMETYKI                    	1	2	3	1	0	0000000000000	0	0	0	0	0	1	23
$00002	HERBATA                           	1	2	3	1	0	0000000000000	0	0	0	0	0	1	3
$00003	SOK                               	2	2	3	1	0	0000000000000	0	0	0	0	0	1	339
$00004	OLD SPICE KOSMETYK                	1	2	3	1	0	0000000000000	0	0	0	0	0	1	16
$00005	KOSMETYKI DO BRODY                	1	2	3	1	0	0000000000000	0	0	0	0	0	1	83
$00006	BOLESùAWIEC CERAMI                	1	2	3	1	0	0000000000000	0	0	0	0	0	1	14
$00007	PORCELANA FILIΩANK                	1	2	3	1	0	0000000000000	0	0	0	0	0	1	339
$00008	WODA TOALETOWA                    	1	2	3	1	0	0000000000000	0	0	0	1	0	1	83
$00009	JANTAR KOSMETYKI                  	1	2	3	1	0	0000000000000	0	0	0	0	0	1	339
$00010	ZESTAW TURYSTYCZNY                	1	2	3	1	0	0000000000000	0	0	0	0	0	1	339
$00011	ROSADIA KOSMETYKI                 	1	2	3	1	0	0000000000000	0	0	0	0	0	1	339
$00012	ROSYJSKIE KOSMETYK                	1	1	3	1	0	0000000000000	0	0	0	1	0	1	43
$00013	OLEJ                              	3	2	3	1	0	0000000000000	0	0	0	1	0	1	1
$00014	FITOMED KOSMETYKI                 	1	1	3	1	0	0000000000000	0	0	0	0	0	1	339
$00015	OLEIQ KOSMETYKI                   	1	1	3	1	0	0000000000000	0	0	0	0	0	1	300
$00016	BOGUCICE PORCELANA                	1	1	3	1	0	0000000000000	0	0	0	0	0	1	339
$00017	PORCELANA KUBEK                   	1	1	3	1	0	0000000000000	0	0	0	0	0	1	339
$00018	VIANEK KOSMETYKI                  	1	1	3	1	0	0000000000000	0	0	0	1	0	1	12
$00019	BIOLAVEN KOSMETYKI                	1	1	3	1	0	0000000000000	0	0	0	0	0	1	24
$00020	SYLVECO DLA DZIECI                	1	1	3	1	0	0000000000000	0	0	0	1	0	1	83
$00021	SYLVECO KOSMETYKI                 	1	1	3	1	0	0000000000000	0	0	0	1	0	1	53
$00022	KOMINEK/PAROWNIK                  	1	1	3	1	0	0000000000000	0	0	0	0	0	1	339
$00023	P®SETA                            	1	1	3	1	0	0000000000000	0	0	0	1	0	1	83
$00024	DUETUS KOSMETYKI                  	1	2	3	1	0	0000000000000	0	0	0	1	0	1	339
$00025	DC PERFECTA                       	1	2	3	1	0	0000000000000	0	0	0	0	0	1	9
$00026	L BIOTICA KOSMETYK                	1	1	3	1	0	0000000000000	0	0	0	1	0	1	1
$00027	OZDOBA                            	1	1	3	1	0	0000000000000	0	0	0	0	0	1	269
$00028	LIZAK                             	1	1	3	1	0	0000000000000	0	0	0	1	0	1	83
$00029	ALOESOVE KOSMETYKI                	1	2	3	1	0	0000000000000	0	0	0	1	0	1	339
$00030	KOSMETYKI DZIEC.                  	1	1	3	1	0	0000000000000	0	0	0	1	0	1	339
$00031	YODEYMA PERFUMY                   	1	1	3	1	0	0000000000000	0	0	0	0	0	1	4
$00032	JOHNSON KOSMETYKI                 	1	1	3	1	0	0000000000000	0	0	0	1	0	1	83
$00033	PERFUMY                           	1	1	3	1	0	0000000000000	0	0	0	0	0	1	339
$00034	KAWA                              	1	1	3	1	0	0000000000000	0	0	0	1	0	1	83
$00035	CZEKOLADA                         	1	1	3	1	0	0000000000000	0	0	0	0	0	1	272
$00036	óWIECA                            	1	1	3	1	0	0000000000000	0	0	0	1	0	1	20
$00037	BON PODARUNKOWY                   	1	1	3	1	0	0000000000000	0	0	0	0	0	1	17
$00038	ZIAJA KOSMETYKI                   	1	2	3	1	0	0000000000000	0	0	0	0	0	1	7
$00039	CZEKOLADKI                        	1	1	3	1	0	0000000000000	0	0	0	1	0	1	339
$00040	FARBA DO WùOS‡W                   	1	1	3	1	0	0000000000000	0	0	0	0	0	1	339
$00041	NATURALNE KOSMETYK                	1	1	3	1	0	0000000000000	0	0	0	1	0	1	259
$00042	EANGLISH TEA SHOP                 	1	1	3	1	0	0000000000000	0	0	0	0	0	1	339
$00043	BODY BOOM PEELING                 	1	1	3	1	0	0000000000000	0	0	0	1	0	1	339
$00044	NALEWKA                           	1	1	3	1	0	0000000000000	0	0	0	0	0	1	339
$00045	MATERO NACZYNIE                   	1	1	3	1	0	0000000000000	0	0	0	0	0	1	339
$00046	NIVEA KOSMETYKI                   	1	2	3	1	0	0000000000000	0	0	0	0	0	1	83
$00047	ùYSO„ KOSMETYKI                   	1	2	3	1	0	0000000000000	0	0	0	0	0	1	286
$00048	NATURAL SECRETS KOSMETYKI NATURALN	1	1	3	1	0	0000000000000	0	0	0	1	0	1	258
$00049	BARWA KOSMETYKI                   	1	1	3	1	0	0000000000000	0	0	0	1	0	1	261
$00050	YANKEE CANDLE                     	1	1	3	1	0	0000000000000	0	0	0	1	0	1	311
$00051	HOLIKA KOSMETYKI                  	1	1	3	1	0	0000000000000	0	0	0	1	0	1	339
$00052	ZESTAW PREZENTOWY                 	1	1	3	1	0	0000000000000	0	0	0	1	0	1	339
$00053	PATYCZKI                          	1	1	3	1	0	0000000000000	0	0	0	1	0	1	339
$00054	ALLVERNUM                         	1	1	3	1	0	0000000000000	0	0	0	1	0	1	339
$00055	OLEOFARM 5                        	3	1	3	1	0	0000000000000	0	0	0	0	0	1	339
$00056	OLEOFARM 8                        	2	1	3	1	0	0000000000000	0	0	0	0	0	1	339
$00057	OLEOFARM 23                       	1	3	0	1	0	0000000000000	0	0	0	0	0	1	339
$00058	BAMBINO                           	1	1	3	1	0	0000000000000	0	0	0	1	0	1	83
$00059	BOMBILA                           	1	1	3	1	0	0000000000000	0	0	0	1	0	1	339
$00060	4SZPAKI KOSMETYKI                 	1	1	3	1	0	0000000000000	0	0	0	1	0	1	339
$00061	JOANNA SZAMPON                    	1	2	3	1	0	0000000000000	0	0	0	0	0	1	339
$00062	JOANNA ODΩYWKA                    	1	2	3	1	0	0000000000000	0	0	0	0	0	1	339
$00063	PùYN/çEL ANTYBAKTERYJNY           	1	1	3	1	0	0000000000000	0	0	0	1	0	1	83
$00064	PODPASKI                          	1	4	3	1	0	0000000000000	0	0	0	0	0	1	339
$00065	MASKA OCHR.3WARSTW.               	1	1	3	1	0	0000000000000	0	0	0	1	0	1	339
$00066	KARTKA PIESKOT                    	1	1	3	1	0	0000000000000	0	0	0	1	0	1	7
$00067	ORIENTANA KOSMETYK                	1	1	3	1	0	0000000000000	0	0	0	1	0	1	339
$00068	MOKOSH KOSMETYKI                  	1	1	3	1	0	0000000000000	0	0	0	1	0	1	299
$00069	PIANKA DO WùOS‡W                  	1	2	3	1	0	0000000000000	0	0	0	0	0	1	339
$00070	TAFT LAKIER                       	1	2	3	1	0	0000000000000	0	0	0	0	0	1	339
$00071	TAFT PIANKA                       	1	2	3	1	0	0000000000000	0	0	0	0	0	1	339
$00072	WELLA LAKIER                      	1	2	3	1	0	0000000000000	0	0	0	0	0	1	339
$00073	WELLA PIANKA                      	1	2	3	1	0	0000000000000	0	0	0	0	0	1	339
$00074	LAKIER DO WùOS‡W                  	1	2	3	1	0	0000000000000	0	0	0	0	0	1	339
$00075	ZEW KOSMETYKI                     	1	1	3	1	0	0000000000000	0	0	0	1	0	1	339
$00076	ΩEL DO WùOS‡W                     	1	2	3	1	0	0000000000000	0	0	0	0	0	1	339
$00077	ODΩYWKA DO WùOS‡W                 	1	2	3	1	0	0000000000000	0	0	0	0	0	1	339
$00078	PùYN DO K§PIELI                   	1	2	3	1	0	0000000000000	0	0	0	0	0	1	339
$00079	ΩEL POD PRYSZNIC                  	1	2	3	1	0	0000000000000	0	0	0	0	0	1	339
$00080	CD KOSMETYKI                      	1	2	3	1	0	0000000000000	0	0	0	0	0	1	339
$00081	MYDùO                             	1	2	3	1	0	0000000000000	0	0	0	0	0	1	339
$00082	DEZODORANT                        	1	2	3	1	0	0000000000000	0	0	0	0	0	1	339
$00083	DEO ROLL ON                       	1	2	3	1	0	0000000000000	0	0	0	0	0	1	339
$00084	DEO SZTYFT                        	1	2	3	1	0	0000000000000	0	0	0	0	0	1	83
$00085	LAKIER DO PAZNOKCI                	1	2	3	1	0	0000000000000	0	0	0	0	0	1	339
$00086	ZMYWACZ DO PAZNOKC                	1	2	3	1	0	0000000000000	0	0	0	0	0	1	266
$00087	YARDLEY PUDER                     	1	2	3	1	0	0000000000000	0	0	0	0	0	1	333
$00088	LUMENE KOSMETYKI                  	1	2	3	1	0	0000000000000	0	0	0	0	0	1	290
$00089	ZIOùA JEDNORODNE 5                	3	2	3	1	0	0000000000000	0	0	0	0	0	1	319
$00090	ZIOùA JEDNORODNE 8                	2	1	3	1	0	0000000000000	0	0	0	0	0	1	3
$00091	ZIOùA JEDNORODNE 2                	1	1	3	1	0	0000000000000	0	0	0	0	0	1	339
$00092	JOANNA FARBA                      	1	2	3	1	0	0000000000000	0	0	0	0	0	1	83
$00093	ZDROWA ΩYWNOóè 5                  	3	1	3	1	0	0000000000000	0	0	0	0	0	1	258
$00094	ZDROWA ΩYWNOóè 8                  	2	1	3	1	0	0000000000000	0	0	0	0	0	1	266
$00095	ZDROWA ΩYWNOóè 23                 	1	1	3	1	0	0000000000000	0	0	0	0	0	1	266
$00096	PROPOLIS                          	2	1	0	1	0	0000000000000	0	0	0	0	0	1	260
$00097	PIERZGA                           	2	1	0	1	0	0000000000000	0	0	0	0	0	1	339
$00098	POMADKA                           	1	2	3	1	0	0000000000000	0	0	0	0	0	1	264
$00099	CIENIE DO POWIEK                  	1	2	3	1	0	0000000000000	0	0	0	0	0	1	83
$00100	R‡Ω                               	1	2	3	1	0	0000000000000	0	0	0	0	0	1	83
$00101	POMADKA OCHRONNA                  	1	2	3	1	0	0000000000000	0	0	0	0	0	1	339
$00102	BùYSZCZYK                         	1	2	3	1	0	0000000000000	0	0	0	0	0	1	339
$00103	TUSZ DO RZ®S                      	1	2	3	1	0	0000000000000	0	0	0	0	0	1	83
$00104	EYELINER                          	1	2	3	1	0	0000000000000	0	0	0	0	0	1	83
$00105	OLVITA 5                          	3	1	3	1	0	0000000000000	0	0	0	0	0	1	339
$00106	OLVITA 8                          	2	1	3	1	0	0000000000000	0	0	0	0	0	1	83
$00107	OLVITA 23                         	1	2	3	1	0	0000000000000	0	0	0	0	0	1	339
$00108	SZAMPONETKA KOLOR.                	1	2	3	1	0	0000000000000	0	0	0	0	0	1	333
$00109	ROZJAóNIACZ                       	1	2	3	1	0	0000000000000	0	0	0	0	0	1	339
$00110	KONTUR‡WKA                        	1	2	3	1	0	0000000000000	0	0	0	0	0	1	83
$00111	KOSMETYCZKA                       	1	2	3	1	0	0000000000000	0	0	0	0	0	1	339
$00112	SZCZOTKA                          	1	2	3	1	0	0000000000000	0	0	0	0	0	1	339
$00113	SZCZOTECZKA DO Z®B                	1	2	3	1	0	0000000000000	0	0	0	0	0	1	339
$00114	GRZEBIE„                          	1	2	3	1	0	0000000000000	0	0	0	0	0	1	339
$00115	OBCINACZ                          	1	2	3	1	0	0000000000000	0	0	0	0	0	1	339
$00116	PILNIK                            	1	2	3	1	0	0000000000000	0	0	0	0	0	1	298
$00117	NOΩYCZKI                          	1	2	3	1	0	0000000000000	0	0	0	0	0	1	339
$00118	POLERKA                           	1	2	3	1	0	0000000000000	0	0	0	0	0	1	339
$00119	WYCINACZ                          	1	2	3	1	0	0000000000000	0	0	0	0	0	1	339
$00120	C§ΩKI                             	1	2	3	1	0	0000000000000	0	0	0	0	0	1	339
$00121	LUSTERKO                          	1	2	3	1	0	0000000000000	0	0	0	0	0	1	339
$00122	PUMEKS                            	1	2	3	1	0	0000000000000	690	0	0	0	0	1	339
$00123	TARKA                             	1	2	3	1	0	0000000000000	0	0	0	0	0	1	83
$00124	SZCZOTECZKA DO R§K                	1	2	3	1	0	0000000000000	0	0	0	0	0	1	339
$00125	G§BKA DO MAKIJAΩU                 	1	2	3	1	0	0000000000000	0	0	0	0	0	1	339
$00126	KREM DO R§K                       	1	2	3	1	0	0000000000000	0	0	0	0	0	1	339
$00127	KREM DO ST‡P                      	1	2	3	1	0	0000000000000	0	0	0	0	0	1	339
$00128	KREM PIEL®GNACYJNY                	1	2	3	1	0	0000000000000	0	0	0	0	0	1	339
$00129	SAMOOPALACZ                       	1	2	3	1	0	0000000000000	0	0	0	0	0	1	339
$00130	PùYN DO J.USTNEJ                  	1	2	3	1	0	0000000000000	0	0	0	0	0	1	339
$00131	MASZYNKA DO GOLENI                	1	2	3	1	0	0000000000000	0	0	0	0	0	1	339
$00132	KREM DO GOLENIA                   	1	2	3	1	0	0000000000000	0	0	0	0	0	1	83
$00133	PIANKA DO GOLENIA                 	1	2	3	1	0	0000000000000	0	0	0	0	0	1	339
$00134	WODA PO GOLENIU                   	1	2	3	1	0	0000000000000	0	0	0	0	0	1	339
$00135	WODA TOAL.M®SKA                   	1	2	3	1	0	0000000000000	0	0	0	0	0	1	339
$00136	KOBAKO                            	1	2	3	1	0	0000000000000	0	0	0	0	0	1	339
$00137	ALTERMEDICA 5                     	3	1	3	1	0	0000000000000	0	0	0	0	0	1	339
$00138	ALTERMEDICA 8                     	2	3	3	1	0	0000000000000	0	0	0	0	0	1	83
$00139	ALTERMEDICA 23                    	1	3	3	1	0	0000000000000	0	0	0	0	0	1	339
$00140	ADIDAS                            	1	2	3	1	0	0000000000000	0	0	0	0	0	1	271
$00141	GAL KOSMETYKI KAPS                	1	2	3	1	0	0000000000000	0	0	0	0	0	1	339
$00142	CHROBOTEK                         	1	1	3	1	0	0000000000000	0	0	0	1	0	1	339
$00143	PACYNKI                           	1	2	3	1	0	0000000000000	0	0	0	0	0	1	83
$00144	WACIKI KOSMETYCZNE                	1	2	3	1	0	0000000000000	0	0	0	0	0	1	339
$00145	PùATKI KOSMETYCZNE                	1	2	3	1	0	0000000000000	0	0	0	0	0	1	270
$00146	CHUSTECZKI                        	1	2	3	1	0	0000000000000	0	0	0	0	0	1	339
$00147	CHUSTECZKI ODóW.                  	1	4	3	1	0	0000000000000	0	0	0	0	0	1	339
$00148	SPIRYTUS SALICYLOW                	1	2	3	1	0	0000000000000	0	0	0	0	0	1	339
$00149	WODA UTLENIONA                    	1	2	3	1	0	0000000000000	280	0	0	0	0	1	339
$00150	KALLOS KOSMETYKI                  	1	2	3	1	0	0000000000000	0	0	0	0	0	1	339
$00151	PLASTRY                           	1	4	3	1	0	0000000000000	0	0	0	0	0	1	339
$00152	ZAPARZACZ                         	1	4	3	1	0	0000000000000	0	0	0	0	0	1	339
$00153	KR‡WKI                            	1	1	3	1	0	0000000000000	0	0	0	0	0	1	339
$00154	PRODUKT MIODOWY 8                 	2	1	3	1	0	0000000000000	0	0	0	0	0	1	339
$00155	MI‡D 5                            	3	1	3	1	0	0000000000000	0	0	0	0	0	1	281
$00156	AMOL                              	1	3	3	1	0	0000000000000	0	0	0	0	0	1	83
$00157	ZIOùA SZWEDZKIE                   	1	2	3	1	0	0000000000000	0	0	0	0	0	1	339
$00158	APAP TABL.                        	1	3	3	1	0	0000000000000	0	0	0	0	0	1	339
$00159	ASPIRIN TABL.                     	1	3	3	1	0	0000000000000	0	0	0	0	0	1	83
$00160	ETOPIRYNA                         	1	3	3	1	0	0000000000000	0	0	0	0	0	1	339
$00161	TABL.P/GRYPIE                     	1	3	3	1	0	0000000000000	0	0	0	0	0	1	339
$00162	RAPHACHOLIN                       	1	3	3	1	0	0000000000000	0	0	0	0	0	1	83
$00163	CHOLINEX                          	1	3	3	1	0	0000000000000	0	0	0	0	0	1	339
$00164	CHLORCHINALDIN                    	1	3	3	1	0	0000000000000	0	0	0	0	0	1	37
$00165	SEBIDIN                           	1	3	3	1	0	0000000000000	0	0	0	0	0	1	83
$00166	SEPTOLETE                         	1	3	3	1	0	0000000000000	0	0	0	0	0	1	339
$00167	TANTUM VERDE                      	1	3	3	1	0	0000000000000	0	0	0	0	0	1	339
$00168	CALCIUM TABL.                     	1	2	3	1	0	0000000000000	0	0	0	0	0	1	339
