#1	COM12:57600:MUX0:1	3	2021.07.28	17:38	OPSpRoz4	WIN 13.32.2020	OPSPROZ4IN.txt	OPSPROZ4OUT.txt
#
#Jota E 4095 PLU II gen. ver. 01 (identyfikator odczytany z urzadzenia i pliku ECRTBUF.TXT)
$1	1492	623	1	0	2024	1.00	2490	21.06.26	11:08	1	30	2490	2490	00	0000010020241	0	0	0	0	0	0	0	0
$1	1492	624	1	0	2024	1.00	1850	21.06.26	11:10	1	30	1850	2490	00	0000010020241	0	0	0	0	0	0	0	1
$1	1492	625	1	0	1914	1.00	1650	21.06.26	11:40	1	30	1650	1650	00	0000009019140	0	0	0	0	0	0	0	0
$1	1492	626	1	0	3394	1.00	2750	21.06.26	11:51	1	30	2750	2750	00	0000023033948	0	0	0	0	0	0	0	0
$1	1492	627	1	0	3932	1.00	1590	21.06.26	12:07	1	30	1590	1590	00	0000031039321	0	0	0	0	0	0	0	0
$1	1492	628	1	0	0182	1.000	780	21.06.26	12:13	2	30	780	780	00	0000000000000	0	0	0	0	0	0	0	0
$1	1492	628	2	0	3285	1.00	850	21.06.26	12:13	1	30	850	850	00	0000022032850	0	0	0	0	0	0	0	0
$1	1492	629	1	0	1537	1.00	1690	21.06.26	12:19	3	30	1690	1690	00	5907804205035	0	0	0	0	0	0	0	0
$1	1492	629	2	0	1503	1.00	2250	21.06.26	12:19	3	30	2250	2250	00	5907804205196	0	0	0	0	0	0	0	0
$1	1492	629	3	0	1513	1.00	1900	21.06.26	12:19	3	30	1900	1900	00	5907804205271	0	0	0	0	0	0	0	0
$1	1492	629	4	0	0026	1.000	1390	21.06.26	12:19	1	30	1390	1390	00	0000000000000	0	0	0	0	0	0	0	0
$1	1492	629	5	0	0041	1.000	1090	21.06.26	12:19	1	30	1090	1090	00	0000000000000	0	0	0	0	0	0	0	0
$1	1492	629	6	0	0026	1.000	2790	21.06.26	12:19	1	30	2790	2790	00	0000000000000	0	0	0	0	0	0	0	0
$1	1492	630	1	0	1847	1.00	3190	21.06.26	12:21	1	30	3190	3190	00	0000008018472	0	0	0	0	0	0	0	0
$1	1492	631	1	0	2938	1.00	4490	21.06.26	12:31	1	30	4490	4490	00	0000024029384	0	0	0	0	0	0	0	0
$1	1492	631	2	0	1232	1.00	400	21.06.26	12:31	2	30	400	400	00	5909990219520	0	0	0	0	0	0	0	0
$1	1492	632	1	0	0645	1.00	3090	21.06.26	13:08	1	30	3090	3090	00	5902249012095	0	0	0	0	0	0	0	0
$1	1493	634	1	0	0026	1.000	2450	21.06.29	10:23	1	30	2450	2450	00	0000000000000	0	0	0	0	0	0	0	0
$1	1493	634	2	0	0026	3.000	750	21.06.29	10:23	1	30	750	750	00	0000000000000	0	0	0	0	0	0	0	0
$1	1493	635	1	0	1231	2.00	900	21.06.29	10:36	2	30	900	900	00	5909994310469	0	0	0	0	0	0	0	0
$12	1493	1	1	0	2048	1.00	2190	21.06.29	10:38	2	30	2190	2190	00	0000006020484	0	0	0	0	0	0	0	0
$1	1493	637	1	0	1597	1.00	590	21.06.29	10:39	1	30	590	590	00	5903175401694	0	0	0	0	0	0	0	0
$1	1493	638	1	0	2024	2.00	3980	21.06.29	10:49	1	30	3980	4980	00	0000010020241	0	0	0	0	0	0	0	1
$1	1493	638	2	0	0508	1.00	1990	21.06.29	10:49	1	30	1990	1990	00	5902249010459	0	0	0	0	0	0	0	0
$1	1493	638	3	0	0487	1.00	2090	21.06.29	10:49	1	30	2090	2090	00	5902249010695	0	0	0	0	0	0	0	0
$1	1493	639	1	0	2050	1.00	2550	21.06.29	10:51	1	30	2550	2550	00	0000011020509	0	0	0	0	0	0	0	0
$1	1493	639	2	0	2050	1.00	2550	21.06.29	10:51	1	30	2550	2550	00	0000011020509	0	0	0	0	0	0	0	0
$1	1493	639	3	0	2050	1.00	2550	21.06.29	10:51	1	30	2550	2550	00	0000011020509	0	0	0	0	0	0	0	0
$1	1493	639	4	0	0031	1.000	2000	21.06.29	10:51	1	30	2000	2000	00	0000000000000	0	0	0	0	0	0	0	0
$1	1493	639	5	0	0226	1.000	2190	21.06.29	10:51	1	30	2190	2190	00	0000000000000	0	0	0	0	0	0	0	0
$1	1493	640	1	0	1055	2.00	1580	21.06.29	10:53	3	30	1580	1580	00	0000005010554	0	0	0	0	0	0	0	0
$1	1493	640	2	0	2648	1.00	1550	21.06.29	10:53	2	30	1550	1550	00	0000017026482	0	0	0	0	0	0	0	0
$1	1493	641	1	0	2350	2.00	1300	21.06.29	11:46	1	30	1300	1300	00	0000015023506	0	0	0	0	0	0	0	0
$1	1493	641	2	0	0026	3.000	1770	21.06.29	11:46	1	30	1770	1770	00	0000000000000	0	0	0	0	0	0	0	0
$1	1493	642	1	0	2433	1.00	2590	21.06.29	11:58	1	30	2590	2590	00	0000016024335	0	0	0	0	0	0	0	0
$1	1493	643	1	0	0364	1.00	1290	21.06.29	12:42	1	30	1290	1290	00	5900168907720	0	0	0	0	0	0	0	0
$1	1493	644	1	0	1206	1.00	490	21.06.29	12:48	2	30	490	490	00	5909990903115	0	0	0	0	0	0	0	0
$1	1493	644	2	0	1230	1.00	450	21.06.29	12:48	2	30	450	450	00	5909994310766	0	0	0	0	0	0	0	0
$1	1493	644	3	0	1181	1.00	390	21.06.29	12:48	2	30	390	390	00	5909994310964	0	0	0	0	0	0	0	0
$1	1493	644	4	0	1097	1.00	400	21.06.29	12:48	2	30	400	400	00	5909994310568	0	0	0	0	0	0	0	0
$1	1493	644	5	0	1193	1.00	450	21.06.29	12:48	2	30	450	450	00	5909990195725	0	0	0	0	0	0	0	0
$1	1493	644	6	0	1233	1.00	650	21.06.29	12:48	2	30	650	650	00	5909990628223	0	0	0	0	0	0	0	0
$1	1493	644	7	0	1226	1.00	450	21.06.29	12:48	2	30	450	450	00	5909990219025	0	0	0	0	0	0	0	0
$1	1493	644	8	0	1168	1.00	390	21.06.29	12:48	2	30	390	390	00	5909994310261	0	0	0	0	0	0	0	0
$1	1493	645	1	0	0145	4.000	1760	21.06.29	13:02	1	30	1760	1760	00	0000000000000	0	0	0	0	0	0	0	0
$1	1493	646	1	0	0342	1.00	1890	21.06.29	13:10	1	30	1890	1890	00	5900168900028	0	0	0	0	0	0	0	0
$1	1493	647	1	0	2053	1.00	2550	21.06.29	13:13	1	30	2550	2550	00	0000011020530	0	0	0	0	0	0	0	0
$1	1493	648	1	0	0727	1.00	8250	21.06.29	13:16	1	30	8250	8250	00	0000003007273	0	0	0	0	0	0	0	0
$1	1493	649	1	0	2350	1.00	650	21.06.29	13:31	1	30	650	650	00	0000015023506	0	0	0	0	0	0	0	0
$1	1493	649	2	0	2350	1.00	650	21.06.29	13:31	1	30	650	650	00	0000015023506	0	0	0	0	0	0	0	0
$1	1493	650	1	0	2389	1.00	2590	21.06.29	13:44	1	30	2590	2590	00	0000016023895	0	0	0	0	0	0	0	0
$1	1493	651	1	0	2350	2.00	1300	21.06.29	13:44	1	30	1300	1300	00	0000015023506	0	0	0	0	0	0	0	0
$1	1493	652	1	0	2053	1.00	2550	21.06.29	13:48	1	30	2550	2550	00	0000011020530	0	0	0	0	0	0	0	0
$1	1493	653	1	0	3729	1.00	8	21.06.29	13:57	1	30	750	750	00	8691190419073	0	1	0	0	0	0	0	0
$1	1493	653	2	0	2053	1.00	26	21.06.29	13:57	1	30	2550	2550	00	0000011020530	0	1	0	0	0	0	0	0
$1	1493	653	3	0	0026	1.000	17	21.06.29	13:57	1	30	1650	1650	00	0000000000000	0	1	0	0	0	0	0	0
$1	1493	653	4	0	2333	1.00	13	21.06.29	13:57	2	30	1250	1250	00	0000020023331	0	1	0	0	0	0	0	0
$1	1493	654	1	0	2024	1.00	25	21.06.29	14:00	1	30	25	2490	00	0000010020241	0	0	0	0	0	0	0	1
$1	1493	655	1	0	1180	2.00	900	21.06.29	14:08	2	30	900	900	00	5909994312166	0	0	0	0	0	0	0	0
$1	1493	656	1	0	3095	1.00	590	21.06.29	14:14	2	30	590	590	00	0000020030957	0	0	0	0	0	0	0	0
$1	1493	656	2	0	1191	1.00	450	21.06.29	14:14	2	30	450	450	00	5909990628490	0	0	0	0	0	0	0	0
$1	1493	656	3	0	1249	1.00	750	21.06.29	14:14	2	30	750	750	00	5909994310667	0	0	0	0	0	0	0	0
$1	1493	656	4	0	1230	1.00	450	21.06.29	14:14	2	30	450	450	00	5909994310766	0	0	0	0	0	0	0	0
$1	1493	657	1	0	2048	1.00	2190	21.06.29	14:40	2	30	2190	2190	00	0000006020484	0	0	0	0	0	0	0	0
$1	1493	658	1	0	0026	1.000	590	21.06.29	14:41	1	30	590	590	00	0000000000000	0	0	0	0	0	0	0	0
$1	1493	659	1	0	2745	1.00	3450	21.06.29	15:11	1	30	3450	3450	00	0000035027454	0	0	0	0	0	0	0	0
$1	1493	659	2	0	2298	1.00	4850	21.06.29	15:11	1	30	4850	4850	00	0000014022982	0	0	0	0	0	0	0	0
$1	1493	660	1	0	2350	2.00	1300	21.06.29	15:12	1	30	1300	1300	00	0000015023506	0	0	0	0	0	0	0	0
$1	1493	661	1	0	3901	3.00	2850	21.06.29	15:22	1	30	2850	2850	00	0000028039013	0	0	0	0	0	0	0	0
$1	1493	661	2	0	2827	1.00	10090	21.06.29	15:22	1	30	10090	10090	00	0000018028270	0	0	0	0	0	0	0	0
$1	1493	661	3	0	1975	1.00	2200	21.06.29	15:22	1	30	2200	2200	00	0000009019751	0	0	0	0	0	0	0	0
$1	1493	662	1	0	2024	2.00	3980	21.06.29	15:34	1	30	3980	4980	00	0000010020241	0	0	0	0	0	0	0	1
$1	1493	663	1	0	0462	1.00	2190	21.06.29	15:38	1	30	2190	2190	00	5907502687256	0	0	0	0	0	0	0	0
$1	1493	663	2	0	0473	1.00	2290	21.06.29	15:38	1	30	2290	2290	00	5907502687317	0	0	0	0	0	0	0	0
$1	1493	664	1	0	0203	1.000	1750	21.06.29	15:48	1	30	1750	1750	00	0000000000000	0	0	0	0	0	0	0	0
$1	1493	664	2	0	0628	1.00	690	21.06.29	15:48	1	30	690	690	00	5902249011326	0	0	0	0	0	0	0	0
$1	1493	665	1	0	0048	1.000	2890	21.06.29	15:55	1	30	2890	2890	00	0000000000000	0	0	0	0	0	0	0	0
$1	1493	665	2	0	0857	1.00	2500	21.06.29	15:55	1	30	2500	2500	00	5906395235353	0	0	0	0	0	0	0	0
$1	1493	665	3	0	0026	1.000	960	21.06.29	15:55	1	30	960	960	00	0000000000000	0	0	0	0	0	0	0	0
$1	1493	666	1	0	0225	1.000	400	21.06.29	16:39	1	30	400	400	00	0000000000000	0	0	0	0	0	0	0	0
$1	1493	666	2	0	2013	1.00	4950	21.06.29	16:39	1	30	4950	4950	00	0000009020139	0	0	0	0	0	0	0	0
$1	1493	666	3	0	0311	1.00	1850	21.06.29	16:39	1	30	1850	1850	00	5903111747039	0	0	0	0	0	0	0	0
$1	1493	667	1	0	0599	1.00	2350	21.06.29	16:45	1	30	2350	2350	00	5902249010961	0	0	0	0	0	0	0	0
$1	1493	667	2	0	2026	1.00	2650	21.06.29	16:45	1	30	2650	2650	00	0000010020265	0	0	0	0	0	0	0	0
$1	1494	669	1	0	0669	1.00	5990	21.06.30	10:10	1	30	5990	5990	00	5902249014860	0	0	0	0	0	0	0	0
$1	1494	669	2	0	1800	1.00	2650	21.06.30	10:10	1	30	2650	2650	00	0000008018007	0	0	0	0	0	0	0	0
$1	1494	669	3	0	0472	1.00	1290	21.06.30	10:10	1	30	1290	1290	00	5907502687300	0	0	0	0	0	0	0	0
$1	1494	669	4	0	0514	1.00	2590	21.06.30	10:10	1	30	2590	2590	00	5907502687744	0	0	0	0	0	0	0	0
$1	1494	670	1	0	1154	1.00	490	21.06.30	10:25	2	30	490	490	00	5909994312067	0	0	0	0	0	0	0	0
$1	1494	670	2	0	1562	1.00	2390	21.06.30	10:25	2	30	2390	2390	00	5907804205486	0	0	0	0	0	0	0	0
$1	1494	671	1	0	0486	1.00	1990	21.06.30	11:59	1	30	1990	1990	00	5902249010688	0	0	0	0	0	0	0	0
$1	1494	672	1	0	3901	2.00	1900	21.06.30	12:00	1	30	1900	1900	00	0000028039013	0	0	0	0	0	0	0	0
$1	1494	673	1	0	3901	1.00	950	21.06.30	12:02	1	30	950	950	00	0000028039013	0	0	0	0	0	0	0	0
$1	1494	674	1	0	1248	1.00	1050	21.06.30	12:35	2	30	1050	1050	00	5909990628254	0	0	0	0	0	0	0	0
$1	1494	674	2	0	1173	1.00	450	21.06.30	12:35	2	30	450	450	00	5909990468225	0	0	0	0	0	0	0	0
$1	1494	675	1	0	2408	1.00	2950	21.06.30	12:44	4	30	2950	2950	00	0000016024083	0	0	0	0	0	0	0	0
$1	1494	675	2	0	2399	1.00	2250	21.06.30	12:44	1	30	2250	2250	00	0000016023994	0	0	0	0	0	0	0	0
$1	1494	676	1	0	0480	1.00	3190	21.06.30	12:50	1	30	3190	3190	00	5902249010428	0	0	0	0	0	0	0	0
$1	1494	677	1	0	1596	1.00	590	21.06.30	12:59	1	30	590	590	00	5903175400987	0	0	0	0	0	0	0	0
$1	1494	678	1	0	1257	1.00	3150	21.06.30	13:24	1	30	3150	3150	00	0000024012577	0	0	0	0	0	0	0	0
$1	1494	678	2	0	1261	1.00	2690	21.06.30	13:24	1	30	2690	2690	00	0000024012614	0	0	0	0	0	0	0	0
$1	1494	678	3	0	0676	1.00	8990	21.06.30	13:24	1	30	8990	8990	00	0000024006767	0	0	0	0	0	0	0	0
$1	1494	678	4	0	2009	1.00	2950	21.06.30	13:24	1	30	2950	2950	00	0000009020092	0	0	0	0	0	0	0	0
$1	1494	678	5	0	0225	1.000	200	21.06.30	13:24	1	30	200	200	00	0000000000000	0	0	0	0	0	0	0	0
$1	1494	679	1	0	1731	1.00	80	21.06.30	13:40	1	30	8028	8450	00	0000008017314	0	1	0	0	0	0	0	1
$1	1494	680	1	0	1185	2.00	900	21.06.30	13:40	2	30	900	900	00	5909990628391	0	0	0	0	0	0	0	0
$1	1494	681	1	0	2433	1.00	2590	21.06.30	15:00	1	30	2590	2590	00	0000016024335	0	0	0	0	0	0	0	0
$1	1494	682	1	0	1537	1.00	1690	21.06.30	15:04	3	30	1690	1690	00	5907804205035	0	0	0	0	0	0	0	0
$1	1494	682	2	0	2288	1.00	1850	21.06.30	15:04	1	30	1850	1850	00	0000014022883	0	0	0	0	0	0	0	0
$1	1494	683	1	0	0491	1.00	3050	21.06.30	15:09	1	30	3050	3050	00	5902249011456	0	0	0	0	0	0	0	0
$1	1494	683	2	0	2350	2.00	1300	21.06.30	15:09	1	30	1300	1300	00	0000015023506	0	0	0	0	0	0	0	0
$1	1494	683	3	0	3150	1.00	3290	21.06.30	15:09	1	30	3290	3290	00	0000028031505	0	0	0	0	0	0	0	0
$1	1494	683	4	0	3203	1.00	290	21.06.30	15:09	1	30	290	290	00	0000021032035	0	0	0	0	0	0	0	0
$1	1494	683	5	0	3202	1.00	290	21.06.30	15:09	1	30	290	290	00	0000021032028	0	0	0	0	0	0	0	0
$1	1494	684	1	0	3972	1.00	2750	21.06.30	15:20	1	30	2750	2750	00	0000031039727	0	0	0	0	0	0	0	0
$1	1494	684	2	0	3708	1.00	2950	21.06.30	15:20	1	30	2950	2950	00	0000025037081	0	0	0	0	0	0	0	0
$1	1494	685	1	0	1296	1.00	3850	21.06.30	15:41	3	30	3850	3850	00	0000006012960	0	0	0	0	0	0	0	0
$12	1494	1	1	0	2024	1.00	1900	21.06.30	16:47	1	30	1900	2490	00	0000010020241	0	0	0	0	0	0	0	1
$1	1494	687	1	0	2024	2.00	3980	21.06.30	16:49	1	30	4980	4980	00	0000010020241	0	1	0	0	0	0	0	0
$1	1495	689	1	0	0333	1.00	1850	21.07.01	10:13	1	30	1850	1850	00	5900168907263	0	0	0	0	0	0	0	0
$1	1495	689	2	0	2342	1.00	1990	21.07.01	10:13	1	30	1990	1990	00	5903760200558	0	0	0	0	0	0	0	0
$1	1495	689	3	0	2235	1.00	1390	21.07.01	10:13	1	30	1390	1390	00	5901887050520	0	0	0	0	0	0	0	0
$1	1495	689	4	0	1715	1.00	2290	21.07.01	10:13	1	30	2290	2290	00	5907688710649	0	0	0	0	0	0	0	0
$1	1495	690	1	0	0774	1.00	3700	21.07.01	10:25	1	30	3700	3700	00	0000003007747	0	0	0	0	0	0	0	0
$1	1495	690	2	0	0727	1.00	8250	21.07.01	10:25	1	30	8250	8250	00	0000003007273	0	0	0	0	0	0	0	0
$1	1495	691	1	0	1596	2.00	1180	21.07.01	10:44	1	30	1180	1180	00	5903175400987	0	0	0	0	0	0	0	0
$1	1495	691	2	0	2024	1.00	2490	21.07.01	10:44	1	30	2490	2490	00	0000010020241	0	0	0	0	0	0	0	0
$1	1495	691	3	0	0041	1.000	3590	21.07.01	10:44	1	30	3590	3590	00	0000000000000	0	0	0	0	0	0	0	0
$1	1495	692	1	0	2350	6.00	3900	21.07.01	11:13	1	30	3900	3900	00	0000015023506	0	0	0	0	0	0	0	0
$1	1495	692	2	0	0976	1.00	1590	21.07.01	11:13	2	30	1590	1590	00	0000005009763	0	0	0	0	0	0	0	0
$1	1495	692	3	0	0494	1.00	3450	21.07.01	11:13	1	30	3450	3450	00	5907502687409	0	0	0	0	0	0	0	0
$1	1495	692	4	0	4026	1.00	2690	21.07.01	11:13	1	30	2690	2690	00	0000031040266	0	0	0	0	0	0	0	0
$1	1495	692	5	0	0471	1.00	3050	21.07.01	11:13	1	30	3050	3050	00	5907502687270	0	0	0	0	0	0	0	0
$1	1495	692	6	0	0209	1.000	3990	21.07.01	11:13	1	30	3990	3990	00	0000000000000	0	0	0	0	0	0	0	0
$1	1495	692	7	0	2350	1.00	650	21.07.01	11:13	1	30	650	650	00	0000015023506	0	0	0	0	0	0	0	0
$1	1495	692	8	0	2350	1.00	650	21.07.01	11:13	1	30	650	650	00	0000015023506	0	0	0	0	0	0	0	0
$1	1495	692	9	0	0020	1.000	3490	21.07.01	11:13	1	30	3490	3490	00	0000000000000	0	0	0	0	0	0	0	0
$1	1495	692	10	0	0020	1.000	2990	21.07.01	11:13	1	30	2990	2990	00	0000000000000	0	0	0	0	0	0	0	0
$1	1495	692	11	0	0473	1.00	2290	21.07.01	11:13	1	30	2290	2290	00	5907502687317	0	0	0	0	0	0	0	0
$1	1495	693	1	0	2350	1.00	650	21.07.01	11:24	1	30	650	650	00	0000015023506	0	0	0	0	0	0	0	0
$1	1495	693	2	0	1211	1.00	390	21.07.01	11:24	2	30	390	390	00	5909994309920	0	0	0	0	0	0	0	0
$1	1495	693	3	0	1014	1.00	390	21.07.01	11:24	2	30	390	390	00	5906365702526	0	0	0	0	0	0	0	0
$1	1495	694	1	0	3150	1.00	3290	21.07.01	12:23	1	30	3290	3290	00	0000028031505	0	0	0	0	0	0	0	0
$1	1495	694	2	0	3901	2.00	1900	21.07.01	12:23	1	30	1900	1900	00	0000028039013	0	0	0	0	0	0	0	0
$1	1495	694	3	0	3940	1.00	1790	21.07.01	12:23	1	30	1790	1790	00	0000031039406	0	0	0	0	0	0	0	0
$1	1495	694	4	0	3779	1.00	1390	21.07.01	12:23	1	30	1390	1390	00	0000025037791	0	0	0	0	0	0	0	0
$1	1495	695	1	0	1010	1.00	350	21.07.01	13:13	2	30	350	350	00	5906365702908	0	0	0	0	0	0	0	0
$1	1495	696	1	0	2350	2.00	1300	21.07.01	13:40	1	30	1300	1300	00	0000015023506	0	0	0	0	0	0	0	0
$1	1495	697	1	0	1877	1.00	2690	21.07.01	14:48	1	30	2690	2690	00	0000008018779	0	0	0	0	0	0	0	0
$1	1495	697	2	0	2166	1.00	590	21.07.01	14:48	1	30	590	590	00	0000013021665	0	0	0	0	0	0	0	0
$1	1495	697	3	0	2053	1.00	2550	21.07.01	14:48	1	30	2550	2550	00	0000011020530	0	0	0	0	0	0	0	0
$1	1495	697	4	0	2050	1.00	2550	21.07.01	14:48	1	30	2550	2550	00	0000011020509	0	0	0	0	0	0	0	0
$1	1495	697	5	0	0026	1.000	490	21.07.01	14:48	1	30	490	490	00	0000000000000	0	0	0	0	0	0	0	0
$1	1495	698	1	0	0209	1.000	3190	21.07.01	14:49	1	30	3190	3190	00	0000000000000	0	0	0	0	0	0	0	0
$1	1495	698	2	0	0063	1.000	660	21.07.01	14:49	1	30	660	660	00	0000000000000	0	0	0	0	0	0	0	0
$1	1495	698	3	0	3864	1.00	350	21.07.01	14:49	1	30	350	350	00	0000026038643	0	0	0	0	0	0	0	0
$1	1495	699	1	0	0821	1.00	7950	21.07.01	14:51	1	30	7950	7950	00	0000024008211	0	0	0	0	0	0	0	0
$1	1495	699	2	0	1879	1.00	1490	21.07.01	14:51	1	30	1490	1490	00	0000008018793	0	0	0	0	0	0	0	0
$1	1495	700	1	0	1257	1.00	3150	21.07.01	15:13	1	30	3150	3150	00	0000024012577	0	0	0	0	0	0	0	0
$1	1495	700	2	0	1257	1.00	3150	21.07.01	15:13	1	30	3150	3150	00	0000024012577	0	0	0	0	0	0	0	0
$1	1495	700	3	0	1261	1.00	2690	21.07.01	15:13	1	30	2690	2690	00	0000024012614	0	0	0	0	0	0	0	0
$1	1495	700	4	0	1261	1.00	2690	21.07.01	15:13	1	30	2690	2690	00	0000024012614	0	0	0	0	0	0	0	0
$1	1495	700	5	0	0225	1.000	200	21.07.01	15:13	1	30	200	200	00	0000000000000	0	0	0	0	0	0	0	0
$1	1495	701	1	0	0048	2.000	7180	21.07.01	15:43	1	30	7180	7180	00	0000000000000	0	0	0	0	0	0	0	0
$1	1495	702	1	0	2551	1.00	2100	21.07.01	16:00	2	30	2100	2100	00	0000017025515	0	0	0	0	0	0	0	0
$1	1495	703	1	0	0829	1.00	3450	21.07.01	16:15	1	30	3450	3450	00	0000024008297	0	0	0	0	0	0	0	0
$1	1495	704	1	0	2024	2.00	3980	21.07.01	16:18	1	30	3980	4980	00	0000010020241	0	0	0	0	0	0	0	1
$1	1495	704	2	0	2668	1.00	1790	21.07.01	16:18	2	30	1790	1790	00	0000017026680	0	0	0	0	0	0	0	0
$1	1495	705	1	0	3868	1.00	750	21.07.01	16:35	1	30	750	750	00	0000026038681	0	0	0	0	0	0	0	0
$1	1495	705	2	0	0012	1.000	1210	21.07.01	16:35	1	30	1210	1210	00	0000000000000	0	0	0	0	0	0	0	0
$12	1496	1	1	0	3158	1.00	3450	21.07.01	20:14	1	30	3450	3450	00	0000002031583	0	0	0	0	0	0	0	0
$1	1496	709	1	0	0963	1.00	2190	21.07.02	09:55	2	30	2190	2190	00	0000005009633	0	0	0	0	0	0	0	0
$1	1496	710	1	0	0775	1.00	5900	21.07.02	10:37	1	30	5900	5900	00	0000003007754	0	0	0	0	0	0	0	0
$1	1496	710	2	0	0450	1.00	3750	21.07.02	10:37	1	30	3750	3750	00	5907502687157	0	0	0	0	0	0	0	0
$1	1496	710	3	0	0733	1.00	15550	21.07.02	10:37	1	30	15550	15550	00	0000003007334	0	0	0	0	0	0	0	0
$1	1496	710	4	0	0787	1.00	3950	21.07.02	10:37	1	30	3950	3950	00	0000003007877	0	0	0	0	0	0	0	0
$1	1496	711	1	0	3985	1.00	1250	21.07.02	10:40	1	30	1250	1250	00	0000031039857	0	0	0	0	0	0	0	0
$1	1496	712	1	0	1185	1.00	450	21.07.02	10:46	2	30	450	450	00	5909990628391	0	0	0	0	0	0	0	0
$1	1496	713	1	0	1821	1.00	1607	21.07.02	10:52	1	30	1607	1890	00	5701278288149	0	0	0	0	0	0	0	1
$1	1496	714	1	0	0031	1.000	9600	21.07.02	11:00	1	30	9600	9600	00	0000000000000	0	0	0	0	0	0	0	0
$1	1496	714	2	0	2053	1.00	2550	21.07.02	11:00	1	30	2550	2550	00	0000011020530	0	0	0	0	0	0	0	0
$1	1496	715	1	0	2668	1.00	1790	21.07.02	11:08	2	30	1790	1790	00	0000017026680	0	0	0	0	0	0	0	0
$1	1496	715	2	0	0182	1.000	670	21.07.02	11:08	2	30	670	670	00	0000000000000	0	0	0	0	0	0	0	0
$1	1496	716	1	0	0470	1.00	3450	21.07.02	11:30	1	30	3450	3450	00	5907502687263	0	0	0	0	0	0	0	0
$1	1496	717	1	0	2814	1.00	6990	21.07.02	11:33	1	30	6990	6990	00	0000018028140	0	0	0	0	0	0	0	0
$1	1496	718	1	0	3722	1.00	790	21.07.02	12:04	1	30	790	790	00	0000025037227	0	0	0	0	0	0	0	0
$1	1496	718	2	0	0369	1.00	1390	21.07.02	12:04	1	30	1390	1390	00	5906874565070	0	0	0	0	0	0	0	0
$1	1496	718	3	0	2024	1.00	2490	21.07.02	12:04	1	30	2490	2490	00	0000010020241	0	0	0	0	0	0	0	0
$1	1496	718	4	0	3939	1.00	1490	21.07.02	12:04	1	30	1490	1490	00	0000031039390	0	0	0	0	0	0	0	0
$1	1496	719	1	0	2814	1.00	6990	21.07.02	12:33	1	30	6990	6990	00	0000018028140	0	0	0	0	0	0	0	0
$1	1496	720	1	0	0026	1.000	550	21.07.02	12:33	1	30	550	550	00	0000000000000	0	0	0	0	0	0	0	0
$1	1496	721	1	0	2050	1.00	2550	21.07.02	12:41	1	30	2550	2550	00	0000011020509	0	0	0	0	0	0	0	0
$1	1496	721	2	0	2053	2.00	5100	21.07.02	12:41	1	30	5100	5100	00	0000011020530	0	0	0	0	0	0	0	0
$1	1496	721	3	0	0031	1.000	1990	21.07.02	12:41	1	30	1990	1990	00	0000000000000	0	0	0	0	0	0	0	0
$1	1496	722	1	0	2675	1.00	1090	21.07.02	12:44	1	30	1090	1090	00	5904960017281	0	0	0	0	0	0	0	0
$1	1496	723	1	0	3985	1.00	1250	21.07.02	14:08	1	30	1250	1250	00	0000031039857	0	0	0	0	0	0	0	0
$1	1496	724	1	0	3905	1.00	2890	21.07.02	14:14	1	30	2890	2890	00	0000028039051	0	0	0	0	0	0	0	0
$1	1496	724	2	0	3904	1.00	3450	21.07.02	14:14	1	30	3450	3450	00	5038581101910	0	0	0	0	0	0	0	0
$1	1496	724	3	0	2752	1.00	3250	21.07.02	14:14	1	30	3250	3250	00	0000035027522	0	0	0	0	0	0	0	0
$1	1496	724	4	0	0026	1.000	2790	21.07.02	14:14	1	30	2790	2790	00	0000000000000	0	0	0	0	0	0	0	0
$1	1496	725	1	0	1039	1.00	550	21.07.02	15:21	2	30	550	550	00	5906365702823	0	0	0	0	0	0	0	0
$1	1496	725	2	0	1356	1.00	3550	21.07.02	15:21	3	30	3550	3550	00	0000006013561	0	0	0	0	0	0	0	0
$1	1496	725	3	0	1049	1.00	1350	21.07.02	15:21	3	30	1350	1350	00	0000005010493	0	0	0	0	0	0	0	0
$1	1496	725	4	0	2721	1.00	2890	21.07.02	15:21	3	30	2890	2890	00	0000017027212	0	0	0	0	0	0	0	0
$1	1496	725	5	0	1088	1.00	650	21.07.02	15:21	3	30	650	650	00	0000005010882	0	0	0	0	0	0	0	0
$1	1496	725	6	0	1028	1.00	750	21.07.02	15:21	2	30	750	750	00	5905279799363	0	0	0	0	0	0	0	0
$1	1496	725	7	0	0983	1.00	790	21.07.02	15:21	3	30	790	790	00	0000005009831	0	0	0	0	0	0	0	0
$1	1496	725	8	0	2665	1.00	1090	21.07.02	15:21	3	30	1090	1090	00	0000017026659	0	0	0	0	0	0	0	0
$1	1496	725	9	0	4061	1.00	3750	21.07.02	15:21	1	30	3750	3750	00	0000027040614	0	0	0	0	0	0	0	0
$1	1496	726	1	0	0586	1.00	690	21.07.02	15:30	1	30	690	690	00	5902249010527	0	0	0	0	0	0	0	0
$1	1496	726	2	0	0026	3.000	1770	21.07.02	15:30	1	30	1770	1770	00	0000000000000	0	0	0	0	0	0	0	0
$1	1496	727	1	0	3939	1.00	1490	21.07.02	15:45	1	30	1490	1490	00	0000031039390	0	0	0	0	0	0	0	0
$1	1496	727	2	0	0341	1.00	1790	21.07.02	15:45	1	30	1790	1790	00	5900168900011	0	0	0	0	0	0	0	0
$1	1496	727	3	0	0361	1.00	1150	21.07.02	15:45	1	30	1150	1150	00	5905279370128	0	0	0	0	0	0	0	0
$1	1496	727	4	0	0359	1.00	990	21.07.02	15:45	1	30	990	990	00	5905279370104	0	0	0	0	0	0	0	0
$1	1496	728	1	0	4060	1.00	6450	21.07.02	15:47	2	30	6450	6450	00	0000027040607	0	0	0	0	0	0	0	0
$1	1496	729	1	0	2024	1.00	2490	21.07.02	16:00	1	30	2490	2490	00	0000010020241	0	0	0	0	0	0	0	0
$1	1496	729	2	0	2024	1.00	1490	21.07.02	16:00	1	30	1490	2490	00	0000010020241	0	0	0	0	0	0	0	1
$1	1496	729	3	0	2433	1.00	2590	21.07.02	16:00	1	30	2590	2590	00	0000016024335	0	0	0	0	0	0	0	0
$1	1496	730	1	0	3157	1.00	2990	21.07.02	16:04	1	30	2990	2990	00	5902249015782	0	0	0	0	0	0	0	0
$1	1496	731	1	0	2549	1.00	1250	21.07.02	16:13	2	30	1250	1250	00	5904960010039	0	0	0	0	0	0	0	0
$1	1496	732	1	0	0031	1.000	17600	21.07.02	16:58	1	30	17600	17600	00	0000000000000	0	0	0	0	0	0	0	0
$1	1496	733	1	0	2173	1.00	850	21.07.02	17:00	1	30	850	850	00	0000013021733	0	0	0	0	0	0	0	0
$1	1497	736	1	0	0563	1.00	2890	21.07.13	09:48	1	30	2890	2890	00	5902249010947	0	0	0	0	0	0	0	0
$1	1497	736	2	0	2946	1.00	6450	21.07.13	09:48	1	30	6450	6450	00	0000024029469	0	0	0	0	0	0	0	0
$1	1497	737	1	0	0377	1.00	490	21.07.13	09:50	1	30	490	490	00	5900168902091	0	0	0	0	0	0	0	0
$1	1497	738	1	0	2924	1.00	5990	21.07.13	10:00	1	30	5990	5990	00	0000018029246	0	0	0	0	0	0	0	0
$1	1497	739	1	0	2024	1.00	1990	21.07.13	10:03	1	30	1990	2490	00	0000010020241	0	0	0	0	0	0	0	1
$1	1497	739	2	0	2035	1.00	1990	21.07.13	10:03	1	30	1990	2000	00	0000010020357	0	0	0	0	0	0	0	1
$1	1497	740	1	0	2322	1.00	950	21.07.13	10:56	1	30	950	950	00	0000014023224	0	0	0	0	0	0	0	0
$1	1497	740	2	0	2433	1.00	2590	21.07.13	10:56	1	30	2590	2590	00	0000016024335	0	0	0	0	0	0	0	0
$1	1497	740	3	0	0341	1.00	1790	21.07.13	10:56	1	30	1790	1790	00	5900168900011	0	0	0	0	0	0	0	0
$1	1497	740	4	0	2361	1.00	2450	21.07.13	10:56	1	30	2450	2450	00	0000016023611	0	0	0	0	0	0	0	0
$1	1497	740	5	0	2371	1.00	2150	21.07.13	10:56	1	30	2150	2150	00	0000016023710	0	0	0	0	0	0	0	0
$1	1497	741	1	0	2322	1.00	950	21.07.13	10:58	1	30	950	950	00	0000014023224	0	0	0	0	0	0	0	0
$1	1497	741	2	0	2307	1.00	3590	21.07.13	10:58	1	30	3590	3590	00	0000014023071	0	0	0	0	0	0	0	0
$1	1497	742	1	0	1713	1.00	3190	21.07.13	11:07	1	30	3190	3190	00	5907688710588	0	0	0	0	0	0	0	0
$1	1497	743	1	0	0962	2.00	2100	21.07.13	11:11	2	30	2100	2100	00	5907752643644	0	0	0	0	0	0	0	0
$1	1497	744	1	0	1461	1.00	2850	21.07.13	11:13	1	30	2850	2850	00	5907688710571	0	0	0	0	0	0	0	0
$1	1497	745	1	0	0002	1.000	2150	21.07.13	11:27	1	30	2150	2150	00	0000000000000	0	0	0	0	0	0	0	0
$1	1497	746	1	0	1055	1.00	790	21.07.13	11:31	3	30	790	790	00	0000005010554	0	0	0	0	0	0	0	0
$1	1497	746	2	0	1112	1.00	490	21.07.13	11:31	2	30	490	490	00	5906365702267	0	0	0	0	0	0	0	0
$1	1497	746	3	0	1107	1.00	400	21.07.13	11:31	2	30	400	400	00	5909994311466	0	0	0	0	0	0	0	0
$1	1497	746	4	0	1107	1.00	400	21.07.13	11:31	2	30	400	400	00	5909994311466	0	0	0	0	0	0	0	0
$1	1497	746	5	0	2596	1.00	1090	21.07.13	11:31	1	30	1090	1090	00	0000017025966	0	0	0	0	0	0	0	0
$1	1497	747	1	0	3068	1.00	12	21.07.13	11:32	1	30	12	1150	00	0000020030681	0	0	0	0	0	0	0	1
$1	1497	748	1	0	3790	1.00	2850	21.07.13	12:17	1	30	2850	2850	00	0000025037906	0	0	0	0	0	0	0	0
$1	1497	749	1	0	2052	1.00	9800	21.07.13	12:36	1	30	9800	9800	00	0000011020523	0	0	0	0	0	0	0	0
$1	1497	749	2	0	2281	1.00	1950	21.07.13	12:36	1	30	1950	1950	00	0000014022814	0	0	0	0	0	0	0	0
$1	1497	749	3	0	2612	1.00	1450	21.07.13	12:36	2	30	1450	1450	00	5904960013146	0	0	0	0	0	0	0	0
$1	1497	749	4	0	0026	1.000	590	21.07.13	12:36	1	30	590	590	00	0000000000000	0	0	0	0	0	0	0	0
$1	1497	750	1	0	2350	1.00	650	21.07.13	12:38	1	30	650	650	00	0000015023506	0	0	0	0	0	0	0	0
$1	1497	750	2	0	0672	1.00	990	21.07.13	12:38	1	30	990	990	00	0000002006727	0	0	0	0	0	0	0	0
$1	1497	750	3	0	0012	1.000	1390	21.07.13	12:38	1	30	1390	1390	00	0000000000000	0	0	0	0	0	0	0	0
$1	1497	751	1	0	1799	1.00	2590	21.07.13	14:16	1	30	2590	2590	00	0000008017994	0	0	0	0	0	0	0	0
$1	1497	751	2	0	0972	1.00	390	21.07.13	14:16	3	30	390	390	00	0000005009725	0	0	0	0	0	0	0	0
$1	1497	752	1	0	0972	1.00	390	21.07.13	14:16	3	30	390	390	00	0000005009725	0	0	0	0	0	0	0	0
$1	1497	753	1	0	0413	1.00	5990	21.07.13	14:41	1	30	5990	5990	00	0000001004137	0	0	0	0	0	0	0	0
$1	1497	754	1	0	1910	1.00	1650	21.07.13	15:03	1	30	1650	1650	00	0000009019102	0	0	0	0	0	0	0	0
$1	1497	754	2	0	1914	1.00	1650	21.07.13	15:03	1	30	1650	1650	00	0000009019140	0	0	0	0	0	0	0	0
$1	1497	755	1	0	2053	2.00	5100	21.07.13	15:08	1	30	5100	5100	00	0000011020530	0	0	0	0	0	0	0	0
$1	1497	756	1	0	1753	1.00	4497	21.07.13	15:12	1	30	4497	5290	00	0000008017536	0	0	0	0	0	0	0	1
$1	1497	756	2	0	2814	1.00	6990	21.07.13	15:12	1	30	6990	6990	00	0000018028140	0	0	0	0	0	0	0	0
$1	1497	756	3	0	3152	1.00	2490	21.07.13	15:12	1	30	2490	2490	00	0000002031521	0	0	0	0	0	0	0	0
$1	1497	756	4	0	3155	1.00	2090	21.07.13	15:12	1	30	2090	2090	00	0000002031552	0	0	0	0	0	0	0	0
$1	1497	756	5	0	2449	1.00	2400	21.07.13	15:12	1	30	2400	2400	00	5902249015225	0	0	0	0	0	0	0	0
$1	1497	757	1	0	3394	1.00	2750	21.07.13	15:23	1	30	2750	2750	00	0000023033948	0	0	0	0	0	0	0	0
$1	1497	757	2	0	2009	1.00	2950	21.07.13	15:23	1	30	2950	2950	00	0000009020092	0	0	0	0	0	0	0	0
$10	1497	757	1	0	2066	1.00	4650	21.07.13	15:23	1	30	4650	4650	00	0000012020669	0	0	0	0	0	0	0	0
$1	1497	758	1	0	2066	1.00	4650	21.07.13	15:23	1	30	4650	4650	00	0000012020669	0	0	0	0	0	0	0	0
$1	1497	759	1	0	1055	1.00	790	21.07.13	15:44	3	30	790	790	00	0000005010554	0	0	0	0	0	0	0	0
$1	1497	759	2	0	1124	1.00	590	21.07.13	15:44	2	30	590	590	00	0000005011247	0	0	0	0	0	0	0	0
$1	1497	760	1	0	1349	1.00	590	21.07.13	15:47	3	30	590	590	00	0000006013493	0	0	0	0	0	0	0	0
$1	1497	760	2	0	1349	1.00	590	21.07.13	15:47	3	30	590	590	00	0000006013493	0	0	0	0	0	0	0	0
$1	1497	761	1	0	3200	1.00	4691	21.07.13	15:57	1	30	4691	4990	00	0000021032004	0	0	0	0	0	0	0	1
$1	1497	762	1	0	1519	1.00	4950	21.07.13	16:22	3	30	4950	4950	00	5907804205318	0	0	0	0	0	0	0	0
$1	1497	762	2	0	2371	1.00	2150	21.07.13	16:22	1	30	2150	2150	00	0000016023710	0	0	0	0	0	0	0	0
$1	1497	762	3	0	0592	1.00	2090	21.07.13	16:22	1	30	2090	2090	00	5902249010886	0	0	0	0	0	0	0	0
$1	1497	762	4	0	0371	1.00	1450	21.07.13	16:22	1	30	1450	1450	00	5906874565292	0	0	0	0	0	0	0	0
$1	1497	762	5	0	0372	1.00	1450	21.07.13	16:22	1	30	1450	1450	00	5906874565278	0	0	0	0	0	0	0	0
$1	1497	763	1	0	1716	1.00	3550	21.07.13	16:42	1	30	3550	3550	00	5907688710267	0	0	0	0	0	0	0	0
$1	1497	763	2	0	1436	1.00	2850	21.07.13	16:42	1	30	2850	2850	00	0000034014363	0	0	0	0	0	0	0	0
$1	1497	763	3	0	0643	1.00	3090	21.07.13	16:42	1	30	3090	3090	00	5902249012040	0	0	0	0	0	0	0	0
$1	1497	764	1	0	2350	1.00	650	21.07.13	16:44	1	30	650	650	00	0000015023506	0	0	0	0	0	0	0	0
$1	1497	764	2	0	0026	1.000	2790	21.07.13	16:44	1	30	2790	2790	00	0000000000000	0	0	0	0	0	0	0	0
$1	1497	765	1	0	3043	1.00	650	21.07.13	17:16	2	30	650	650	00	0000020030438	0	0	0	0	0	0	0	0
$1	1498	769	1	0	3765	1.00	990	21.07.14	09:44	1	30	990	990	00	0000025037654	0	0	0	0	0	0	0	0
$1	1498	769	2	0	2116	1.00	2650	21.07.14	09:44	1	30	2650	2650	00	0000031021166	0	0	0	0	0	0	0	0
$1	1498	770	1	0	2543	1.00	990	21.07.14	09:53	2	30	990	990	00	0000017025430	0	0	0	0	0	0	0	0
$1	1498	771	1	0	0082	3.000	2070	21.07.14	10:23	1	30	2070	2070	00	0000000000000	0	0	0	0	0	0	0	0
$1	1498	772	1	0	1017	1.00	450	21.07.14	10:57	2	30	450	450	00	5907752643361	0	0	0	0	0	0	0	0
$1	1498	772	2	0	1017	1.00	450	21.07.14	10:57	2	30	450	450	00	5907752643361	0	0	0	0	0	0	0	0
$1	1498	772	3	0	0489	1.00	3950	21.07.14	10:57	1	30	3950	3950	00	5902249010794	0	0	0	0	0	0	0	0
$1	1498	773	1	0	2433	1.00	2590	21.07.14	11:14	1	30	2590	2590	00	0000016024335	0	0	0	0	0	0	0	0
$1	1498	774	1	0	0605	1.00	3950	21.07.14	11:58	1	30	3950	3950	00	5902249011098	0	0	0	0	0	0	0	0
$1	1498	774	2	0	0603	1.00	3850	21.07.14	11:58	1	30	3850	3850	00	5902249011074	0	0	0	0	0	0	0	0
$1	1498	774	3	0	0606	1.00	3990	21.07.14	11:58	1	30	3990	3990	00	5902249011104	0	0	0	0	0	0	0	0
$1	1498	775	1	0	0975	1.00	700	21.07.14	12:09	2	30	700	700	00	0000005009756	0	0	0	0	0	0	0	0
$1	1498	775	2	0	0987	1.00	890	21.07.14	12:09	1	30	890	890	00	0000005009879	0	0	0	0	0	0	0	0
$1	1498	776	1	0	2350	1.00	650	21.07.14	12:22	1	30	650	650	00	0000015023506	0	0	0	0	0	0	0	0
$1	1498	777	1	0	1185	1.00	450	21.07.14	13:51	2	30	450	450	00	5909990628391	0	0	0	0	0	0	0	0
$1	1498	778	1	0	0595	1.00	2650	21.07.14	14:28	1	30	2650	2650	00	5902249011005	0	0	0	0	0	0	0	0
$12	1498	1	1	0	1007	2.70	1755	21.07.14	14:29	2	30	1755	1755	00	5907752643460	0	0	0	0	0	0	0	0
$1	1498	780	1	0	1007	1.00	270	21.07.14	14:29	2	30	270	270	00	5907752643460	0	0	0	0	0	0	0	0
$1	1498	781	1	0	2758	1.00	4315	21.07.14	15:00	1	30	4590	4590	00	0000024027588	0	1	0	0	0	0	0	0
$1	1498	781	2	0	3558	1.00	8695	21.07.14	15:00	1	30	9250	9250	00	0000024035583	0	1	0	0	0	0	0	0
$1	1498	781	3	0	2927	1.00	5123	21.07.14	15:00	1	30	5450	5450	00	0000024029278	0	1	0	0	0	0	0	0
$1	1498	781	4	0	3516	1.00	8695	21.07.14	15:00	1	30	9250	9250	00	0000024035163	0	1	0	0	0	0	0	0
$1	1498	781	5	0	3521	1.00	9259	21.07.14	15:00	1	30	9850	9850	00	0000024035217	0	1	0	0	0	0	0	0
$1	1498	781	6	0	3520	1.00	6157	21.07.14	15:00	1	30	6550	6550	00	0000024035200	0	1	0	0	0	0	0	0
$1	1498	781	7	0	0445	1.00	8977	21.07.14	15:00	1	30	9550	9550	00	0000024004459	0	1	0	0	0	0	0	0
$1	1498	781	8	0	1445	1.00	4465	21.07.14	15:00	1	30	4750	4750	00	0000034014455	0	1	0	0	0	0	0	0
$1	1498	781	9	0	1468	1.00	3657	21.07.14	15:00	1	30	3890	3890	00	0000034014684	0	1	0	0	0	0	0	0
$1	1498	781	10	0	0012	1.000	1542	21.07.14	15:00	1	30	1640	1640	00	0000000000000	0	1	0	0	0	0	0	0
$1	1498	781	11	0	0243	1.000	1119	21.07.14	15:00	1	30	1190	1190	00	0000000000000	0	1	0	0	0	0	0	0
$1	1498	781	12	0	3140	1.00	893	21.07.14	15:00	2	30	950	950	00	0000020031404	0	1	0	0	0	0	0	0
$1	1498	781	13	0	1460	1.00	1833	21.07.14	15:00	1	30	1950	1950	00	5907688710007	0	1	0	0	0	0	0	0
$1	1498	781	14	0	1466	1.00	1683	21.07.14	15:00	1	30	1790	1790	00	0000034014660	0	1	0	0	0	0	0	0
$1	1498	781	15	0	0041	2.000	6749	21.07.14	15:00	1	30	7180	7180	00	0000000000000	0	1	0	0	0	0	0	0
$1	1498	781	16	0	0638	1.00	3713	21.07.14	15:00	1	30	3950	3950	00	5902249011432	0	1	0	0	0	0	0	0
$1	1498	781	17	0	0672	1.00	931	21.07.14	15:00	1	30	990	990	00	0000002006727	0	1	0	0	0	0	0	0
$1	1498	781	18	0	2342	1.00	1871	21.07.14	15:00	1	30	1990	1990	00	5903760200558	0	1	0	0	0	0	0	0
$1	1498	781	19	0	2344	1.00	1871	21.07.14	15:00	1	30	1990	1990	00	5900168907690	0	1	0	0	0	0	0	0
$1	1498	781	20	0	2343	1.00	1871	21.07.14	15:00	1	30	1990	1990	00	5900168907706	0	1	0	0	0	0	0	0
$1	1498	781	21	0	2343	1.00	1871	21.07.14	15:00	1	30	1990	1990	00	5900168907706	0	1	0	0	0	0	0	0
$1	1498	781	22	0	1459	1.00	3337	21.07.14	15:00	1	30	3550	3550	00	0000034014592	0	1	0	0	0	0	0	0
$1	1498	781	23	0	0772	1.00	6289	21.07.14	15:00	1	30	6690	6690	00	0000003007723	0	1	0	0	0	0	0	0
$1	1498	781	24	0	2345	1.00	1871	21.07.14	15:00	1	30	1990	1990	00	5900168907683	0	1	0	0	0	0	0	0
$1	1498	781	25	0	2322	1.00	893	21.07.14	15:00	1	30	950	950	00	0000014023224	0	1	0	0	0	0	0	0
$1	1498	781	26	0	2307	1.00	3375	21.07.14	15:00	1	30	3590	3590	00	0000014023071	0	1	0	0	0	0	0	0
$1	1498	782	1	0	0672	1.00	990	21.07.14	15:00	1	30	990	990	00	0000002006727	0	0	0	0	0	0	0	0
$1	1498	783	1	0	2350	1.00	650	21.07.14	15:57	1	30	650	650	00	0000015023506	0	0	0	0	0	0	0	0
$1	1498	784	1	0	0226	1.000	2190	21.07.14	16:28	1	30	2190	2190	00	0000000000000	0	0	0	0	0	0	0	0
$1	1498	784	2	0	1965	1.00	1950	21.07.14	16:28	1	30	1950	1950	00	0000009019652	0	0	0	0	0	0	0	0
$1	1498	785	1	0	3847	1.00	3550	21.07.14	16:30	1	30	3550	3550	00	8806334370435	0	0	0	0	0	0	0	0
$1	1498	786	1	0	1821	1.00	1890	21.07.14	16:32	1	30	1890	1890	00	5701278288149	0	0	0	0	0	0	0	0
$1	1498	787	1	0	2053	1.00	2550	21.07.14	16:46	1	30	2550	2550	00	0000011020530	0	0	0	0	0	0	0	0
$1	1498	788	1	0	2352	1.00	4590	21.07.14	16:55	1	30	4590	4590	00	0000008023520	0	0	0	0	0	0	0	0
$1	1498	788	2	0	3158	1.00	3450	21.07.14	16:55	1	30	3450	3450	00	0000002031583	0	0	0	0	0	0	0	0
$1	1498	788	3	0	2827	1.00	10090	21.07.14	16:55	1	30	10090	10090	00	0000018028270	0	0	0	0	0	0	0	0
$1	1498	788	4	0	3153	1.00	2890	21.07.14	16:55	1	30	2890	2890	00	0000002031538	0	0	0	0	0	0	0	0
$1	1498	789	1	0	0026	1.000	2350	21.07.14	17:01	1	30	2350	2350	00	0000000000000	0	0	0	0	0	0	0	0
$1	1499	791	1	0	3012	1.00	4050	21.07.15	11:08	1	30	4050	4050	00	0000001030129	0	0	0	0	0	0	0	0
$1	1499	792	1	0	2053	1.00	2550	21.07.15	11:15	1	30	2550	2550	00	0000011020530	0	0	0	0	0	0	0	0
$1	1499	792	2	0	2751	1.00	5650	21.07.15	11:15	1	30	5650	5650	00	0000035027515	0	0	0	0	0	0	0	0
$1	1499	793	1	0	2024	1.00	2490	21.07.15	11:33	1	30	2490	2490	00	0000010020241	0	0	0	0	0	0	0	0
$1	1499	794	1	0	1037	1.00	450	21.07.15	11:47	2	30	450	450	00	5905279799424	0	0	0	0	0	0	0	0
$1	1499	794	2	0	1035	1.00	490	21.07.15	11:47	2	30	490	490	00	5909994310124	0	0	0	0	0	0	0	0
$1	1499	795	1	0	2350	4.00	2600	21.07.15	11:51	1	30	2600	2600	00	0000015023506	0	0	0	0	0	0	0	0
$1	1499	796	1	0	1736	1.00	3490	21.07.15	12:06	1	30	3490	3490	00	0000008017369	0	0	0	0	0	0	0	0
$1	1499	796	2	0	1821	1.00	1890	21.07.15	12:06	1	30	1890	1890	00	5701278288149	0	0	0	0	0	0	0	0
$1	1499	797	1	0	4035	1.00	590	21.07.15	12:07	1	30	590	590	00	0000031040358	0	0	0	0	0	0	0	0
$1	1499	798	1	0	0983	4.00	3160	21.07.15	12:10	3	30	3160	3160	00	0000005009831	0	0	0	0	0	0	0	0
$1	1499	799	1	0	0774	1.00	3700	21.07.15	13:17	1	30	3700	3700	00	0000003007747	0	0	0	0	0	0	0	0
$1	1499	800	1	0	2024	1.00	2490	21.07.15	13:30	1	30	2490	2490	00	0000010020241	0	0	0	0	0	0	0	0
$10	1499	800	1	0	3335	1.00	150	21.07.15	13:30	1	30	150	150	00	0000022033352	0	0	0	0	0	0	0	0
$1	1499	801	1	0	0086	1.000	540	21.07.15	13:32	1	30	540	540	00	0000000000000	0	0	0	0	0	0	0	0
$1	1499	802	1	0	3903	1.00	2150	21.07.15	13:35	1	30	2150	2150	00	0000028039037	0	0	0	0	0	0	0	0
$1	1499	802	2	0	1133	1.00	750	21.07.15	13:35	3	30	750	750	00	0000005011339	0	0	0	0	0	0	0	0
$1	1499	802	3	0	0086	1.000	540	21.07.15	13:35	1	30	540	540	00	0000000000000	0	0	0	0	0	0	0	0
$1	1499	802	4	0	2024	1.00	1990	21.07.15	13:35	1	30	1990	2490	00	0000010020241	0	0	0	0	0	0	0	1
$1	1499	802	5	0	2035	1.00	1990	21.07.15	13:35	1	30	1990	2000	00	0000010020357	0	0	0	0	0	0	0	1
$12	1499	1	1	0	0670	1.00	1690	21.07.15	14:28	1	30	1690	1690	00	0000002006703	0	0	0	0	0	0	0	0
$1	1499	804	1	0	2337	1.00	2590	21.07.15	14:29	1	30	2590	2590	00	0000003023372	0	0	0	0	0	0	0	0
$1	1499	805	1	0	3151	1.00	3950	21.07.15	14:30	1	30	3950	3950	00	0000028031512	0	0	0	0	0	0	0	0
$1	1499	805	2	0	0503	1.00	2090	21.07.15	14:30	1	30	2090	2090	00	5907502687539	0	0	0	0	0	0	0	0
$1	1499	806	1	0	2307	1.00	3590	21.07.15	14:54	1	30	3590	3590	00	0000014023071	0	0	0	0	0	0	0	0
$1	1499	806	2	0	0624	1.00	2990	21.07.15	14:54	1	30	2990	2990	00	5902249011296	0	0	0	0	0	0	0	0
$1	1499	806	3	0	0625	1.00	2990	21.07.15	14:54	1	30	2990	2990	00	5902249011302	0	0	0	0	0	0	0	0
$10	1499	806	1	0	0473	1.00	2290	21.07.15	14:54	1	30	2290	2290	00	5907502687317	0	0	0	0	0	0	0	0
$1	1499	806	4	0	0612	1.00	2190	21.07.15	14:54	1	30	2190	2190	00	5902249011180	0	0	0	0	0	0	0	0
$1	1499	807	1	0	3545	1.00	3650	21.07.15	15:21	1	30	3650	3650	00	0000024035453	0	0	0	0	0	0	0	0
$1	1499	807	2	0	3544	1.00	3650	21.07.15	15:21	1	30	3650	3650	00	0000024035446	0	0	0	0	0	0	0	0
$1	1499	807	3	0	0792	1.00	2350	21.07.15	15:21	1	30	2350	2350	00	0000024007924	0	0	0	0	0	0	0	0
$1	1499	807	4	0	0494	1.00	3190	21.07.15	15:21	1	30	3190	3450	00	5907502687409	0	0	0	0	0	0	0	1
$1	1499	807	5	0	0788	1.00	4750	21.07.15	15:21	1	30	4750	4750	00	0000003007884	0	0	0	0	0	0	0	0
$1	1499	807	6	0	0761	1.00	3650	21.07.15	15:21	1	30	3650	3650	00	0000003007617	0	0	0	0	0	0	0	0
$1	1499	808	1	0	0026	1.000	2250	21.07.15	16:07	1	30	2250	2250	00	0000000000000	0	0	0	0	0	0	0	0
$1	1499	809	1	0	0817	1.00	4490	21.07.15	17:14	1	30	4490	4490	00	0000024008174	0	0	0	0	0	0	0	0
$1	1499	810	1	0	0538	1.00	1990	21.07.15	17:16	1	30	1990	2190	00	0000002005386	0	0	0	0	0	0	0	1
$1	1500	812	1	0	0082	1.000	890	21.07.20	09:51	1	30	890	890	00	0000000000000	0	0	0	0	0	0	0	0
$1	1500	812	2	0	1842	1.00	3190	21.07.20	09:51	1	30	3190	3190	00	0000008018427	0	0	0	0	0	0	0	0
$1	1500	816	1	0	2024	1.00	1850	21.07.20	10:45	1	30	1850	2490	00	0000010020241	0	0	0	0	0	0	0	1
$1	1500	817	1	0	3149	1.00	1890	21.07.20	10:51	1	30	1890	1890	00	0000028031499	0	0	0	0	0	0	0	0
$1	1500	819	1	0	2827	1.00	10090	21.07.20	10:54	1	30	10090	10090	00	6412600802429	0	0	0	0	0	0	0	0
$1	1500	819	2	0	2891	1.00	9990	21.07.20	10:54	1	30	9990	9990	00	0000018028911	0	0	0	0	0	0	0	0
$1	1500	820	1	0	0501	1.00	2290	21.07.20	11:04	1	30	2290	2290	00	5907502687577	0	0	0	0	0	0	0	0
$1	1500	820	2	0	0066	1.000	1190	21.07.20	11:04	1	30	1190	1190	00	0000000000000	0	0	0	0	0	0	0	0
$1	1500	821	1	0	3793	1.00	350	21.07.20	11:58	1	30	350	350	00	0000025037937	0	0	0	0	0	0	0	0
$1	1500	822	1	0	1821	1.00	1890	21.07.20	12:33	1	30	1890	1890	00	5701278288149	0	0	0	0	0	0	0	0
$1	1500	823	1	0	0470	1.00	3450	21.07.20	12:38	1	30	3450	3450	00	5907502687263	0	0	0	0	0	0	0	0
$1	1500	824	1	0	2392	1.00	2890	21.07.20	12:49	1	30	2890	2890	00	0000016023925	0	0	0	0	0	0	0	0
$1	1500	825	1	0	2072	1.00	4790	21.07.20	12:58	1	30	4790	4790	00	5906874538357	0	0	0	0	0	0	0	0
$1	1500	826	1	0	0976	1.00	1590	21.07.20	13:01	2	30	1590	1590	00	0000005009763	0	0	0	0	0	0	0	0
$1	1500	826	2	0	1069	1.00	750	21.07.20	13:01	2	30	750	750	00	5906365702151	0	0	0	0	0	0	0	0
$1	1500	827	1	0	0525	1.00	3350	21.07.20	13:03	1	30	3350	3350	00	5907502687676	0	0	0	0	0	0	0	0
$1	1500	827	2	0	0526	1.00	3350	21.07.20	13:03	1	30	3350	3350	00	5907502687683	0	0	0	0	0	0	0	0
$1	1500	827	3	0	0480	1.00	100	21.07.20	13:03	1	30	100	3190	00	5902249010428	0	0	0	0	0	0	0	1
$1	1500	828	1	0	0026	1.000	590	21.07.20	13:20	1	30	590	590	00	0000000000000	0	0	0	0	0	0	0	0
$1	1500	828	2	0	3160	1.00	1890	21.07.20	13:20	1	30	1890	1890	00	5701278288125	0	0	0	0	0	0	0	0
$1	1500	829	1	0	2382	1.00	3800	21.07.20	13:40	1	30	3800	3800	00	0000016023826	0	0	0	0	0	0	0	0
$1	1500	830	1	0	2433	1.00	2590	21.07.20	13:46	1	30	2590	2590	00	0000016024335	0	0	0	0	0	0	0	0
$1	1500	831	1	0	2713	1.00	10	21.07.20	14:02	3	30	1000	1000	00	0000017027137	0	1	0	0	0	0	0	0
$1	1500	831	2	0	2333	1.00	13	21.07.20	14:02	2	30	1250	1250	00	5903246866643	0	1	0	0	0	0	0	0
$1	1500	832	1	0	3793	1.00	350	21.07.20	14:02	1	30	350	350	00	0000025037937	0	0	0	0	0	0	0	0
$1	1500	832	2	0	1817	1.00	2150	21.07.20	14:02	1	30	2150	2150	00	0000008018175	0	0	0	0	0	0	0	0
$1	1500	833	1	0	0635	1.00	6190	21.07.20	14:08	1	30	6190	6190	00	5902249011401	0	0	0	0	0	0	0	0
$1	1500	833	2	0	0634	1.00	5850	21.07.20	14:08	1	30	5850	5850	00	0000002006345	0	0	0	0	0	0	0	0
$1	1500	833	3	0	0633	1.00	100	21.07.20	14:08	1	30	100	5350	00	5902249011388	0	0	0	0	0	0	0	1
$1	1500	834	1	0	0631	1.00	2490	21.07.20	14:09	1	30	2490	2490	00	5902249011364	0	0	0	0	0	0	0	0
$1	1500	834	2	0	0466	1.00	2190	21.07.20	14:09	1	30	2190	2190	00	5907502687089	0	0	0	0	0	0	0	0
$1	1500	834	3	0	0467	1.00	100	21.07.20	14:09	1	30	100	2190	00	5907502687096	0	0	0	0	0	0	0	1
$1	1500	835	1	0	1424	1.00	4850	21.07.20	14:43	1	30	4850	4850	00	0000024014243	0	0	0	0	0	0	0	0
$1	1500	835	2	0	1997	1.00	3690	21.07.20	14:43	1	30	3690	3690	00	0000009019973	0	0	0	0	0	0	0	0
$1	1500	836	1	0	1957	1.00	1950	21.07.20	14:46	1	30	1950	1950	00	0680275060444	0	0	0	0	0	0	0	0
$1	1500	836	2	0	1956	1.00	1700	21.07.20	14:46	2	30	1700	1700	00	0680275060420	0	0	0	0	0	0	0	0
$1	1500	836	3	0	2741	1.00	2650	21.07.20	14:46	1	30	2650	2650	00	0000035027416	0	0	0	0	0	0	0	0
$1	1500	837	1	0	0727	1.00	8250	21.07.20	15:11	1	30	8250	8250	00	0000003007273	0	0	0	0	0	0	0	0
$1	1500	837	2	0	0066	1.000	1190	21.07.20	15:11	1	30	1190	1190	00	0000000000000	0	0	0	0	0	0	0	0
$1	1500	838	1	0	0515	1.00	2890	21.07.20	16:10	1	30	2890	2890	00	5907502687782	0	0	0	0	0	0	0	0
$1	1500	838	2	0	0505	1.00	3190	21.07.20	16:10	1	30	3190	3190	00	5907502687515	0	0	0	0	0	0	0	0
$1	1500	838	3	0	3155	1.00	100	21.07.20	16:10	1	30	100	2090	00	5902249015805	0	0	0	0	0	0	0	1
$1	1500	839	1	0	2293	1.00	3590	21.07.20	16:14	1	30	3590	3590	00	0000014022937	0	0	0	0	0	0	0	0
$1	1500	840	1	0	1513	1.00	1900	21.07.20	16:18	3	30	1900	1900	00	5907804205271	0	0	0	0	0	0	0	0
$1	1500	840	2	0	1815	1.00	2150	21.07.20	16:18	1	30	2150	2150	00	0000008018151	0	0	0	0	0	0	0	0
$1	1500	841	1	0	0038	1.000	1590	21.07.20	16:21	1	30	1590	1590	00	0000000000000	0	0	0	0	0	0	0	0
$1	1500	842	1	0	2392	1.00	2890	21.07.20	16:37	1	30	2890	2890	00	0000016023925	0	0	0	0	0	0	0	0
$1	1501	847	1	0	3412	1.00	3350	21.07.21	11:54	1	30	3350	3350	00	0000023034129	0	0	0	0	0	0	0	0
$1	1501	848	1	0	3110	1.00	750	21.07.21	12:09	2	30	750	750	00	0000020031107	0	0	0	0	0	0	0	0
$1	1501	848	2	0	2350	1.00	650	21.07.21	12:09	1	30	650	650	00	0000015023506	0	0	0	0	0	0	0	0
$1	1501	849	1	0	3793	1.00	350	21.07.21	12:22	1	30	350	350	00	0000025037937	0	0	0	0	0	0	0	0
$1	1501	849	2	0	2053	2.00	5100	21.07.21	12:22	1	30	5100	5100	00	0000011020530	0	0	0	0	0	0	0	0
$1	1501	850	1	0	1781	1.00	3950	21.07.21	12:25	1	30	3950	3950	00	0000008017819	0	0	0	0	0	0	0	0
$1	1501	851	1	0	0396	1.00	1890	21.07.21	12:29	1	30	1890	1890	00	5900168907775	0	0	0	0	0	0	0	0
$1	1501	851	2	0	3169	1.00	3190	21.07.21	12:29	1	30	3190	3190	00	0000008031693	0	0	0	0	0	0	0	0
$1	1501	852	1	0	0538	1.00	2190	21.07.21	12:33	1	30	2190	2190	00	0000002005386	0	0	0	0	0	0	0	0
$1	1501	852	2	0	0668	1.00	5990	21.07.21	12:33	1	30	5990	5990	00	5902249014853	0	0	0	0	0	0	0	0
$1	1501	853	1	0	0642	1.00	3090	21.07.21	12:39	1	30	3090	3090	00	5902249011562	0	0	0	0	0	0	0	0
$1	1501	853	2	0	0851	1.00	1990	21.07.21	12:39	1	30	1990	1990	00	0000004008514	0	0	0	0	0	0	0	0
$1	1501	854	1	0	0182	1.000	1000	21.07.21	13:04	2	30	1000	1000	00	0000000000000	0	0	0	0	0	0	0	0
$1	1501	855	1	0	1014	1.00	350	21.07.21	13:20	2	30	390	390	00	5906365702526	0	1	0	0	0	0	0	0
$1	1501	855	2	0	1014	1.00	350	21.07.21	13:20	2	30	390	390	00	5906365702526	0	1	0	0	0	0	0	0
$1	1501	856	1	0	0947	1.00	3150	21.07.21	13:43	1	30	3150	3150	00	0000024009478	0	0	0	0	0	0	0	0
$1	1501	856	2	0	0947	1.00	3150	21.07.21	13:43	1	30	3150	3150	00	0000024009478	0	0	0	0	0	0	0	0
$1	1501	856	3	0	1753	1.00	5290	21.07.21	13:43	1	30	5290	5290	00	0000008017536	0	0	0	0	0	0	0	0
$1	1501	857	1	0	0540	1.00	2190	21.07.21	14:10	1	30	2190	2190	00	5902249010091	0	0	0	0	0	0	0	0
$1	1501	857	2	0	0048	1.000	3550	21.07.21	14:10	1	30	3550	3550	00	0000000000000	0	0	0	0	0	0	0	0
$1	1501	858	1	0	0667	1.00	5990	21.07.21	14:19	1	30	5990	5990	00	5902249014846	0	0	0	0	0	0	0	0
$1	1501	859	1	0	2350	2.00	1300	21.07.21	14:30	1	30	1300	1300	00	0000015023506	0	0	0	0	0	0	0	0
$1	1501	860	1	0	2350	1.00	650	21.07.21	14:54	1	30	650	650	00	0000015023506	0	0	0	0	0	0	0	0
$1	1501	860	2	0	2460	1.00	200	21.07.21	14:54	2	30	200	200	00	0000033002996	0	0	0	0	0	0	0	0
$1	1501	861	1	0	2053	1.00	2550	21.07.21	14:57	1	30	2550	2550	00	0000011020530	0	0	0	0	0	0	0	0
$1	1501	862	1	0	2053	1.00	2550	21.07.21	15:20	1	30	2550	2550	00	0000011020530	0	0	0	0	0	0	0	0
$1	1501	863	1	0	2549	1.00	1250	21.07.21	15:29	2	30	1250	1250	00	0000017025492	0	0	0	0	0	0	0	0
$1	1501	864	1	0	0026	1.000	2790	21.07.21	15:30	1	30	2790	2790	00	0000000000000	0	0	0	0	0	0	0	0
$1	1501	865	1	0	2009	1.00	2950	21.07.21	15:40	1	30	2950	2950	00	0680275060864	0	0	0	0	0	0	0	0
$1	1501	865	2	0	2708	1.00	1350	21.07.21	15:40	3	30	1350	1350	00	0000017027083	0	0	0	0	0	0	0	0
$1	1501	865	3	0	2702	1.00	1350	21.07.21	15:40	3	30	1350	1350	00	0000017027021	0	0	0	0	0	0	0	0
$1	1501	866	1	0	0451	1.00	3750	21.07.21	16:25	1	30	3750	3750	00	5907502687102	0	0	0	0	0	0	0	0
$1	1501	867	1	0	2360	1.00	2950	21.07.21	16:34	1	30	2950	2950	00	0000016023604	0	0	0	0	0	0	0	0
$1	1501	867	2	0	2437	1.00	2590	21.07.21	16:34	1	30	2590	2590	00	0000016024373	0	0	0	0	0	0	0	0
$1	1501	868	1	0	2270	1.00	3590	21.07.21	16:51	1	30	3590	3590	00	0000014022708	0	0	0	0	0	0	0	0
$1	1501	869	1	0	1715	1.00	2290	21.07.21	17:01	1	30	2290	2290	00	5907688710649	0	0	0	0	0	0	0	0
$1	1501	870	1	0	3782	1.00	1350	21.07.21	17:02	1	30	1350	1350	00	0000025037821	0	0	0	0	0	0	0	0
$1	1501	871	1	0	2350	5.00	3250	21.07.21	17:17	1	30	3250	3250	00	0000015023506	0	0	0	0	0	0	0	0
$1	1501	872	1	0	1040	1.00	450	21.07.21	17:26	2	30	450	450	00	5906365702847	0	0	0	0	0	0	0	0
$1	1502	874	1	0	0895	1.00	3890	21.07.22	10:32	1	30	3890	3890	00	0000004008958	0	0	0	0	0	0	0	0
$1	1502	875	1	0	1527	1.00	3350	21.07.22	10:56	3	30	3350	3350	00	5906660817147	0	0	0	0	0	0	0	0
$1	1502	875	2	0	1543	1.00	4750	21.07.22	10:56	3	30	4750	4750	00	5907804205073	0	0	0	0	0	0	0	0
$1	1502	876	1	0	1605	1.00	790	21.07.22	10:57	1	30	790	790	00	0000007016059	0	0	0	0	0	0	0	0
$1	1502	877	1	0	2720	1.00	2450	21.07.22	10:58	2	30	2450	2450	00	0000017027205	0	0	0	0	0	0	0	0
$1	1502	878	1	0	1366	1.00	26	21.07.22	10:59	3	30	26	2550	00	0000006013660	0	0	0	0	0	0	0	1
$1	1502	879	1	0	1763	1.00	5850	21.07.22	11:06	1	30	5850	5850	00	0000008017635	0	0	0	0	0	0	0	0
$1	1502	879	2	0	2277	1.00	3590	21.07.22	11:06	1	30	3590	3590	00	0000014022777	0	0	0	0	0	0	0	0
$1	1502	879	3	0	0243	1.000	1490	21.07.22	11:06	1	30	1490	1490	00	0000000000000	0	0	0	0	0	0	0	0
$1	1502	880	1	0	1191	2.00	900	21.07.22	11:15	2	30	900	900	00	5909990628490	0	0	0	0	0	0	0	0
$1	1502	881	1	0	0353	1.00	2750	21.07.22	11:32	1	30	2750	2750	00	5900168900707	0	0	0	0	0	0	0	0
$1	1502	881	2	0	2713	1.00	1000	21.07.22	11:32	3	30	1000	1000	00	5904960012569	0	0	0	0	0	0	0	0
$1	1502	881	3	0	1537	1.00	1690	21.07.22	11:32	3	30	1690	1690	00	0000007015373	0	0	0	0	0	0	0	0
$1	1502	881	4	0	3016	1.00	2850	21.07.22	11:32	1	30	2850	2850	00	0000035030164	0	0	0	0	0	0	0	0
$1	1502	881	5	0	2009	1.00	2950	21.07.22	11:32	1	30	2950	2950	00	0000009020092	0	0	0	0	0	0	0	0
$1	1502	881	6	0	0225	1.000	400	21.07.22	11:32	1	30	400	400	00	0000000000000	0	0	0	0	0	0	0	0
$1	1502	882	1	0	0727	1.00	7425	21.07.22	11:43	1	30	7425	8250	00	5902729030625	0	0	0	0	0	0	0	1
$1	1502	882	2	0	0736	1.00	4390	21.07.22	11:43	1	30	4390	4390	00	0000003007365	0	0	0	0	0	0	0	0
$1	1502	883	1	0	0452	1.00	3990	21.07.22	11:49	1	30	3990	3990	00	5907502687058	0	0	0	0	0	0	0	0
$1	1502	883	2	0	0182	1.000	580	21.07.22	11:49	2	30	580	580	00	0000000000000	0	0	0	0	0	0	0	0
$1	1502	883	3	0	0182	1.000	470	21.07.22	11:49	2	30	470	470	00	0000000000000	0	0	0	0	0	0	0	0
$1	1502	883	4	0	1189	1.00	550	21.07.22	11:49	2	30	550	550	00	0000005011896	0	0	0	0	0	0	0	0
$1	1502	883	5	0	0182	1.000	520	21.07.22	11:49	2	30	520	520	00	0000000000000	0	0	0	0	0	0	0	0
$1	1502	884	1	0	0988	1.00	690	21.07.22	11:51	1	30	690	690	00	0000005009886	0	0	0	0	0	0	0	0
$1	1502	884	2	0	2266	1.00	1350	21.07.22	11:51	1	30	1350	1350	00	0000020022662	0	0	0	0	0	0	0	0
$1	1502	885	1	0	0588	1.00	2090	21.07.22	12:08	1	30	2090	2090	00	5907502687935	0	0	0	0	0	0	0	0
$1	1502	886	1	0	1527	1.00	3350	21.07.22	12:19	3	30	3350	3350	00	5906660817147	0	0	0	0	0	0	0	0
$1	1502	887	1	0	3218	1.00	11250	21.07.22	12:36	1	30	11250	11250	00	0000024032186	0	0	0	0	0	0	0	0
$1	1502	887	2	0	3211	1.00	1950	21.07.22	12:36	1	30	1950	1950	00	0000018032116	0	0	0	0	0	0	0	0
$1	1502	887	3	0	3168	1.00	2890	21.07.22	12:36	1	30	2890	2890	00	0000018031683	0	0	0	0	0	0	0	0
$12	1502	1	1	0	0383	1.00	5050	21.07.22	12:44	1	30	5050	5050	00	5900168903968	0	0	0	0	0	0	0	0
$1	1502	889	1	0	0413	1.00	5990	21.07.22	12:46	1	30	5990	5990	00	0000001004137	0	0	0	0	0	0	0	0
$1	1502	889	2	0	1710	1.00	2850	21.07.22	12:46	1	30	2850	2850	00	0000034017104	0	0	0	0	0	0	0	0
$1	1502	889	3	0	1718	1.00	3650	21.07.22	12:46	1	30	3650	3650	00	5907688710441	0	0	0	0	0	0	0	0
$1	1502	889	4	0	0639	1.00	3090	21.07.22	12:46	1	30	3090	3090	00	5902249011777	0	0	0	0	0	0	0	0
$1	1502	889	5	0	0026	2.000	1180	21.07.22	12:46	1	30	1180	1180	00	0000000000000	0	0	0	0	0	0	0	0
$1	1502	890	1	0	1797	1.00	2650	21.07.22	13:10	1	30	2650	2650	00	0000008017970	0	0	0	0	0	0	0	0
$1	1502	890	2	0	1798	1.00	2650	21.07.22	13:10	1	30	2650	2650	00	5711914104948	0	0	0	0	0	0	0	0
$1	1502	890	3	0	0522	1.00	2290	21.07.22	13:10	1	30	2290	2290	00	5907502687706	0	0	0	0	0	0	0	0
$1	1502	890	4	0	0608	1.00	850	21.07.22	13:10	1	30	850	850	00	5902249011050	0	0	0	0	0	0	0	0
$1	1502	890	5	0	3210	1.00	1950	21.07.22	13:10	1	30	1950	1950	00	0000018032109	0	0	0	0	0	0	0	0
$1	1502	891	1	0	1564	1.00	5990	21.07.22	13:16	2	30	5990	5990	00	0000007015649	0	0	0	0	0	0	0	0
$1	1502	892	1	0	3864	1.00	350	21.07.22	13:36	1	30	350	350	00	0000026038643	0	0	0	0	0	0	0	0
$1	1502	893	1	0	1376	1.00	1850	21.07.22	13:51	1	30	1850	1850	00	0000006013769	0	0	0	0	0	0	0	0
$1	1502	894	1	0	3211	1.00	1950	21.07.22	14:02	1	30	1950	1950	00	0000018032116	0	0	0	0	0	0	0	0
$1	1502	894	2	0	2352	1.00	4590	21.07.22	14:02	1	30	4590	4590	00	0000008023520	0	0	0	0	0	0	0	0
$1	1502	894	3	0	0328	1.00	1850	21.07.22	14:02	1	30	1850	1850	00	5906874565049	0	0	0	0	0	0	0	0
$1	1502	894	4	0	2741	1.00	2650	21.07.22	14:02	1	30	2650	2650	00	0000035027416	0	0	0	0	0	0	0	0
$1	1502	895	1	0	0623	1.00	2090	21.07.22	14:04	1	30	2090	2090	00	5902249011289	0	0	0	0	0	0	0	0
$1	1502	895	2	0	0647	1.00	3090	21.07.22	14:04	1	30	3090	3090	00	5902249012125	0	0	0	0	0	0	0	0
$1	1502	896	1	0	3901	2.00	1900	21.07.22	14:07	1	30	1900	1900	00	0000028039013	0	0	0	0	0	0	0	0
$1	1502	896	2	0	1503	1.00	2250	21.07.22	14:07	3	30	2250	2250	00	5907804205196	0	0	0	0	0	0	0	0
$1	1502	896	3	0	2024	1.00	2490	21.07.22	14:07	1	30	2490	2490	00	0000010020241	0	0	0	0	0	0	0	0
$1	1502	896	4	0	2024	1.00	2490	21.07.22	14:07	1	30	2490	2490	00	0000010020241	0	0	0	0	0	0	0	0
$1	1502	896	5	0	2024	1.00	990	21.07.22	14:07	1	30	990	2490	00	0000010020241	0	0	0	0	0	0	0	1
$1	1502	896	6	0	0026	1.000	1750	21.07.22	14:07	1	30	1750	1750	00	0000000000000	0	0	0	0	0	0	0	0
$1	1502	896	7	0	0026	1.000	1650	21.07.22	14:07	1	30	1650	1650	00	0000000000000	0	0	0	0	0	0	0	0
$1	1502	896	8	0	3202	1.00	290	21.07.22	14:07	1	30	290	290	00	0000021032028	0	0	0	0	0	0	0	0
$1	1502	896	9	0	3203	1.00	290	21.07.22	14:07	1	30	290	290	00	0000021032035	0	0	0	0	0	0	0	0
$1	1502	897	1	0	0557	1.00	2290	21.07.22	14:42	1	30	2290	2290	00	5902249010411	0	0	0	0	0	0	0	0
$1	1502	897	2	0	0026	1.000	2350	21.07.22	14:42	1	30	2350	2350	00	0000000000000	0	0	0	0	0	0	0	0
$1	1502	898	1	0	1068	2.00	980	21.07.22	15:27	2	30	980	980	00	5905279799400	0	0	0	0	0	0	0	0
$1	1502	898	2	0	1010	3.00	1050	21.07.22	15:27	2	30	1050	1050	00	5906365702908	0	0	0	0	0	0	0	0
$1	1502	899	1	0	1010	1.00	350	21.07.22	15:28	2	30	350	350	00	5906365702908	0	0	0	0	0	0	0	0
$1	1502	900	1	0	2612	1.00	15	21.07.22	16:33	2	30	15	1450	00	5904960013146	0	0	0	0	0	0	0	1
$1	1502	901	1	0	0727	1.00	7425	21.07.22	16:48	1	30	7425	8250	00	0000003007273	0	0	0	0	0	0	0	1
$1	1502	901	2	0	0788	1.00	4750	21.07.22	16:48	1	30	4750	4750	00	0000003007884	0	0	0	0	0	0	0	0
$1	1502	901	3	0	0641	1.00	3090	21.07.22	16:48	1	30	3090	3090	00	5902249011784	0	0	0	0	0	0	0	0
$1	1502	901	4	0	0041	1.000	590	21.07.22	16:48	1	30	590	590	00	0000000000000	0	0	0	0	0	0	0	0
$1	1502	902	1	0	3228	1.00	1556	21.07.22	17:37	1	30	1556	3890	00	0000024032285	0	0	0	0	0	0	0	1
$1	1503	904	1	0	3559	1.00	9550	21.07.23	12:11	1	30	9550	9550	00	0000024035590	0	0	0	0	0	0	0	0
$1	1503	905	1	0	2729	1.00	2990	21.07.23	12:40	2	30	2990	2990	00	0000017027298	0	0	0	0	0	0	0	0
$1	1503	905	2	0	3081	1.00	200	21.07.23	12:40	2	30	200	200	00	0000020030810	0	0	0	0	0	0	0	0
$1	1503	905	3	0	3024	1.00	350	21.07.23	12:40	2	30	350	350	00	0000020030247	0	0	0	0	0	0	0	0
$1	1503	905	4	0	2361	1.00	2450	21.07.23	12:40	1	30	2450	2450	00	0000016023611	0	0	0	0	0	0	0	0
$1	1503	905	5	0	1159	1.00	390	21.07.23	12:40	2	30	390	390	00	5909994311657	0	0	0	0	0	0	0	0
$1	1503	905	6	0	1172	1.00	450	21.07.23	12:40	2	30	450	450	00	5909994308725	0	0	0	0	0	0	0	0
$1	1503	905	7	0	1159	1.00	390	21.07.23	12:40	2	30	390	390	00	5909994311657	0	0	0	0	0	0	0	0
$1	1503	905	8	0	0991	1.00	450	21.07.23	12:40	3	30	450	450	00	5906365702298	0	0	0	0	0	0	0	0
$1	1503	905	9	0	1097	1.00	400	21.07.23	12:40	2	30	400	400	00	5909994310568	0	0	0	0	0	0	0	0
$1	1503	905	10	0	1097	1.00	400	21.07.23	12:40	2	30	400	400	00	5909994310568	0	0	0	0	0	0	0	0
$1	1503	905	11	0	1232	1.00	400	21.07.23	12:40	2	30	400	400	00	5909990219520	0	0	0	0	0	0	0	0
$1	1503	905	12	0	1232	1.00	400	21.07.23	12:40	2	30	400	400	00	5909990219520	0	0	0	0	0	0	0	0
$1	1503	905	13	0	1193	1.00	450	21.07.23	12:40	2	30	450	450	00	5909990195725	0	0	0	0	0	0	0	0
$1	1503	905	14	0	3940	1.00	1790	21.07.23	12:40	1	30	1790	1790	00	0000031039406	0	0	0	0	0	0	0	0
$1	1503	905	15	0	0026	4.000	2360	21.07.23	12:40	1	30	2360	2360	00	0000000000000	0	0	0	0	0	0	0	0
$1	1503	906	1	0	0203	1.000	1250	21.07.23	13:03	1	30	1250	1250	00	0000000000000	0	0	0	0	0	0	0	0
$1	1503	906	2	0	1449	1.00	1490	21.07.23	13:03	1	30	1490	1490	00	5907688710168	0	0	0	0	0	0	0	0
$1	1503	906	3	0	2692	1.00	1050	21.07.23	13:03	3	30	1050	1050	00	0000017026925	0	0	0	0	0	0	0	0
$1	1503	907	1	0	1443	1.00	1790	21.07.23	13:14	1	30	1790	1790	00	5907688710472	0	0	0	0	0	0	0	0
$1	1503	907	2	0	1017	1.00	450	21.07.23	13:14	2	30	450	450	00	5907752643361	0	0	0	0	0	0	0	0
$1	1503	908	1	0	0727	1.00	7425	21.07.23	13:48	1	30	7425	8250	00	0000003007273	0	0	0	0	0	0	0	1
$1	1503	909	1	0	2024	1.00	1990	21.07.23	14:05	1	30	1990	2490	00	0000010020241	0	0	0	0	0	0	0	1
$10	1503	909	1	0	0502	1.00	590	21.07.23	14:05	1	30	590	2090	00	5907502687522	0	0	0	0	0	0	0	1
$1	1503	909	2	0	0502	1.00	1777	21.07.23	14:05	1	30	1777	2090	00	5907502687522	0	0	0	0	0	0	0	1
$1	1503	910	1	0	2949	1.00	3050	21.07.23	14:10	1	30	3050	3050	00	0000024029490	0	0	0	0	0	0	0	0
$1	1503	910	2	0	3242	1.00	2590	21.07.23	14:10	1	30	2590	2590	00	0000024032421	0	0	0	0	0	0	0	0
$1	1503	910	3	0	3600	1.00	3090	21.07.23	14:10	1	30	3090	3090	00	0000024036009	0	0	0	0	0	0	0	0
$1	1503	911	1	0	1519	1.00	4950	21.07.23	14:14	3	30	4950	4950	00	5907804205318	0	0	0	0	0	0	0	0
$1	1503	911	2	0	1543	1.00	4750	21.07.23	14:14	3	30	4750	4750	00	5907804205073	0	0	0	0	0	0	0	0
$1	1503	911	3	0	0225	1.000	100	21.07.23	14:14	1	30	100	100	00	0000000000000	0	0	0	0	0	0	0	0
$1	1503	912	1	0	2064	1.00	3250	21.07.23	14:15	1	30	3250	3250	00	0000012020645	0	0	0	0	0	0	0	0
$1	1503	913	1	0	2350	2.00	1300	21.07.23	14:20	1	30	1300	1300	00	0000015023506	0	0	0	0	0	0	0	0
$1	1503	914	1	0	0454	1.00	3750	21.07.23	14:26	1	30	3750	3750	00	5907502687188	0	0	0	0	0	0	0	0
$1	1503	915	1	0	0626	1.00	25	21.07.23	14:48	1	30	2490	2490	00	5902249011333	0	1	0	0	0	0	0	0
$1	1503	915	2	0	2024	1.00	20	21.07.23	14:48	1	30	1990	2490	00	0000010020241	0	1	0	0	0	0	0	1
$1	1503	915	3	0	0549	1.00	22	21.07.23	14:48	1	30	2190	2190	00	5902249010350	0	1	0	0	0	0	0	0
$1	1503	916	1	0	0226	1.000	1350	21.07.23	14:53	1	30	1350	1350	00	0000000000000	0	0	0	0	0	0	0	0
$1	1503	916	2	0	1715	1.00	2290	21.07.23	14:53	1	30	2290	2290	00	5907688710649	0	0	0	0	0	0	0	0
$1	1503	916	3	0	3247	1.00	2650	21.07.23	14:53	1	30	2650	2650	00	0000024032476	0	0	0	0	0	0	0	0
$1	1503	916	4	0	2024	1.00	2490	21.07.23	14:53	1	30	2490	2490	00	0000010020241	0	0	0	0	0	0	0	0
$1	1503	917	1	0	3247	1.00	2650	21.07.23	14:58	1	30	2650	2650	00	0000024032476	0	0	0	0	0	0	0	0
$1	1503	917	2	0	3247	1.00	2650	21.07.23	14:58	1	30	2650	2650	00	0000024032476	0	0	0	0	0	0	0	0
$1	1503	918	1	0	2272	1.00	4390	21.07.23	15:07	1	30	4390	4390	00	5906660352327	0	0	0	0	0	0	0	0
$1	1503	919	1	0	2050	1.00	2550	21.07.23	15:46	1	30	2550	2550	00	0000011020509	0	0	0	0	0	0	0	0
$1	1503	920	1	0	0026	1.000	1190	21.07.23	16:05	1	30	1190	1190	00	0000000000000	0	0	0	0	0	0	0	0
$1	1503	920	2	0	0049	1.000	260	21.07.23	16:05	1	30	260	260	00	0000000000000	0	0	0	0	0	0	0	0
$1	1503	921	1	0	3210	1.00	1950	21.07.23	16:06	1	30	1950	1950	00	0000018032109	0	0	0	0	0	0	0	0
$1	1503	921	2	0	1810	1.00	3190	21.07.23	16:06	1	30	3190	3190	00	5701278408240	0	0	0	0	0	0	0	0
$1	1503	922	1	0	1178	1.00	390	21.07.23	16:13	2	30	390	390	00	5909990628360	0	0	0	0	0	0	0	0
$1	1503	922	2	0	1185	1.00	450	21.07.23	16:13	2	30	450	450	00	5909990628391	0	0	0	0	0	0	0	0
$1	1503	922	3	0	0555	1.00	2390	21.07.23	16:13	1	30	2390	2390	00	5902249010398	0	0	0	0	0	0	0	0
$1	1503	922	4	0	0450	1.00	3750	21.07.23	16:13	1	30	3750	3750	00	5907502687157	0	0	0	0	0	0	0	0
$1	1503	922	5	0	1444	1.00	1450	21.07.23	16:13	1	30	1450	1450	00	5907688710021	0	0	0	0	0	0	0	0
$1	1504	924	1	0	1446	1.00	1950	21.07.24	09:49	1	30	1950	1950	00	5907688710687	0	0	0	0	0	0	0	0
$1	1504	925	1	0	2350	1.00	650	21.07.24	09:53	1	30	650	650	00	0000015023506	0	0	0	0	0	0	0	0
$1	1504	926	1	0	2136	1.00	990	21.07.24	09:55	1	30	990	990	00	0000013021368	0	0	0	0	0	0	0	0
$1	1504	927	1	0	3203	1.00	290	21.07.24	09:58	1	30	290	290	00	0000021032035	0	0	0	0	0	0	0	0
$1	1504	928	1	0	0038	1.000	1190	21.07.24	10:00	1	30	1190	1190	00	0000000000000	0	0	0	0	0	0	0	0
$1	1504	929	1	0	0760	1.00	3650	21.07.24	10:20	1	30	3650	3650	00	0000003007600	0	0	0	0	0	0	0	0
$1	1504	929	2	0	0633	1.00	5350	21.07.24	10:20	1	30	5350	5350	00	5902249011388	0	0	0	0	0	0	0	0
$1	1504	929	3	0	1468	1.00	3890	21.07.24	10:20	1	30	3890	3890	00	5907688710366	0	0	0	0	0	0	0	0
$1	1504	930	1	0	2746	1.00	2650	21.07.24	10:24	1	30	2650	2650	00	0000035027461	0	0	0	0	0	0	0	0
$1	1504	931	1	0	0041	1.000	3850	21.07.24	11:33	1	30	3850	3850	00	0000000000000	0	0	0	0	0	0	0	0
$1	1504	932	1	0	0606	1.00	3990	21.07.24	11:43	1	30	3990	3990	00	5902249011104	0	0	0	0	0	0	0	0
$1	1504	932	2	0	0603	1.00	3850	21.07.24	11:43	1	30	3850	3850	00	5902249011074	0	0	0	0	0	0	0	0
$1	1504	932	3	0	0605	1.00	3950	21.07.24	11:43	1	30	3950	3950	00	5902249011098	0	0	0	0	0	0	0	0
$1	1504	932	4	0	0551	1.00	3190	21.07.24	11:43	1	30	3190	3190	00	5902249010374	0	0	0	0	0	0	0	0
$1	1504	932	5	0	0552	1.00	3190	21.07.24	11:43	1	30	3190	3190	00	5902249010381	0	0	0	0	0	0	0	0
$1	1504	932	6	0	0549	1.00	2190	21.07.24	11:43	1	30	2190	2190	00	5902249010350	0	0	0	0	0	0	0	0
$1	1504	932	7	0	0550	1.00	2290	21.07.24	11:43	1	30	2290	2290	00	5902249010367	0	0	0	0	0	0	0	0
$1	1504	933	1	0	2350	1.00	650	21.07.24	11:47	1	30	650	650	00	0000015023506	0	0	0	0	0	0	0	0
$1	1504	934	1	0	3224	1.00	4703	21.07.24	11:53	1	30	4950	4950	00	0000024032247	0	1	0	0	0	0	0	0
$1	1504	934	2	0	3224	1.00	4703	21.07.24	11:53	1	30	4950	4950	00	0000024032247	0	1	0	0	0	0	0	0
$1	1504	934	3	0	3224	1.00	4703	21.07.24	11:53	1	30	4950	4950	00	0000024032247	0	1	0	0	0	0	0	0
$1	1504	934	4	0	3590	1.00	2841	21.07.24	11:53	1	30	2990	2990	00	0000024035903	0	1	0	0	0	0	0	0
$1	1504	934	5	0	3252	1.00	4266	21.07.24	11:53	1	30	4490	4490	00	0000024032520	0	1	0	0	0	0	0	0
$1	1504	934	6	0	3236	1.00	3506	21.07.24	11:53	1	30	3690	3690	00	0000024032360	0	1	0	0	0	0	0	0
$1	1504	934	7	0	0006	1.000	4361	21.07.24	11:53	1	30	4590	4590	00	0000000000000	0	1	0	0	0	0	0	0
$1	1504	935	1	0	0012	1.000	1140	21.07.24	11:55	1	30	1140	1140	00	0000000000000	0	0	0	0	0	0	0	0
$1	1504	936	1	0	0038	1.000	1140	21.07.24	12:05	1	30	1140	1140	00	0000000000000	0	0	0	0	0	0	0	0
$1	1504	936	2	0	2151	1.00	2390	21.07.24	12:05	1	30	2390	2390	00	0000013021511	0	0	0	0	0	0	0	0
$1	1504	937	1	0	3254	1.00	2650	21.07.24	13:03	1	30	2650	2650	00	0000024032544	0	0	0	0	0	0	0	0
$1	1504	938	1	0	2167	1.00	990	21.07.24	13:06	1	30	990	990	00	0000013021672	0	0	0	0	0	0	0	0
$1	1505	940	1	0	2296	1.00	4890	21.07.27	10:21	1	30	4890	4890	00	5906660352020	0	0	0	0	0	0	0	0
$1	1505	941	1	0	0451	1.00	3750	21.07.27	10:22	1	30	3750	3750	00	5907502687102	0	0	0	0	0	0	0	0
$1	1505	942	1	0	0496	1.00	3350	21.07.27	10:29	1	30	3350	3350	00	5907502687430	0	0	0	0	0	0	0	0
$1	1505	943	1	0	2350	1.00	650	21.07.27	10:39	1	30	650	650	00	0000015023506	0	0	0	0	0	0	0	0
$1	1505	943	2	0	1327	1.00	2400	21.07.27	10:39	3	30	2400	2400	00	5902596671051	0	0	0	0	0	0	0	0
$1	1505	944	1	0	2437	1.00	2590	21.07.27	10:48	1	30	2590	2590	00	0000016024373	0	0	0	0	0	0	0	0
$1	1505	944	2	0	2360	1.00	2950	21.07.27	10:48	1	30	2950	2950	00	0000016023604	0	0	0	0	0	0	0	0
$1	1505	944	3	0	2422	1.00	3690	21.07.27	10:48	1	30	3690	3690	00	0000016024229	0	0	0	0	0	0	0	0
$10	1505	944	1	0	0225	1.000	100	21.07.27	10:48	1	30	100	100	00	0000000000000	0	0	0	0	0	0	0	0
$1	1505	944	4	0	0494	1.00	3450	21.07.27	10:48	1	30	3450	3450	00	5907502687409	0	0	0	0	0	0	0	0
$1	1505	944	5	0	0496	1.00	3350	21.07.27	10:48	1	30	3350	3350	00	5907502687430	0	0	0	0	0	0	0	0
$1	1505	944	6	0	0495	1.00	3450	21.07.27	10:48	1	30	3450	3450	00	5907502687416	0	0	0	0	0	0	0	0
$1	1505	944	7	0	0038	1.000	1450	21.07.27	10:48	1	30	1450	1450	00	0000000000000	0	0	0	0	0	0	0	0
$1	1505	945	1	0	0477	1.00	3350	21.07.27	10:58	1	30	3350	3350	00	5907502687362	0	0	0	0	0	0	0	0
$1	1505	945	2	0	2024	1.00	2490	21.07.27	10:58	1	30	2490	2490	00	0000010020241	0	0	0	0	0	0	0	0
$1	1505	945	3	0	1794	1.00	10850	21.07.27	10:58	1	30	10850	10850	00	0000008017949	0	0	0	0	0	0	0	0
$1	1505	945	4	0	1821	1.00	1890	21.07.27	10:58	1	30	1890	1890	00	5701278288149	0	0	0	0	0	0	0	0
$1	1505	946	1	0	1303	1.00	3850	21.07.27	11:02	1	30	3850	3850	00	5902596671938	0	0	0	0	0	0	0	0
$1	1505	946	2	0	0026	1.000	1090	21.07.27	11:02	1	30	1090	1090	00	0000000000000	0	0	0	0	0	0	0	0
$1	1505	947	1	0	0790	1.00	7900	21.07.27	11:03	1	30	7900	7900	00	0000003007907	0	0	0	0	0	0	0	0
$1	1505	948	1	0	2009	1.00	2950	21.07.27	11:16	1	30	2950	2950	00	0000009020092	0	0	0	0	0	0	0	0
$1	1505	948	2	0	1689	1.00	2800	21.07.27	11:16	1	30	2800	2800	00	0000007016899	0	0	0	0	0	0	0	0
$1	1505	949	1	0	1183	2.00	1180	21.07.27	11:23	2	30	1180	1180	00	5909990628414	0	0	0	0	0	0	0	0
$1	1505	950	1	0	1252	1.00	1250	21.07.27	12:06	2	30	1250	1250	00	0000005012527	0	0	0	0	0	0	0	0
$1	1505	950	2	0	3024	1.00	350	21.07.27	12:06	2	30	350	350	00	0000020030247	0	0	0	0	0	0	0	0
$1	1505	950	3	0	3080	1.00	750	21.07.27	12:06	2	30	750	750	00	5902741003317	0	0	0	0	0	0	0	0
$1	1505	950	4	0	3029	1.00	250	21.07.27	12:06	3	30	250	250	00	5902741002921	0	0	0	0	0	0	0	0
$1	1505	950	5	0	3070	1.00	690	21.07.27	12:06	2	30	690	690	00	5902741002877	0	0	0	0	0	0	0	0
$1	1505	950	6	0	2500	1.00	1490	21.07.27	12:06	1	30	1490	1490	00	0000020025007	0	0	0	0	0	0	0	0
$1	1505	950	7	0	3131	1.00	700	21.07.27	12:06	2	30	700	700	00	5903246860368	0	0	0	0	0	0	0	0
$1	1505	950	8	0	1088	1.00	650	21.07.27	12:06	3	30	650	650	00	0000005010882	0	0	0	0	0	0	0	0
$1	1505	950	9	0	2487	1.00	490	21.07.27	12:06	2	30	490	490	00	5902741003027	0	0	0	0	0	0	0	0
$1	1505	950	10	0	2481	1.00	390	21.07.27	12:06	2	30	390	390	00	5902741001313	0	0	0	0	0	0	0	0
$1	1505	950	11	0	0557	1.00	2290	21.07.27	12:06	1	30	2290	2290	00	5902249010411	0	0	0	0	0	0	0	0
$1	1505	950	12	0	2350	1.00	650	21.07.27	12:06	1	30	650	650	00	0000015023506	0	0	0	0	0	0	0	0
$1	1505	950	13	0	1142	1.00	1590	21.07.27	12:06	1	30	1590	1590	00	0000005011421	0	0	0	0	0	0	0	0
$1	1505	950	14	0	1405	1.00	1650	21.07.27	12:06	1	30	1650	1650	00	0000006014056	0	0	0	0	0	0	0	0
$1	1505	950	15	0	2668	1.00	1790	21.07.27	12:06	2	30	1790	1790	00	0000017026680	0	0	0	0	0	0	0	0
$1	1505	950	16	0	0503	1.00	2090	21.07.27	12:06	1	30	2090	2090	00	5907502687539	0	0	0	0	0	0	0	0
$1	1505	951	1	0	0001	2.000	5900	21.07.27	12:21	1	30	5900	5900	00	0000000000000	0	0	0	0	0	0	0	0
$1	1505	952	1	0	1234	2.00	1300	21.07.27	12:22	2	30	1300	1300	00	5909990311910	0	0	0	0	0	0	0	0
$1	1505	953	1	0	1370	1.00	19	21.07.27	13:29	1	30	19	1890	00	0000006013707	0	0	0	0	0	0	0	1
$1	1505	954	1	0	1713	1.00	3190	21.07.27	13:52	1	30	3190	3190	00	5907688710588	0	0	0	0	0	0	0	0
$1	1505	954	2	0	0586	1.00	690	21.07.27	13:52	1	30	690	690	00	5902249010527	0	0	0	0	0	0	0	0
$1	1505	954	3	0	0608	1.00	850	21.07.27	13:52	1	30	850	850	00	5902249011050	0	0	0	0	0	0	0	0
$1	1505	954	4	0	0570	1.00	690	21.07.27	13:52	1	30	690	690	00	5902249010503	0	0	0	0	0	0	0	0
$1	1505	954	5	0	0026	2.000	1180	21.07.27	13:52	1	30	1180	1180	00	0000000000000	0	0	0	0	0	0	0	0
$1	1505	954	6	0	0869	1.00	5490	21.07.27	13:52	1	30	5490	5490	00	0000004008699	0	0	0	0	0	0	0	0
$1	1505	954	7	0	0490	1.00	1290	21.07.27	13:52	1	30	1290	1290	00	0000002004907	0	0	0	0	0	0	0	0
$1	1505	954	8	0	0026	1.000	1190	21.07.27	13:52	1	30	1190	1190	00	0000000000000	0	0	0	0	0	0	0	0
$1	1505	955	1	0	3203	2.00	580	21.07.27	13:55	1	30	580	580	00	0000021032035	0	0	0	0	0	0	0	0
$1	1505	956	1	0	2053	1.00	2550	21.07.27	13:59	1	30	2550	2550	00	0000011020530	0	0	0	0	0	0	0	0
$1	1505	957	1	0	3722	1.00	790	21.07.27	15:30	1	30	790	790	00	0000025037227	0	0	0	0	0	0	0	0
$1	1505	958	1	0	3903	1.00	2150	21.07.27	15:52	1	30	2150	2150	00	0000028039037	0	0	0	0	0	0	0	0
$1	1505	958	2	0	0640	1.00	3090	21.07.27	15:52	1	30	3090	3090	00	5902249011555	0	0	0	0	0	0	0	0
$1	1505	958	3	0	0662	1.00	3190	21.07.27	15:52	1	30	3190	3190	00	5902249014952	0	0	0	0	0	0	0	0
$1	1505	958	4	0	0025	1.000	490	21.07.27	15:52	1	30	490	490	00	0000000000000	0	0	0	0	0	0	0	0
$1	1505	959	1	0	0002	1.000	1090	21.07.27	16:07	1	30	1090	1090	00	0000000000000	0	0	0	0	0	0	0	0
$1	1505	960	1	0	2432	1.00	2590	21.07.27	16:17	1	30	2590	2590	00	0000016024328	0	0	0	0	0	0	0	0
$1	1505	960	2	0	2443	1.00	2890	21.07.27	16:17	1	30	2890	2890	00	0000016024434	0	0	0	0	0	0	0	0
$1	1505	961	1	0	1183	1.00	590	21.07.27	17:10	2	30	590	590	00	5909990628414	0	0	0	0	0	0	0	0
$1	1506	964	1	0	3951	1.00	3750	21.07.28	10:29	1	30	3750	3750	00	0000031039512	0	0	0	0	0	0	0	0
$1	1506	964	2	0	3972	1.00	2750	21.07.28	10:29	1	30	2750	2750	00	0000031039727	0	0	0	0	0	0	0	0
$1	1506	965	1	0	0609	1.00	4190	21.07.28	10:31	1	30	4190	4190	00	5902249011111	0	0	0	0	0	0	0	0
$1	1506	965	2	0	0529	1.00	2090	21.07.28	10:31	1	30	2090	2190	00	0000002005294	0	0	0	0	0	0	0	1
$1	1506	966	1	0	1218	1.00	550	21.07.28	10:36	2	30	550	550	00	5909994310513	0	0	0	0	0	0	0	0
$1	1506	967	1	0	2350	2.00	1300	21.07.28	10:47	1	30	1300	1300	00	0000015023506	0	0	0	0	0	0	0	0
$1	1506	967	2	0	2279	1.00	2050	21.07.28	10:47	1	30	2050	2050	00	0000014022791	0	0	0	0	0	0	0	0
$1	1506	968	1	0	2053	1.00	2550	21.07.28	10:50	1	30	2550	2550	00	0000011020530	0	0	0	0	0	0	0	0
$1	1506	969	1	0	0727	1.00	7425	21.07.28	10:58	1	30	7425	8250	00	0000003007273	0	0	0	0	0	0	0	1
$1	1506	970	1	0	1097	2.00	8	21.07.28	11:56	2	30	800	800	00	5909994310568	0	1	0	0	0	0	0	0
$1	1506	970	2	0	1217	1.00	5	21.07.28	11:56	2	30	450	450	00	5909990195824	0	1	0	0	0	0	0	0
$1	1506	971	1	0	1249	1.00	750	21.07.28	12:51	2	30	750	750	00	5909994310667	0	0	0	0	0	0	0	0
$1	1506	971	2	0	1179	1.00	490	21.07.28	12:51	2	30	490	490	00	5909994309524	0	0	0	0	0	0	0	0
$1	1506	971	3	0	1107	1.00	400	21.07.28	12:51	2	30	400	400	00	5909994311466	0	0	0	0	0	0	0	0
$1	1506	971	4	0	1151	1.00	450	21.07.28	12:51	2	30	450	450	00	5909990468126	0	0	0	0	0	0	0	0
$1	1506	971	5	0	1202	1.00	490	21.07.28	12:51	2	30	490	490	00	5909994309326	0	0	0	0	0	0	0	0
$1	1506	972	1	0	0639	1.00	3090	21.07.28	12:58	1	30	3090	3090	00	5902249011777	0	0	0	0	0	0	0	0
$1	1506	972	2	0	0505	1.00	3190	21.07.28	12:58	1	30	3190	3190	00	5907502687515	0	0	0	0	0	0	0	0
$1	1506	973	1	0	2341	1.00	1990	21.07.28	13:33	1	30	1990	1990	00	5903760200572	0	0	0	0	0	0	0	0
$1	1506	974	1	0	2341	1.00	1990	21.07.28	13:35	1	30	1990	1990	00	5903760200572	0	0	0	0	0	0	0	0
$1	1506	975	1	0	0012	1.000	1150	21.07.28	13:39	1	30	1150	1150	00	0000000000000	0	0	0	0	0	0	0	0
$1	1506	976	1	0	0895	1.00	3890	21.07.28	14:18	1	30	3890	3890	00	5902596416294	0	0	0	0	0	0	0	0
$1	1506	977	1	0	0088	1.000	1990	21.07.28	14:27	1	30	1990	1990	00	0000000000000	0	0	0	0	0	0	0	0
$1	1506	977	2	0	3165	1.00	7500	21.07.28	14:27	1	30	7500	7500	00	0000018031652	0	0	0	0	0	0	0	0
$1	1506	977	3	0	3168	1.00	2890	21.07.28	14:27	1	30	2890	2890	00	0000018031683	0	0	0	0	0	0	0	0
$1	1506	978	1	0	2053	1.00	2550	21.07.28	14:37	1	30	2550	2550	00	0000011020530	0	0	0	0	0	0	0	0
$1	1506	979	1	0	1191	2.00	900	21.07.28	14:58	2	30	900	900	00	5909990628490	0	0	0	0	0	0	0	0
$1	1506	979	2	0	1232	2.00	800	21.07.28	14:58	2	30	800	800	00	5909990219520	0	0	0	0	0	0	0	0
$1	1506	979	3	0	1181	2.00	780	21.07.28	14:58	2	30	780	780	00	5909994310964	0	0	0	0	0	0	0	0
$1	1506	979	4	0	1085	2.00	980	21.07.28	14:58	2	30	980	980	00	0000005010851	0	0	0	0	0	0	0	0
$1	1506	979	5	0	1007	2.00	1300	21.07.28	14:58	2	30	1300	1300	00	5907752643460	0	0	0	0	0	0	0	0
$1	1506	980	1	0	1055	1.00	790	21.07.28	15:28	3	30	790	790	00	0000005010554	0	0	0	0	0	0	0	0
$1	1506	981	1	0	1800	1.00	2650	21.07.28	15:40	1	30	2650	2650	00	5711914104900	0	0	0	0	0	0	0	0
$1	1506	981	2	0	1799	1.00	2590	21.07.28	15:40	1	30	2590	2590	00	5711914104788	0	0	0	0	0	0	0	0
$1	1506	981	3	0	0209	1.000	990	21.07.28	15:40	1	30	990	990	00	0000000000000	0	0	0	0	0	0	0	0
$1	1506	982	1	0	2050	1.00	2550	21.07.28	16:13	1	30	2550	2550	00	0000011020509	0	0	0	0	0	0	0	0
$1	1506	983	1	0	1215	1.00	6	21.07.28	16:23	2	30	550	550	00	0000005012152	0	1	0	0	0	0	0	0
$1	1506	983	2	0	1215	1.00	6	21.07.28	16:23	2	30	550	550	00	0000005012152	0	1	0	0	0	0	0	0
$1	1506	983	3	0	1821	1.00	19	21.07.28	16:23	1	30	1890	1890	00	5701278288149	0	1	0	0	0	0	0	0
$1	1506	983	4	0	3850	1.00	11	21.07.28	16:23	1	30	1050	1050	00	0000026038506	0	1	0	0	0	0	0	0
$1	1506	984	1	0	1726	1.00	7950	21.07.28	16:51	1	30	7950	7950	00	0000008017260	0	0	0	0	0	0	0	0
$1	1506	984	2	0	2024	2.00	3980	21.07.28	16:51	1	30	3980	4980	00	0000010020241	0	0	0	0	0	0	0	1
$1	1506	985	1	0	2343	1.00	1990	21.07.28	17:08	1	30	1990	1990	00	5900168907706	0	0	0	0	0	0	0	0
$1	1506	986	1	0	0396	1.00	1890	21.07.28	17:10	1	30	1890	1890	00	5900168907775	0	0	0	0	0	0	0	0
$1	1506	987	1	0	0972	1.00	4	21.07.28	17:10	3	30	4	390	00	0000005009725	0	0	0	0	0	0	0	1
