#1	COM255:1:STX6:1	5	2023.07.04	14:54	OPSpRoz4	WIN 13.32.2020	OPSPROZ4IN.txt	OPSPROZ4OUT.txt
#
#ELZAB Jota online 20000 PLU II gen. ver. 01 (identyfikator odczytany z urzadzenia i pliku ECRTBUF.TXT)
$1	231	19	1	0	0041	1.000	300	23.05.30	17:25	1	01	300	300	00		0	0	0	0	0	0	0	0
$4	231	19	2	0	0	300	300
$14	01	23.05.31	09:31	4
$13	00	1	23.05.31	09:31	01	0	0	0	0	0	0	0	0	0	             
$10	232	1	1	0	4296	1.00	11450	23.05.31	10:03	1	01	11450	11450	00	10005576	0	0	0	0	0	0	0	0
$1	232	1	1	0	2408	1.00	3290	23.05.31	10:31	1	01	3290	3290	00	16024083	0	0	0	0	0	0	0	0
$4	232	1	1	0	0	10000	10000
$4	232	1	1	0	1	6710	6710
$1	232	2	1	0	4296	1.00	11450	23.05.31	10:40	1	01	11450	11450	00	10005576	0	0	0	0	0	0	0	0
$1	232	2	2	0	3813	1.00	2590	23.05.31	10:40	1	01	2590	2590	00	26038131	0	0	0	0	0	0	0	0
$1	232	2	3	0	2159	1.00	2250	23.05.31	10:46	1	01	2250	2250	00	13021597	0	0	0	0	0	0	0	0
$1	232	2	4	0	3901	1.00	1090	23.05.31	10:46	1	01	1090	1090	00	28039013	0	0	0	0	0	0	0	0
$1	232	2	5	0	0354	1.00	2790	23.05.31	10:48	1	01	2790	2790	00	5900168907287	0	0	0	0	0	0	0	0
$1	232	2	6	0	2026	1.00	2650	23.05.31	10:48	1	01	2650	2650	00	10020265	0	0	0	0	0	0	0	0
$1	232	2	7	0	4721	1.00	1890	23.05.31	10:48	2	01	1890	1890	00	5904538032432	0	0	0	0	0	0	0	0
$1	232	2	8	0	3136	1.00	2450	23.05.31	10:48	2	01	2450	2450	00	10009239	0	0	0	0	0	0	0	0
$1	232	2	9	0	3155	1.00	1672	23.05.31	11:05	1	01	1672	2090	00	5902249015805	0	0	0	0	0	0	0	1
$4	232	2	2	0	0	28832	28832
$1	232	3	1	0	2350	2.00	1580	23.05.31	11:30	1	01	1580	1580	00	15023506	0	0	0	0	0	0	0	0
$4	232	3	2	0	0	1580	1580
$1	232	4	1	0	0209	1.000	4392	23.05.31	11:43	1	01	4392	5490	00		0	0	0	0	0	0	0	1
$1	232	4	2	0	4628	1.00	1790	23.05.31	11:44	1	01	1790	1790	00	10008249	0	0	0	0	0	0	0	0
$1	232	4	3	0	1755	1.00	4950	23.05.31	11:44	1	01	4950	4950	00	8017550	0	0	0	0	0	0	0	0
$1	232	4	4	0	3606	1.00	4990	23.05.31	11:45	1	01	4990	4990	00	25577	0	0	0	0	0	0	0	0
$4	232	4	2	0	0	16122	16122
$1	232	5	1	0	2663	1.00	850	23.05.31	12:49	2	01	850	850	00	5907559279169	0	0	0	0	0	0	0	0
$4	232	5	1	0	0	1000	1000
$4	232	5	1	0	1	150	150
$1	232	6	1	0	0066	2.000	2380	23.05.31	12:49	1	01	2380	2380	00		0	0	0	0	0	0	0	0
$1	232	6	2	0	4703	1.00	3650	23.05.31	12:50	1	01	3650	3650	00	10008973	0	0	0	0	0	0	0	0
$1	232	6	3	0	4702	1.00	1390	23.05.31	12:50	2	01	1390	1390	00	4820198879822	0	0	0	0	0	0	0	0
$1	232	6	4	0	4701	1.00	1390	23.05.31	12:50	1	01	1390	1390	00	4820198879648	0	0	0	0	0	0	0	0
$1	232	6	5	0	4702	1.00	1390	23.05.31	12:50	2	01	1390	1390	00	10008966	0	0	0	0	0	0	0	0
$1	232	6	6	0	4698	1.00	990	23.05.31	12:50	2	01	990	990	00	4820198871123	0	0	0	0	0	0	0	0
$1	232	6	7	0	4697	1.00	990	23.05.31	12:50	1	01	990	990	00	10008911	0	0	0	0	0	0	0	0
$1	232	6	8	0	4699	1.00	990	23.05.31	12:50	1	01	990	990	00	10008935	0	0	0	0	0	0	0	0
$1	232	6	9	0	4704	1.00	2490	23.05.31	12:50	2	01	2490	2490	00	10008980	0	0	0	0	0	0	0	0
$29	232	6	6351672107	3790
$4	232	6	2	0	0	15660	15660
$1	232	7	1	0	0451	1.00	4600	23.05.31	14:29	1	01	4600	4600	00	5907502687102	0	0	0	0	0	0	0	0
$1	232	7	2	0	0450	1.00	4600	23.05.31	14:32	1	01	4600	4600	00	5907502687157	0	0	0	0	0	0	0	0
$4	232	7	1	0	0	9200	9200
$1	232	8	1	0	0578	1.00	3250	23.05.31	16:07	1	01	3250	3250	00	5902249010916	0	0	0	0	0	0	0	0
$1	232	8	2	0	0454	1.00	3867	23.05.31	16:07	1	01	3867	4550	00	5907502687188	0	0	0	0	0	0	0	1
$1	232	8	3	0	1043	1.00	1190	23.05.31	16:07	2	01	1190	1190	00	5905279799196	0	0	0	0	0	0	0	0
$1	232	8	4	0	0982	1.00	590	23.05.31	16:07	2	01	590	590	00	5907752643385	0	0	0	0	0	0	0	0
$1	232	8	5	0	0982	1.00	590	23.05.31	16:07	2	01	590	590	00	5907752643385	0	0	0	0	0	0	0	0
$1	232	8	6	0	0952	1.00	490	23.05.31	16:07	4	01	490	490	00	5906365702472	0	0	0	0	0	0	0	0
$1	232	8	7	0	0952	1.00	490	23.05.31	16:07	4	01	490	490	00	5906365702472	0	0	0	0	0	0	0	0
$1	232	8	8	0	1039	1.00	650	23.05.31	16:07	2	01	650	650	00	5906365702823	0	0	0	0	0	0	0	0
$4	232	8	2	0	0	11117	11117
$1	232	9	1	0	2024	1.00	1590	23.05.31	17:34	1	01	1590	2490	00	10020241	0	0	0	0	0	0	0	1
$4	232	9	2	0	0	1590	1590
$14	01	23.06.01	10:15	4
$13	00	1	23.06.01	10:15	01	0	0	0	0	0	0	0	0	0	             
$1	233	1	1	0	1055	1.00	990	23.06.01	10:45	4	01	990	990	00	5010554	0	0	0	0	0	0	0	0
$1	233	1	2	0	1111	1.00	590	23.06.01	10:46	2	01	590	590	00	5906365702304	0	0	0	0	0	0	0	0
$4	233	1	1	0	0	1600	1600
$4	233	1	1	0	1	020	020
$1	233	2	1	0	0988	1.00	850	23.06.01	11:56	1	01	850	850	00	5009886	0	0	0	0	0	0	0	0
$4	233	2	1	0	0	1000	1000
$4	233	2	1	0	1	150	150
$1	233	3	1	0	1107	1.00	550	23.06.01	12:02	2	01	550	550	00	5909994311466	0	0	0	0	0	0	0	0
$1	233	3	2	0	1163	1.00	550	23.06.01	12:02	2	01	550	550	00	5909994308824	0	0	0	0	0	0	0	0
$1	233	3	3	0	1001	1.00	700	23.06.01	12:02	2	01	700	700	00	5909990903016	0	0	0	0	0	0	0	0
$1	233	3	4	0	1230	1.00	550	23.06.01	12:02	2	01	550	550	00	5909994310766	0	0	0	0	0	0	0	0
$1	233	3	5	0	1231	1.00	550	23.06.01	12:02	2	01	550	550	00	5909994310469	0	0	0	0	0	0	0	0
$1	233	3	6	0	1250	1.00	750	23.06.01	12:02	2	01	750	750	00	5909990628278	0	0	0	0	0	0	0	0
$1	233	3	7	0	1223	1.00	690	23.06.01	12:02	2	01	690	690	00	5909990195428	0	0	0	0	0	0	0	0
$1	233	3	8	0	1179	1.00	750	23.06.01	12:03	2	01	750	750	00	5909994309524	0	0	0	0	0	0	0	0
$1	233	3	9	0	1217	1.00	500	23.06.01	12:03	2	01	500	500	00	5909990195824	0	0	0	0	0	0	0	0
$1	233	3	10	0	1181	1.00	550	23.06.01	12:03	2	01	550	550	00	5909994310964	0	0	0	0	0	0	0	0
$4	233	3	2	0	0	6140	6140
$1	233	4	1	0	1093	1.00	750	23.06.01	12:06	2	01	750	750	00	5906365702212	0	0	0	0	0	0	0	0
$1	233	4	2	0	1179	1.00	750	23.06.01	12:06	2	01	750	750	00	5909994309524	0	0	0	0	0	0	0	0
$1	233	4	3	0	1233	1.00	750	23.06.01	12:06	2	01	750	750	00	5909990628223	0	0	0	0	0	0	0	0
$1	233	4	4	0	1250	1.00	750	23.06.01	12:06	2	01	750	750	00	5909990628278	0	0	0	0	0	0	0	0
$1	233	4	5	0	0982	1.00	590	23.06.01	12:06	2	01	590	590	00	5907752643385	0	0	0	0	0	0	0	0
$1	233	4	6	0	1170	1.00	590	23.06.01	12:06	2	01	590	590	00	5909994311565	0	0	0	0	0	0	0	0
$1	233	4	7	0	1097	1.00	550	23.06.01	12:06	2	01	550	550	00	5909994310568	0	0	0	0	0	0	0	0
$1	233	4	8	0	0996	1.00	650	23.06.01	12:06	2	01	650	650	00	5906365702076	0	0	0	0	0	0	0	0
$1	233	4	9	0	1038	1.00	650	23.06.01	12:06	2	01	650	650	00	5906365702120	0	0	0	0	0	0	0	0
$4	233	4	2	0	0	6030	6030
$1	233	5	1	0	1111	3.00	1770	23.06.01	12:16	2	01	1770	1770	00	5906365702304	0	0	0	0	0	0	0	0
$4	233	5	1	0	0	5000	5000
$4	233	5	1	0	1	3230	3230
$1	233	6	1	0	2341	1.00	2350	23.06.01	13:17	1	01	2350	2350	00	5903760200572	0	0	0	0	0	0	0	0
$1	233	6	2	0	4748	1.00	3450	23.06.01	13:17	1	01	3450	3450	00	10009680	0	0	0	0	0	0	0	0
$1	233	6	3	0	4749	1.00	3890	23.06.01	13:17	1	01	3890	3890	00	5902249017526	0	0	0	0	0	0	0	0
$1	233	6	4	0	4754	1.00	3350	23.06.01	13:17	1	01	3350	3350	00	5902249017250	0	0	0	0	0	0	0	0
$1	233	6	5	0	0577	1.00	4050	23.06.01	13:17	1	01	4050	4050	00	5902249010022	0	0	0	0	0	0	0	0
$1	233	6	6	0	4537	1.00	5190	23.06.01	13:18	1	01	5190	5190	00	10007136	0	0	0	0	0	0	0	0
$4	233	6	2	0	0	22280	22280
$1	233	7	1	0	0031	1.000	10950	23.06.01	14:55	1	01	10950	10950	00		0	0	0	0	0	0	0	0
$1	233	7	2	0	4022	1.00	3590	23.06.01	14:55	1	01	3590	3590	00	10504	0	0	0	0	0	0	0	0
$4	233	7	1	0	0	20000	20000
$4	233	7	1	0	1	5460	5460
$1	233	8	1	0	0457	1.00	1400	23.06.01	16:19	1	01	1400	1400	00	5907502687065	0	0	0	0	0	0	0	0
$4	233	8	1	0	0	1400	1400
$1	233	9	1	0	1103	1.00	690	23.06.01	16:23	2	01	690	690	00	5905279799004	0	0	0	0	0	0	0	0
$1	233	9	2	0	0994	1.00	590	23.06.01	16:23	2	01	590	590	00	5906365702854	0	0	0	0	0	0	0	0
$1	233	9	3	0	2350	1.00	790	23.06.01	16:25	1	01	790	790	00	15023506	0	0	0	0	0	0	0	0
$4	233	9	1	0	0	2070	2070
$1	233	10	1	0	2009	1.00	3450	23.06.01	16:40	1	01	3450	3450	00	10007594	0	0	0	0	0	0	0	0
$1	233	10	2	0	1713	1.00	2990	23.06.01	16:41	1	01	2990	2990	00	5907688710588	0	0	0	0	0	0	0	0
$4	233	10	2	0	0	6440	6440
$1	233	11	1	0	1215	1.00	690	23.06.01	16:42	2	01	690	690	00	5909994311213	0	0	0	0	0	0	0	0
$4	233	11	1	0	0	1000	1000
$4	233	11	1	0	1	310	310
$1	233	12	1	0	4603	1.00	2850	23.06.01	17:26	1	01	2850	2850	00	10007990	0	0	0	0	0	0	0	0
$1	233	12	2	0	0989	1.00	550	23.06.01	17:26	4	01	550	550	00	5009893	0	0	0	0	0	0	0	0
$4	233	12	1	0	0	3400	3400
$14	01	23.06.02	09:39	4
$13	00	1	23.06.02	09:39	01	0	0	0	0	0	0	0	0	0	             
$1	234	1	1	0	4245	1.00	3450	23.06.02	09:39	2	01	3450	3450	00	10001134	0	0	0	0	0	0	0	0
$4	234	1	1	0	0	4000	4000
$4	234	1	1	0	1	550	550
$1	234	2	1	0	4747	1.00	3890	23.06.02	09:42	1	01	3890	3890	00	10009673	0	0	0	0	0	0	0	0
$4	234	2	2	0	0	3890	3890
$1	234	3	1	0	2350	1.00	790	23.06.02	09:44	1	01	790	790	00	15023506	0	0	0	0	0	0	0	0
$4	234	3	1	0	0	2000	2000
$4	234	3	1	0	1	1210	1210
$1	234	4	1	0	1040	1.00	550	23.06.02	10:23	2	01	550	550	00	5906365702847	0	0	0	0	0	0	0	0
$1	234	4	2	0	1018	1.00	2200	23.06.02	10:24	2	01	2200	2200	00	5010189	0	0	0	0	0	0	0	0
$1	234	4	3	0	2350	1.00	790	23.06.02	10:24	1	01	790	790	00	15023506	0	0	0	0	0	0	0	0
$4	234	4	2	0	0	3540	3540
$1	234	5	1	0	3901	4.00	4360	23.06.02	10:27	1	01	4360	4360	00	28039013	0	0	0	0	0	0	0	0
$1	234	5	2	0	2350	1.00	790	23.06.02	10:27	1	01	790	790	00	15023506	0	0	0	0	0	0	0	0
$1	234	5	3	0	2053	1.00	2990	23.06.02	10:31	1	01	2990	2990	00	11020530	0	0	0	0	0	0	0	0
$4	234	5	2	0	0	8140	8140
$1	234	6	1	0	0794	1.00	1750	23.06.02	10:33	1	01	1750	1750	00	19224	0	0	0	0	0	0	0	0
$4	234	6	1	0	0	1750	1750
$1	234	7	1	0	1560	1.00	4550	23.06.02	11:04	4	01	4550	4550	00	7015601	0	0	0	0	0	0	0	0
$4	234	7	2	0	0	4550	4550
$1	234	8	1	0	4014	1.00	3090	23.06.02	11:09	1	01	3090	3090	00	8691190375010	0	0	0	0	0	0	0	0
$4	234	8	2	0	0	3090	3090
$1	234	9	1	0	4118	1.00	1590	23.06.02	11:25	1	01	1590	1590	00	10000427	0	0	0	0	0	0	0	0
$1	234	9	2	0	4625	1.00	1390	23.06.02	11:25	1	01	1390	1390	00	5903760202873	0	0	0	0	0	0	0	0
$1	234	9	3	0	2024	1.00	2490	23.06.02	11:25	1	01	2490	2490	00	10020241	0	0	0	0	0	0	0	0
$4	234	9	1	0	0	10000	10000
$4	234	9	1	0	1	4530	4530
$1	234	10	1	0	1112	1.00	750	23.06.02	11:58	2	01	750	750	00	5906365702267	0	0	0	0	0	0	0	0
$4	234	10	2	0	0	750	750
$12	234	1	1	0	4229	1.00	1290	23.06.02	12:39	1	01	1290	1290	00	8691190864101	0	0	0	0	0	0	0	0
$1	234	11	1	0	2350	1.00	790	23.06.02	12:50	1	01	790	790	00	15023506	0	0	0	0	0	0	0	0
$4	234	11	1	0	0	900	900
$4	234	11	1	0	1	110	110
$1	234	12	1	0	3400	1.00	3090	23.06.02	14:18	1	01	3090	3090	00	10005965	0	0	0	0	0	0	0	0
$1	234	12	2	0	0016	1.000	3190	23.06.02	14:18	1	01	3190	3190	00	25638	0	0	0	0	0	0	0	0
$1	234	12	3	0	3240	1.00	3190	23.06.02	14:18	1	01	3190	3190	00	10002742	0	0	0	0	0	0	0	0
$4	234	12	2	0	0	9470	9470
$1	234	13	1	0	0498	1.00	2700	23.06.02	14:23	1	01	2700	2700	00	5907502687546	0	0	0	0	0	0	0	0
$4	234	13	2	0	0	2700	2700
$1	234	14	1	0	3510	1.00	4350	23.06.02	15:46	1	01	4350	4350	00	24035101	0	0	0	0	0	0	0	0
$1	234	14	2	0	4436	1.00	4550	23.06.02	15:46	1	01	4550	4550	00	10005767	0	0	0	0	0	0	0	0
$1	234	14	3	0	4418	1.00	4490	23.06.02	15:46	1	01	4490	4490	00	10005583	0	0	0	0	0	0	0	0
$1	234	14	4	0	0225	1.000	300	23.06.02	15:46	1	01	300	300	00		0	0	0	0	0	0	0	0
$4	234	14	2	0	0	13690	13690
$1	234	15	1	0	4328	1.00	1650	23.06.02	16:34	2	01	1650	1650	00	10009109	0	0	0	0	0	0	0	0
$1	234	15	2	0	3051	1.00	1050	23.06.02	16:34	4	01	1050	1050	00	10007785	0	0	0	0	0	0	0	0
$1	234	15	3	0	3254	1.00	1350	23.06.02	16:34	1	01	1350	1350	00	22032546	0	0	0	0	0	0	0	0
$1	234	15	4	0	3319	1.00	1990	23.06.02	16:34	2	01	1990	1990	00	22033192	0	0	0	0	0	0	0	0
$1	234	15	5	0	2262	1.00	490	23.06.02	16:34	2	01	490	490	00	20022624	0	0	0	0	0	0	0	0
$1	234	15	6	0	2260	1.00	450	23.06.02	16:34	4	01	450	450	00	10009291	0	0	0	0	0	0	0	0
$1	234	15	7	0	2483	1.00	550	23.06.02	16:34	2	01	550	550	00	10009307	0	0	0	0	0	0	0	0
$1	234	15	8	0	4718	1.00	750	23.06.02	16:35	2	01	750	750	00	10009116	0	0	0	0	0	0	0	0
$1	234	15	9	0	4316	1.00	1450	23.06.02	16:36	4	01	1450	1450	00	10009284	0	0	0	0	0	0	0	0
$1	234	15	10	0	4318	1.00	1350	23.06.02	16:36	4	01	1350	1350	00	10003855	0	0	0	0	0	0	0	0
$4	234	15	1	0	0	11080	11080
$1	234	16	1	0	2053	1.00	2990	23.06.02	17:19	1	01	2990	2990	00	11020530	0	0	0	0	0	0	0	0
$1	234	16	2	0	0031	1.000	2600	23.06.02	17:19	1	01	2600	2600	00		0	0	0	0	0	0	0	0
$4	234	16	2	0	0	5590	5590
$14	01	23.06.03	09:45	4
$13	00	1	23.06.03	09:45	01	0	0	0	0	0	0	0	0	0	             
$1	235	1	1	0	0333	1.00	2150	23.06.03	09:52	1	01	2150	2150	00	5900168907263	0	0	0	0	0	0	0	0
$4	235	1	1	0	0	2150	2150
$1	235	2	1	0	0515	1.00	2847	23.06.03	09:56	1	01	2847	3350	00	5907502687782	0	0	0	0	0	0	0	1
$4	235	2	1	0	0	5000	5000
$4	235	2	1	0	1	2153	2153
$1	235	3	1	0	0986	1.00	650	23.06.03	10:15	2	01	650	650	00	5906365702007	0	0	0	0	0	0	0	0
$4	235	3	1	0	0	1000	1000
$4	235	3	1	0	1	350	350
$1	235	4	1	0	4703	1.00	3650	23.06.03	10:20	1	01	3650	3650	00	4820097816171	0	0	0	0	0	0	0	0
$1	235	4	2	0	2050	1.00	2990	23.06.03	10:21	1	01	2990	2990	00	11020509	0	0	0	0	0	0	0	0
$4	235	4	2	0	0	6640	6640
$1	235	5	1	0	2053	1.00	2990	23.06.03	10:23	1	01	2990	2990	00	11020530	0	0	0	0	0	0	0	0
$4	235	5	2	0	0	2990	2990
$1	235	6	1	0	3017	1.00	7550	23.06.03	10:29	1	01	7550	7550	00	10007143	0	0	0	0	0	0	0	0
$4	235	6	2	0	0	7550	7550
$1	235	7	1	0	2833	1.00	7900	23.06.03	10:30	1	01	7900	7900	00	18028331	0	0	0	0	0	0	0	0
$4	235	7	2	0	0	7900	7900
$1	235	8	1	0	0579	1.00	2541	23.06.03	11:09	1	01	2541	2990	00	5902249010923	0	0	0	0	0	0	0	1
$1	235	8	2	0	0450	1.00	4600	23.06.03	11:09	1	01	4600	4600	00	5907502687157	0	0	0	0	0	0	0	0
$1	235	8	3	0	4667	1.00	5900	23.06.03	11:09	1	01	5900	5900	00	5907502687393	0	0	0	0	0	0	0	0
$1	235	8	4	0	0505	1.00	3600	23.06.03	11:09	1	01	3600	3600	00	5907502687515	0	0	0	0	0	0	0	0
$4	235	8	2	0	0	16641	16641
$1	235	9	1	0	4338	1.00	7290	23.06.03	11:39	1	01	7290	7290	00	10004579	0	0	0	0	0	0	0	0
$4	235	9	2	0	0	7290	7290
$1	235	10	1	0	3083	1.00	950	23.06.03	11:59	2	01	950	950	00	10003602	0	0	0	0	0	0	0	0
$4	235	10	1	0	0	2000	2000
$4	235	10	1	0	1	1050	1050
$1	235	11	1	0	2053	1.00	2990	23.06.03	12:40	1	01	2990	2990	00	11020530	0	0	0	0	0	0	0	0
$4	235	11	1	0	0	3000	3000
$4	235	11	1	0	1	010	010
$1	235	12	1	0	3136	1.00	2450	23.06.03	12:48	2	01	2450	2450	00	10009239	0	0	0	0	0	0	0	0
$1	235	12	2	0	3021	1.00	2250	23.06.03	12:48	2	01	2250	2250	00	10009161	0	0	0	0	0	0	0	0
$1	235	12	3	0	2329	1.00	990	23.06.03	12:48	2	01	990	990	00	10009246	0	0	0	0	0	0	0	0
$4	235	12	2	0	0	5690	5690
$1	235	13	1	0	4649	1.00	3590	23.06.03	13:11	1	01	3590	3590	00	10008478	0	0	0	0	0	0	0	0
$1	235	13	2	0	4557	1.00	6150	23.06.03	13:11	1	01	6150	6150	00	10007631	0	0	0	0	0	0	0	0
$1	235	13	3	0	4328	1.00	1650	23.06.03	13:11	2	01	1650	1650	00	10009109	0	0	0	0	0	0	0	0
$1	235	13	4	0	2053	1.00	2990	23.06.03	13:17	1	01	2990	2990	00	11020530	0	0	0	0	0	0	0	0
$1	235	13	5	0	2050	1.00	2990	23.06.03	13:17	1	01	2990	2990	00	11020509	0	0	0	0	0	0	0	0
$1	235	13	6	0	2050	1.00	2990	23.06.03	13:17	1	01	2990	2990	00	11020509	0	0	0	0	0	0	0	0
$1	235	13	7	0	0225	1.000	450	23.06.03	13:18	1	01	450	450	00		0	0	0	0	0	0	0	0
$4	235	13	1	0	0	21000	21000
$4	235	13	1	0	1	190	190
$1	235	14	1	0	0790	1.00	7900	23.06.03	13:33	1	01	7900	7900	00	3007907	0	0	0	0	0	0	0	0
$1	235	14	2	0	2329	1.00	990	23.06.03	13:35	2	01	990	990	00	10009246	0	0	0	0	0	0	0	0
$4	235	14	2	0	0	8890	8890
$14	01	23.06.05	09:35	4
$13	00	1	23.06.05	09:36	01	0	0	0	0	0	0	0	0	0	             
$1	236	1	1	0	1162	1.00	500	23.06.05	09:38	2	01	500	500	00	5909994311763	0	0	0	0	0	0	0	0
$1	236	1	2	0	0463	1.00	2700	23.06.05	09:38	1	01	2700	2700	00	5907502687249	0	0	0	0	0	0	0	0
$4	236	1	2	0	0	3200	3200
$1	236	2	1	0	3400	1.00	3090	23.06.05	10:39	1	01	3090	3090	00	10005965	0	0	0	0	0	0	0	0
$1	236	2	2	0	0353	1.00	2750	23.06.05	10:39	1	01	2750	2750	00	5900168900707	0	0	0	0	0	0	0	0
$1	236	2	3	0	4525	1.00	3950	23.06.05	10:39	1	01	3950	3950	00	5907502687683	0	0	0	0	0	0	0	0
$1	236	2	4	0	4248	1.00	2500	23.06.05	10:39	1	01	2500	2500	00	10001578	0	0	0	0	0	0	0	0
$1	236	2	5	0	0531	1.00	2990	23.06.05	10:39	1	01	2990	2990	00	2005317	0	0	0	0	0	0	0	0
$4	236	2	2	0	0	15280	15280
$1	236	3	1	0	3983	1.00	1850	23.06.05	11:25	1	01	1850	1850	00	8691190967482	0	0	0	0	0	0	0	0
$1	236	3	2	0	1736	1.00	3490	23.06.05	11:25	1	01	3490	3490	00	8017369	0	0	0	0	0	0	0	0
$4	236	3	1	0	0	10000	10000
$4	236	3	1	0	1	4660	4660
$1	236	4	1	0	1713	1.00	2990	23.06.05	12:55	1	01	2990	2990	00	10003282	0	0	0	0	0	0	0	0
$1	236	4	2	0	4670	1.00	2490	23.06.05	12:56	1	01	2490	2490	00	5907502687812	0	0	0	0	0	0	0	0
$4	236	4	2	0	0	5480	5480
$1	236	5	1	0	0570	2.00	1380	23.06.05	12:58	1	01	1380	1380	00	2005706	0	0	0	0	0	0	0	0
$1	236	5	2	0	0586	3.00	2070	23.06.05	12:58	1	01	2070	2070	00	2005867	0	0	0	0	0	0	0	0
$4	236	5	2	0	0	3450	3450
$1	236	6	1	0	3053	1.00	850	23.06.05	13:43	2	01	850	850	00	20030537	0	0	0	0	0	0	0	0
$1	236	6	2	0	2707	1.00	2490	23.06.05	13:43	2	01	2490	2490	00	17027076	0	0	0	0	0	0	0	0
$1	236	6	3	0	1234	1.00	790	23.06.05	13:43	2	01	790	790	00	5909990311910	0	0	0	0	0	0	0	0
$4	236	6	2	0	0	4130	4130
$1	236	7	1	0	4754	2.00	6700	23.06.05	14:36	1	01	6700	6700	00	10009741	0	0	0	0	0	0	0	0
$1	236	7	2	0	2350	1.00	790	23.06.05	14:37	1	01	790	790	00	15023506	0	0	0	0	0	0	0	0
$4	236	7	2	0	0	7490	7490
$1	236	8	1	0	2053	1.00	2990	23.06.05	15:52	1	01	2990	2990	00	11020530	0	0	0	0	0	0	0	0
$4	236	8	1	0	0	2990	2990
$14	01	23.06.06	09:42	4
$13	00	1	23.06.06	09:42	01	0	0	0	0	0	0	0	0	0	             
$1	237	1	1	0	3486	1.00	2850	23.06.06	10:20	1	01	2850	2850	00	5903760201852	0	0	0	0	0	0	0	0
$4	237	1	2	0	0	2850	2850
$1	237	2	1	0	4615	1.00	1850	23.06.06	10:56	2	01	1850	1850	00	10008119	0	0	0	0	0	0	0	0
$1	237	2	2	0	4677	1.00	690	23.06.06	10:57	1	01	690	690	00	10008713	0	0	0	0	0	0	0	0
$1	237	2	3	0	4676	1.00	890	23.06.06	10:57	1	01	890	890	00	10008706	0	0	0	0	0	0	0	0
$4	237	2	1	0	0	10000	10000
$4	237	2	1	0	1	6570	6570
$1	237	3	1	0	0486	1.00	2090	23.06.06	11:31	1	01	2090	2090	00	5902249010688	0	0	0	0	0	0	0	0
$4	237	3	1	0	0	2090	2090
$1	237	4	1	0	1189	1.00	650	23.06.06	12:16	2	01	650	650	00	5909994310711	0	0	0	0	0	0	0	0
$1	237	4	2	0	3089	1.00	950	23.06.06	12:16	2	01	950	950	00	10009390	0	0	0	0	0	0	0	0
$4	237	4	1	0	0	2000	2000
$4	237	4	1	0	1	400	400
$1	237	5	1	0	2350	3.00	2370	23.06.06	13:03	1	01	2370	2370	00	15023506	0	0	0	0	0	0	0	0
$1	237	5	2	0	4723	1.00	1250	23.06.06	13:06	1	01	1250	1250	00	10004043	0	0	0	0	0	0	0	0
$10	237	5	1	0	4723	1.00	1250	23.06.06	13:06	1	01	1250	1250	00	10004043	0	0	0	0	0	0	0	0
$4	237	5	1	0	0	5000	5000
$4	237	5	1	0	1	1380	1380
$1	237	6	1	0	4709	1.00	2450	23.06.06	15:01	2	01	2450	2450	00	22032560	0	0	0	0	0	0	0	0
$1	237	6	2	0	2705	1.00	2250	23.06.06	15:01	1	01	2250	2250	00	17027052	0	0	0	0	0	0	0	0
$4	237	6	2	0	0	4700	4700
$1	237	7	1	0	2350	6.00	4740	23.06.06	16:44	1	01	4740	4740	00	15023506	0	0	0	0	0	0	0	0
$4	237	7	2	0	0	4740	4740
$1	237	8	1	0	0893	1.00	4500	23.06.06	16:48	1	01	4500	4500	00	4008934	0	0	0	0	0	0	0	0
$4	237	8	2	0	0	4500	4500
$1	237	9	1	0	1881	1.00	5490	23.06.06	16:50	1	01	5490	5490	00	8018816	0	0	0	0	0	0	0	0
$1	237	9	2	0	4744	1.00	1290	23.06.06	16:52	1	01	1290	1290	00	18203	0	0	0	0	0	0	0	0
$1	237	9	3	0	4747	1.00	3890	23.06.06	16:52	1	01	3890	3890	00	10009673	0	0	0	0	0	0	0	0
$4	237	9	2	0	0	10670	10670
$14	01	23.06.07	09:37	4
$13	00	1	23.06.07	09:37	01	0	0	0	0	0	0	0	0	0	             
$1	238	1	1	0	2050	1.00	2990	23.06.07	10:33	1	01	2990	2990	00	11020509	0	0	0	0	0	0	0	0
$4	238	1	2	0	0	2990	2990
$1	238	2	1	0	0498	1.00	2700	23.06.07	11:19	1	01	2700	2700	00	5907502687546	0	0	0	0	0	0	0	0
$1	238	2	2	0	0499	1.00	3000	23.06.07	11:20	1	01	3000	3000	00	5907502687553	0	0	0	0	0	0	0	0
$1	238	2	3	0	4745	1.00	4290	23.06.07	11:20	1	01	4290	4290	00	10009659	0	0	0	0	0	0	0	0
$1	238	2	4	0	3902	1.00	1450	23.06.07	11:20	1	01	1450	1450	00	28039020	0	0	0	0	0	0	0	0
$1	238	2	5	0	3902	1.00	1450	23.06.07	11:20	1	01	1450	1450	00	28039020	0	0	0	0	0	0	0	0
$4	238	2	2	0	0	12890	12890
$1	238	3	1	0	0209	1.000	3950	23.06.07	12:18	1	01	3950	3950	00		0	0	0	0	0	0	0	0
$4	238	3	1	0	0	10000	10000
$4	238	3	1	0	1	6050	6050
$1	238	4	1	0	1820	1.00	2190	23.06.07	12:20	1	01	2190	2190	00	10004326	0	0	0	0	0	0	0	0
$1	238	4	2	0	4231	1.00	1290	23.06.07	12:21	1	01	1290	1290	00	18258	0	0	0	0	0	0	0	0
$4	238	4	2	0	0	3480	3480
$1	238	5	1	0	2323	1.00	2190	23.06.07	14:27	1	01	2190	2190	00	5903760202422	0	0	0	0	0	0	0	0
$4	238	5	2	0	0	2190	2190
$1	238	6	1	0	2753	1.00	7550	23.06.07	15:52	1	01	7550	7550	00	35027539	0	0	0	0	0	0	0	0
$4	238	6	2	0	0	7550	7550
$1	238	7	1	0	2053	1.00	2990	23.06.07	15:55	1	01	2990	2990	00	11020530	0	0	0	0	0	0	0	0
$4	238	7	1	0	0	20000	20000
$4	238	7	1	0	1	17010	17010
$1	238	8	1	0	2350	1.00	790	23.06.07	16:13	1	01	790	790	00	15023506	0	0	0	0	0	0	0	0
$4	238	8	2	0	0	790	790
$1	238	9	1	0	1910	1.00	1750	23.06.07	16:44	1	01	1750	1750	00	10007341	0	0	0	0	0	0	0	0
$4	238	9	1	0	0	5000	5000
$4	238	9	1	0	1	3250	3250
$1	238	10	1	0	2350	3.00	2370	23.06.07	17:08	1	01	2370	2370	00	15023506	0	0	0	0	0	0	0	0
$4	238	10	1	0	0	3000	3000
$4	238	10	1	0	1	630	630
$14	01	23.06.10	09:45	4
$13	00	1	23.06.10	09:45	01	0	0	0	0	0	0	0	0	0	             
$12	239	1	1	0	0794	1.00	1750	23.06.10	11:31	1	01	1750	1750	00	8691190070175	0	0	0	0	0	0	0	0
$12	239	1	2	0	3303	1.00	750	23.06.10	11:31	1	01	750	750	00	5905548350028	0	0	0	0	0	0	0	0
$1	239	1	1	0	0794	1.00	1750	23.06.10	11:32	1	01	1750	1750	00	8691190070175	0	0	0	0	0	0	0	0
$1	239	1	2	0	0002	1.000	990	23.06.10	11:32	1	01	990	990	00		0	0	0	0	0	0	0	0
$4	239	1	2	0	0	2740	2740
$1	239	2	1	0	1711	1.00	5990	23.06.10	11:48	1	01	5990	5990	00	10003275	0	0	0	0	0	0	0	0
$4	239	2	2	0	0	5990	5990
$1	239	3	1	0	2750	1.00	5190	23.06.10	11:50	1	01	5190	5190	00	35027508	0	0	0	0	0	0	0	0
$1	239	3	2	0	4531	1.00	5190	23.06.10	11:50	1	01	5190	5190	00	10007075	0	0	0	0	0	0	0	0
$1	239	3	3	0	4672	1.00	390	23.06.10	11:50	1	01	390	390	00	10008669	0	0	0	0	0	0	0	0
$4	239	3	2	0	0	10770	10770
$1	239	4	1	0	0066	2.000	2380	23.06.10	12:00	1	01	2380	2380	00		0	0	0	0	0	0	0	0
$1	239	4	2	0	4753	1.00	4290	23.06.10	12:00	1	01	4290	4290	00	5902249017458	0	0	0	0	0	0	0	0
$1	239	4	3	0	2315	1.00	2190	23.06.10	12:01	1	01	2190	2190	00	5903760202460	0	0	0	0	0	0	0	0
$4	239	4	1	0	0	10000	10000
$4	239	4	1	0	1	1140	1140
$1	239	5	1	0	0772	1.00	6355	23.06.10	12:10	1	01	6690	6690	00	3007723	0	1	0	0	0	0	0	0
$4	239	5	1	0	0	6355	6355
$1	239	6	1	0	4357	1.00	8090	23.06.10	12:14	1	01	8090	8090	00	10003534	0	0	0	0	0	0	0	0
$4	239	6	2	0	0	8090	8090
$1	239	7	1	0	3243	1.00	2990	23.06.10	12:21	1	01	2990	2990	00	10002766	0	0	0	0	0	0	0	0
$1	239	7	2	0	2291	1.00	2150	23.06.10	12:21	1	01	2150	2150	00	10006962	0	0	0	0	0	0	0	0
$1	239	7	3	0	2053	1.00	2990	23.06.10	12:22	1	01	2990	2990	00	11020530	0	0	0	0	0	0	0	0
$1	239	7	4	0	2050	1.00	2990	23.06.10	12:22	1	01	2990	2990	00	11020509	0	0	0	0	0	0	0	0
$4	239	7	2	0	0	11120	11120
$1	239	8	1	0	3902	1.00	1450	23.06.10	12:31	1	01	1450	1450	00	28039020	0	0	0	0	0	0	0	0
$1	239	8	2	0	4748	1.00	3450	23.06.10	12:32	1	01	3450	3450	00	5902249017540	0	0	0	0	0	0	0	0
$4	239	8	2	0	0	4900	4900
$1	239	9	1	0	2333	1.00	1490	23.06.10	12:32	2	01	1490	1490	00	10004302	0	0	0	0	0	0	0	0
$1	239	9	2	0	4748	1.00	3450	23.06.10	12:32	1	01	3450	3450	00	10009680	0	0	0	0	0	0	0	0
$1	239	9	3	0	4650	1.00	2450	23.06.10	12:33	1	01	2450	2450	00	10008454	0	0	0	0	0	0	0	0
$4	239	9	2	0	0	7390	7390
$1	239	10	1	0	2053	1.00	2990	23.06.10	12:35	1	01	2990	2990	00	11020530	0	0	0	0	0	0	0	0
$4	239	10	2	0	0	2990	2990
$1	239	11	1	0	2350	3.00	2370	23.06.10	12:42	1	01	2370	2370	00	15023506	0	0	0	0	0	0	0	0
$4	239	11	2	0	0	2370	2370
$1	239	12	1	0	4702	1.00	1390	23.06.10	12:47	2	01	1390	1390	00	10008966	0	0	0	0	0	0	0	0
$4	239	12	2	0	0	1390	1390
$1	239	13	1	0	4607	1.00	7552	23.06.10	12:56	1	01	7950	7950	00	10008034	0	1	0	0	0	0	0	0
$1	239	13	2	0	2827	1.00	12967	23.06.10	12:56	1	01	13650	13650	00	10004395	0	1	0	0	0	0	0	0
$1	239	13	3	0	2828	1.00	13955	23.06.10	12:56	1	01	14690	14690	00	10004371	0	1	0	0	0	0	0	0
$4	239	13	2	0	0	34474	34474
$14	01	23.06.12	09:30	4
$13	00	1	23.06.12	09:30	01	0	0	0	0	0	0	0	0	0	             
$1	240	1	1	0	1155	1.00	750	23.06.12	09:37	2	01	750	750	00	5909994309029	0	0	0	0	0	0	0	0
$1	240	1	2	0	1249	1.00	900	23.06.12	09:37	2	01	900	900	00	5909994310667	0	0	0	0	0	0	0	0
$1	240	1	3	0	1217	1.00	500	23.06.12	09:37	2	01	500	500	00	5909990195824	0	0	0	0	0	0	0	0
$1	240	1	4	0	1093	1.00	750	23.06.12	09:37	2	01	750	750	00	5906365702212	0	0	0	0	0	0	0	0
$1	240	1	5	0	1230	1.00	550	23.06.12	09:37	2	01	550	550	00	5909994310766	0	0	0	0	0	0	0	0
$1	240	1	6	0	1170	1.00	590	23.06.12	09:37	2	01	590	590	00	5909994311565	0	0	0	0	0	0	0	0
$1	240	1	7	0	1097	1.00	550	23.06.12	09:37	2	01	550	550	00	5909994310568	0	0	0	0	0	0	0	0
$1	240	1	8	0	1181	1.00	550	23.06.12	09:38	2	01	550	550	00	5909994310964	0	0	0	0	0	0	0	0
$1	240	1	9	0	1202	1.00	700	23.06.12	09:38	2	01	700	700	00	5909994309326	0	0	0	0	0	0	0	0
$1	240	1	10	0	0996	1.00	650	23.06.12	09:38	2	01	650	650	00	5906365702076	0	0	0	0	0	0	0	0
$1	240	1	11	0	1233	1.00	750	23.06.12	09:38	2	01	750	750	00	5909990628223	0	0	0	0	0	0	0	0
$4	240	1	1	0	0	10000	10000
$4	240	1	1	0	1	2760	2760
$1	240	2	1	0	2704	1.00	1990	23.06.12	09:56	2	01	1990	1990	00	17027045	0	0	0	0	0	0	0	0
$1	240	2	2	0	4316	1.00	1450	23.06.12	09:56	4	01	1450	1450	00	10009284	0	0	0	0	0	0	0	0
$1	240	2	3	0	1133	1.00	1250	23.06.12	09:56	4	01	1250	1250	00	5011339	0	0	0	0	0	0	0	0
$1	240	2	4	0	1135	1.00	1090	23.06.12	09:56	2	01	1090	1090	00	5011353	0	0	0	0	0	0	0	0
$1	240	2	5	0	0949	1.00	950	23.06.12	09:57	2	01	950	950	00	25065	0	0	0	0	0	0	0	0
$4	240	2	2	0	0	6730	6730
$1	240	3	1	0	3589	1.00	1550	23.06.12	10:00	2	01	1550	1550	00	10003701	0	0	0	0	0	0	0	0
$4	240	3	1	0	0	2000	2000
$4	240	3	1	0	1	450	450
$1	240	4	1	0	0893	1.00	4500	23.06.12	11:14	1	01	4500	4500	00	4008934	0	0	0	0	0	0	0	0
$4	240	4	1	0	0	4500	4500
$1	240	5	1	0	1025	1.00	700	23.06.12	12:46	2	01	700	700	00	5905279799288	0	0	0	0	0	0	0	0
$4	240	5	2	0	0	700	700
$1	240	6	1	0	1812	1.00	4450	23.06.12	14:30	1	01	4450	4450	00	8018120	0	0	0	0	0	0	0	0
$1	240	6	2	0	0508	1.00	2390	23.06.12	14:30	1	01	2390	2390	00	10009628	0	0	0	0	0	0	0	0
$4	240	6	2	0	0	6840	6840
$1	240	7	1	0	1513	1.00	2190	23.06.12	14:59	4	01	2190	2190	00	7015137	0	0	0	0	0	0	0	0
$4	240	7	2	0	0	2190	2190
$1	240	8	1	0	0297	1.00	2490	23.06.12	15:42	1	01	2490	2490	00	800307842750	0	0	0	0	0	0	0	0
$1	240	8	2	0	2024	1.00	1990	23.06.12	15:42	1	01	1990	2490	00	10020241	0	0	0	0	0	0	0	1
$4	240	8	2	0	0	4480	4480
$1	240	9	1	0	0460	1.00	2690	23.06.12	16:17	1	01	2690	2690	00	5907502687218	0	0	0	0	0	0	0	0
$4	240	9	2	0	0	2690	2690
$1	240	10	1	0	1049	1.00	1400	23.06.12	16:43	4	01	1400	1400	00	5010493	0	0	0	0	0	0	0	0
$1	240	10	2	0	1178	1.00	550	23.06.12	16:43	2	01	550	550	00	5909990628360	0	0	0	0	0	0	0	0
$1	240	10	3	0	4747	1.00	3890	23.06.12	16:48	1	01	3890	3890	00	10009673	0	0	0	0	0	0	0	0
$4	240	10	2	0	0	5840	5840
$14	01	23.06.13	09:40	4
$13	00	1	23.06.13	09:40	01	0	0	0	0	0	0	0	0	0	             
$1	241	1	1	0	2350	2.00	1580	23.06.13	11:18	1	01	1580	1580	00	15023506	0	0	0	0	0	0	0	0
$1	241	1	2	0	0640	1.00	3450	23.06.13	11:18	1	01	3450	3450	00	10001950	0	0	0	0	0	0	0	0
$1	241	1	3	0	3901	1.00	1090	23.06.13	11:19	1	01	1090	1090	00	28039013	0	0	0	0	0	0	0	0
$1	241	1	4	0	3901	1.00	1090	23.06.13	11:19	1	01	1090	1090	00	28039013	0	0	0	0	0	0	0	0
$4	241	1	2	0	0	7210	7210
$1	241	2	1	0	4637	2.00	9580	23.06.13	12:56	1	01	9580	9580	00	10008331	0	0	0	0	0	0	0	0
$1	241	2	2	0	0342	1.00	2250	23.06.13	12:57	1	01	2250	2250	00	5900168900028	0	0	0	0	0	0	0	0
$1	241	2	3	0	0345	1.00	2290	23.06.13	12:57	1	01	2290	2290	00	5900168900387	0	0	0	0	0	0	0	0
$4	241	2	2	0	0	14120	14120
$1	241	3	1	0	4341	1.00	16450	23.06.13	13:26	1	01	16450	16450	00	10004623	0	0	0	0	0	0	0	0
$4	241	3	2	0	0	16450	16450
$1	241	4	1	0	1191	1.00	385	23.06.13	13:44	2	01	385	550	00	5909990628490	0	0	0	0	0	0	0	1
$4	241	4	1	0	0	385	385
$1	241	5	1	0	4708	1.00	3150	23.06.13	14:02	1	01	3150	3150	00	10009024	0	0	0	0	0	0	0	0
$4	241	5	1	0	0	3150	3150
$1	241	6	1	0	2270	1.00	4190	23.06.13	15:25	1	01	4190	4190	00	10006900	0	0	0	0	0	0	0	0
$4	241	6	2	0	0	4190	4190
$10	241	7	1	0	0494	1.00	3800	23.06.13	15:47	1	01	3800	3800	00	5907502687409	0	0	0	0	0	0	0	0
$1	241	7	1	0	3095	1.00	900	23.06.13	16:06	2	01	900	900	00	10009376	0	0	0	0	0	0	0	0
$1	241	7	2	0	3021	1.00	2250	23.06.13	16:07	2	01	2250	2250	00	10009161	0	0	0	0	0	0	0	0
$1	241	7	3	0	2466	1.00	1800	23.06.13	16:07	2	01	1800	1800	00	5902741000354	0	0	0	0	0	0	0	0
$4	241	7	2	0	0	4950	4950
$1	241	8	1	0	2350	3.00	2370	23.06.13	16:27	1	01	2370	2370	00	15023506	0	0	0	0	0	0	0	0
$4	241	8	1	0	0	2370	2370
$1	241	9	1	0	0669	1.00	6000	23.06.13	16:40	1	01	6000	8000	00	5902249014860	0	0	0	0	0	0	0	1
$1	241	9	2	0	4167	1.00	5015	23.06.13	16:41	1	01	5015	5900	00	10000984	0	0	0	0	0	0	0	1
$4	241	9	2	0	0	11015	11015
$14	01	23.06.14	09:38	4
$13	00	1	23.06.14	09:38	01	0	0	0	0	0	0	0	0	0	             
$1	242	1	1	0	3901	3.00	3270	23.06.14	10:16	1	01	3270	3270	00	28039013	0	0	0	0	0	0	0	0
$4	242	1	2	0	0	3270	3270
$1	242	2	1	0	2273	1.00	4750	23.06.14	10:33	1	01	4750	4750	00	5907502687058	0	0	0	0	0	0	0	0
$4	242	2	1	0	0	10000	10000
$4	242	2	1	0	1	5250	5250
$1	242	3	1	0	0294	1.00	8350	23.06.14	10:39	1	01	8350	8350	00	154	0	0	0	0	0	0	0	0
$4	242	3	1	0	0	8350	8350
$1	242	4	1	0	2142	1.00	1090	23.06.14	10:59	2	01	1090	1090	00	23290	0	0	0	0	0	0	0	0
$1	242	4	2	0	1250	1.00	750	23.06.14	10:59	2	01	750	750	00	5909990628278	0	0	0	0	0	0	0	0
$1	242	4	3	0	4708	1.00	3150	23.06.14	10:59	1	01	3150	3150	00	10009024	0	0	0	0	0	0	0	0
$1	242	4	4	0	0989	1.00	550	23.06.14	10:59	4	01	550	550	00	5009893	0	0	0	0	0	0	0	0
$1	242	4	5	0	1109	1.00	550	23.06.14	10:59	4	01	550	550	00	5905279799097	0	0	0	0	0	0	0	0
$1	242	4	6	0	1183	1.00	690	23.06.14	10:59	2	01	690	690	00	5909990628414	0	0	0	0	0	0	0	0
$1	242	4	7	0	1251	1.00	600	23.06.14	11:00	2	01	600	600	00	5909994308527	0	0	0	0	0	0	0	0
$1	242	4	8	0	1159	2.00	1100	23.06.14	11:00	2	01	1100	1100	00	5909994311657	0	0	0	0	0	0	0	0
$4	242	4	2	0	0	8480	8480
$1	242	5	1	0	0066	1.000	1190	23.06.14	13:41	1	01	1190	1190	00		0	0	0	0	0	0	0	0
$1	242	5	2	0	2705	1.00	2250	23.06.14	13:41	1	01	2250	2250	00	17027052	0	0	0	0	0	0	0	0
$4	242	5	2	0	0	3440	3440
$1	242	6	1	0	0975	1.00	750	23.06.14	14:12	2	01	750	750	00	5905279799035	0	0	0	0	0	0	0	0
$1	242	6	2	0	1216	1.00	275	23.06.14	14:12	2	01	275	550	00	5909990668458	0	0	0	0	0	0	0	1
$1	242	6	3	0	1103	1.00	690	23.06.14	14:12	2	01	690	690	00	5905279799004	0	0	0	0	0	0	0	0
$4	242	6	2	0	0	1715	1715
$1	242	7	1	0	3300	1.00	1050	23.06.14	14:36	1	01	1050	1050	00	22033000	0	0	0	0	0	0	0	0
$4	242	7	1	0	0	1050	1050
$1	242	8	1	0	2053	1.00	2990	23.06.14	15:13	1	01	2990	2990	00	11020530	0	0	0	0	0	0	0	0
$1	242	8	2	0	0530	1.00	2950	23.06.14	15:13	1	01	2950	2950	00	5907502687867	0	0	0	0	0	0	0	0
$1	242	8	3	0	1761	1.00	5590	23.06.14	15:13	1	01	5590	5590	00	8017611	0	0	0	0	0	0	0	0
$1	242	8	4	0	3830	1.00	950	23.06.14	15:26	1	01	950	950	00	26038308	0	0	0	0	0	0	0	0
$4	242	8	2	0	0	12480	12480
$1	242	9	1	0	1232	1.00	490	23.06.14	15:33	2	01	490	490	00	5909990219520	0	0	0	0	0	0	0	0
$1	242	9	2	0	0973	1.00	490	23.06.14	15:33	2	01	490	490	00	5009732	0	0	0	0	0	0	0	0
$4	242	9	2	0	0	980	980
$10	242	10	1	0	2284	1.00	2990	23.06.14	15:35	1	01	2990	2990	00	5907502687768	0	0	0	0	0	0	0	0
$1	242	10	1	0	0971	2.00	1700	23.06.14	15:36	2	01	1700	1700	00	5009718	0	0	0	0	0	0	0	0
$4	242	10	2	0	0	1700	1700
$1	242	11	1	0	2284	1.00	2990	23.06.14	15:41	1	01	2990	2990	00	2005133	0	0	0	0	0	0	0	0
$1	242	11	2	0	0503	1.00	2600	23.06.14	15:46	1	01	2600	2600	00	5907502687539	0	0	0	0	0	0	0	0
$4	242	11	2	0	0	5590	5590
$1	242	12	1	0	1537	1.00	1890	23.06.14	16:02	4	01	1890	1890	00	7015373	0	0	0	0	0	0	0	0
$1	242	12	2	0	4709	1.00	2450	23.06.14	16:02	2	01	2450	2450	00	22032560	0	0	0	0	0	0	0	0
$4	242	12	2	0	0	4340	4340
$1	242	13	1	0	1190	1.00	650	23.06.14	16:31	2	01	650	650	00	5909990021864	0	0	0	0	0	0	0	0
$1	242	13	2	0	1133	1.00	1250	23.06.14	16:31	4	01	1250	1250	00	5011339	0	0	0	0	0	0	0	0
$4	242	13	2	0	0	1900	1900
$14	01	23.06.15	09:40	4
$13	00	1	23.06.15	09:40	01	0	0	0	0	0	0	0	0	0	             
$1	243	1	1	0	2050	1.00	2990	23.06.15	10:13	1	01	2990	2990	00	11020509	0	0	0	0	0	0	0	0
$1	243	1	2	0	0031	1.000	2600	23.06.15	10:13	1	01	2600	2600	00		0	0	0	0	0	0	0	0
$4	243	1	2	0	0	5590	5590
$1	243	2	1	0	1825	1.00	2350	23.06.15	12:05	1	01	2350	2350	00	10004777	0	0	0	0	0	0	0	0
$4	243	2	2	0	0	2350	2350
$1	243	3	1	0	2053	1.00	2990	23.06.15	15:43	1	01	2990	2990	00	11020530	0	0	0	0	0	0	0	0
$4	243	3	1	0	0	5000	5000
$4	243	3	1	0	1	2010	2010
$1	243	4	1	0	2350	2.00	1580	23.06.15	16:18	1	01	1580	1580	00	15023506	0	0	0	0	0	0	0	0
$4	243	4	1	0	0	2000	2000
$4	243	4	1	0	1	420	420
$1	243	5	1	0	4219	1.00	1090	23.06.15	17:00	1	01	1090	1090	00	8691190891046	0	0	0	0	0	0	0	0
$1	243	5	2	0	4739	1.00	1850	23.06.15	17:00	1	01	1850	1850	00	14168	0	0	0	0	0	0	0	0
$1	243	5	3	0	3811	1.00	2150	23.06.15	17:00	1	01	2150	2150	00	26038117	0	0	0	0	0	0	0	0
$1	243	5	4	0	3810	1.00	2286	23.06.15	17:00	1	01	2286	2690	00	5903031255584	0	0	0	0	0	0	0	1
$4	243	5	2	0	0	7376	7376
$1	243	6	1	0	4739	1.00	1850	23.06.15	17:03	1	01	1850	1850	00	14168	0	0	0	0	0	0	0	0
$4	243	6	1	0	0	1850	1850
$1	243	7	1	0	2502	1.00	900	23.06.15	17:07	2	01	900	900	00	10009383	0	0	0	0	0	0	0	0
$1	243	7	2	0	3091	1.00	750	23.06.15	17:07	2	01	750	750	00	10003589	0	0	0	0	0	0	0	0
$1	243	7	3	0	0303	1.00	1990	23.06.15	17:07	1	01	1990	1990	00	5900168908512	0	0	0	0	0	0	0	0
$4	243	7	2	0	0	3640	3640
$14	01	23.06.16	09:45	4
$13	00	1	23.06.16	09:45	01	0	0	0	0	0	0	0	0	0	             
$1	244	1	1	0	2395	1.00	2450	23.06.16	10:03	1	01	2450	2450	00	16023956	0	0	0	0	0	0	0	0
$4	244	1	2	0	0	2450	2450
$1	244	2	1	0	2346	1.00	1850	23.06.16	10:55	1	01	1850	1850	00	5900168904323	0	0	0	0	0	0	0	0
$1	244	2	2	0	0371	1.00	1790	23.06.16	10:56	1	01	1790	1790	00	5906874565292	0	0	0	0	0	0	0	0
$1	244	2	3	0	4672	1.00	390	23.06.16	10:56	1	01	390	390	00	10008669	0	0	0	0	0	0	0	0
$4	244	2	1	0	0	5000	5000
$4	244	2	1	0	1	970	970
$1	244	3	1	0	1238	1.00	1390	23.06.16	11:13	4	01	1390	1390	00	5012381	0	0	0	0	0	0	0	0
$4	244	3	1	0	0	2000	2000
$4	244	3	1	0	1	610	610
$1	244	4	1	0	2350	2.00	1580	23.06.16	11:20	1	01	1580	1580	00	15023506	0	0	0	0	0	0	0	0
$1	244	4	2	0	0464	1.00	3600	23.06.16	11:20	1	01	3600	3600	00	5907502687225	0	0	0	0	0	0	0	0
$4	244	4	1	0	0	5180	5180
$1	244	5	1	0	2612	1.00	1750	23.06.16	11:43	1	01	1750	1750	00	17026123	0	0	0	0	0	0	0	0
$1	244	5	2	0	0451	1.00	4600	23.06.16	11:43	1	01	4600	4600	00	5907502687102	0	0	0	0	0	0	0	0
$1	244	5	3	0	0293	1.00	8350	23.06.16	11:43	1	01	8350	8350	00	147	0	0	0	0	0	0	0	0
$1	244	5	4	0	2893	1.00	12590	23.06.16	11:43	1	01	12590	12590	00	18028935	0	0	0	0	0	0	0	0
$1	244	5	5	0	2740	1.00	2490	23.06.16	11:43	1	01	2490	2490	00	10006993	0	0	0	0	0	0	0	0
$1	244	5	6	0	4123	1.00	2490	23.06.16	11:44	1	01	2490	2490	00	10000519	0	0	0	0	0	0	0	0
$1	244	5	7	0	1454	1.00	1990	23.06.16	11:44	1	01	1990	1990	00	10003077	0	0	0	0	0	0	0	0
$1	244	5	8	0	4014	1.00	3090	23.06.16	11:44	1	01	3090	3090	00	8691190375010	0	0	0	0	0	0	0	0
$1	244	5	9	0	0973	1.00	490	23.06.16	11:44	2	01	490	490	00	5009732	0	0	0	0	0	0	0	0
$1	244	5	10	0	0972	1.00	450	23.06.16	11:44	4	01	450	450	00	5009725	0	0	0	0	0	0	0	0
$1	244	5	11	0	2350	2.00	1580	23.06.16	11:44	1	01	1580	1580	00	15023506	0	0	0	0	0	0	0	0
$4	244	5	2	0	0	39870	39870
$1	244	6	1	0	2395	1.00	2450	23.06.16	12:37	1	01	2450	2450	00	16023956	0	0	0	0	0	0	0	0
$4	244	6	2	0	0	2450	2450
$1	244	7	1	0	1249	1.00	900	23.06.16	13:20	2	01	900	900	00	5909994310667	0	0	0	0	0	0	0	0
$4	244	7	2	0	0	900	900
$1	244	8	1	0	2053	1.00	2990	23.06.16	14:40	1	01	2990	2990	00	11020530	0	0	0	0	0	0	0	0
$1	244	8	2	0	0031	2.000	5200	23.06.16	14:41	1	01	5200	5200	00		0	0	0	0	0	0	0	0
$4	244	8	2	0	0	8190	8190
$1	244	9	1	0	1211	1.00	550	23.06.16	16:36	2	01	550	550	00	5909994309920	0	0	0	0	0	0	0	0
$1	244	9	2	0	1107	1.00	550	23.06.16	16:37	2	01	550	550	00	5909994311466	0	0	0	0	0	0	0	0
$1	244	9	3	0	1249	1.00	900	23.06.16	16:37	2	01	900	900	00	5909994310667	0	0	0	0	0	0	0	0
$4	244	9	2	0	0	2000	2000
$1	244	10	1	0	1817	1.00	2150	23.06.16	16:52	1	01	2150	2150	00	10004333	0	0	0	0	0	0	0	0
$4	244	10	2	0	0	2150	2150
$1	244	11	1	0	2024	1.00	1990	23.06.16	16:57	1	01	1990	2490	00	10020241	0	0	0	0	0	0	0	1
$1	244	11	2	0	2024	1.00	1990	23.06.16	16:57	1	01	1990	2490	00	10020241	0	0	0	0	0	0	0	1
$4	244	11	2	0	0	3980	3980
$1	244	12	1	0	3240	1.00	3190	23.06.16	16:59	1	01	3190	3190	00	10002742	0	0	0	0	0	0	0	0
$1	244	12	2	0	3528	1.00	4850	23.06.16	17:01	1	01	4850	4850	00	10002780	0	0	0	0	0	0	0	0
$4	244	12	2	0	0	8040	8040
$14	01	23.06.17	09:27	4
$13	00	1	23.06.17	09:27	01	0	0	0	0	0	0	0	0	0	             
$1	245	1	1	0	0975	4.00	3000	23.06.17	10:46	2	01	3000	3000	00	5905279799035	0	0	0	0	0	0	0	0
$1	245	1	2	0	1055	1.00	990	23.06.17	10:46	4	01	990	990	00	5010554	0	0	0	0	0	0	0	0
$4	245	1	1	0	0	10000	10000
$4	245	1	1	0	1	6010	6010
$1	245	2	1	0	4749	1.00	3890	23.06.17	10:49	1	01	3890	3890	00	10009697	0	0	0	0	0	0	0	0
$4	245	2	1	0	0	5000	5000
$4	245	2	1	0	1	1110	1110
$1	245	3	1	0	0541	1.00	3200	23.06.17	11:19	1	01	3200	3200	00	5902249010107	0	0	0	0	0	0	0	0
$1	245	3	2	0	0615	1.00	3550	23.06.17	11:19	1	01	3550	3550	00	5902249011210	0	0	0	0	0	0	0	0
$4	245	3	2	0	0	6750	6750
$1	245	4	1	0	2024	1.00	2490	23.06.17	11:33	1	01	2490	2490	00	10020241	0	0	0	0	0	0	0	0
$4	245	4	2	0	0	2490	2490
$1	245	5	1	0	4750	1.00	3890	23.06.17	12:04	1	01	3890	3890	00	10009703	0	0	0	0	0	0	0	0
$1	245	5	2	0	4752	1.00	4290	23.06.17	12:05	1	01	4290	4290	00	10009727	0	0	0	0	0	0	0	0
$1	245	5	3	0	1284	1.00	1750	23.06.17	12:05	1	01	1750	1750	00	11280	0	0	0	0	0	0	0	0
$1	245	5	4	0	3740	1.00	1100	23.06.17	12:05	1	01	1100	1100	00	2820	0	0	0	0	0	0	0	0
$4	245	5	2	0	0	11030	11030
$1	245	6	1	0	2350	1.00	790	23.06.17	12:11	1	01	790	790	00	15023506	0	0	0	0	0	0	0	0
$1	245	6	2	0	4717	1.00	1150	23.06.17	12:12	2	01	1150	1150	00	10004227	0	0	0	0	0	0	0	0
$1	245	6	3	0	4318	1.00	1350	23.06.17	12:12	4	01	1350	1350	00	10003855	0	0	0	0	0	0	0	0
$1	245	6	4	0	3021	1.00	2250	23.06.17	12:12	2	01	2250	2250	00	10009161	0	0	0	0	0	0	0	0
$1	245	6	5	0	4570	1.00	1100	23.06.17	12:12	2	01	1100	1100	00	10009475	0	0	0	0	0	0	0	0
$1	245	6	6	0	1122	1.00	1190	23.06.17	12:12	4	01	1190	1190	00	5011223	0	0	0	0	0	0	0	0
$1	245	6	7	0	1116	1.00	690	23.06.17	12:12	2	01	690	690	00	5906365702335	0	0	0	0	0	0	0	0
$1	245	6	8	0	1181	1.00	550	23.06.17	12:12	2	01	550	550	00	5909994310964	0	0	0	0	0	0	0	0
$1	245	6	9	0	0973	1.00	490	23.06.17	12:12	2	01	490	490	00	5009732	0	0	0	0	0	0	0	0
$1	245	6	10	0	1165	1.00	590	23.06.17	12:12	2	01	590	590	00	5909994311169	0	0	0	0	0	0	0	0
$1	245	6	11	0	3107	1.00	1890	23.06.17	12:12	2	01	1890	1890	00	10003800	0	0	0	0	0	0	0	0
$1	245	6	12	0	4720	1.00	1100	23.06.17	12:12	2	01	1100	1100	00	10004104	0	0	0	0	0	0	0	0
$4	245	6	1	0	0	15000	15000
$4	245	6	1	0	1	1860	1860
$1	245	7	1	0	2264	1.00	900	23.06.17	12:37	2	01	900	900	00	10009413	0	0	0	0	0	0	0	0
$1	245	7	2	0	1049	1.00	1400	23.06.17	12:37	4	01	1400	1400	00	5905279799110	0	0	0	0	0	0	0	0
$4	245	7	2	0	0	2300	2300
$1	245	8	1	0	2053	1.00	2990	23.06.17	12:58	1	01	2990	2990	00	11020530	0	0	0	0	0	0	0	0
$1	245	8	2	0	2050	1.00	2990	23.06.17	12:58	1	01	2990	2990	00	11020509	0	0	0	0	0	0	0	0
$1	245	8	3	0	1537	1.00	1890	23.06.17	12:58	4	01	1890	1890	00	7015373	0	0	0	0	0	0	0	0
$1	245	8	4	0	1513	1.00	2190	23.06.17	12:58	4	01	2190	2190	00	7015137	0	0	0	0	0	0	0	0
$1	245	8	5	0	1503	1.00	2690	23.06.17	12:58	4	01	2690	2690	00	5907804205196	0	0	0	0	0	0	0	0
$4	245	8	2	0	0	12750	12750
$1	245	9	1	0	0041	1.000	2790	23.06.17	13:17	1	01	2790	2790	00		0	0	0	0	0	0	0	0
$4	245	9	1	0	0	2790	2790
$1	245	10	1	0	0464	1.00	3600	23.06.17	13:43	1	01	3600	3600	00	10009758	0	0	0	0	0	0	0	0
$1	245	10	2	0	1178	2.00	1100	23.06.17	13:43	2	01	1100	1100	00	5909990628360	0	0	0	0	0	0	0	0
$4	245	10	2	0	0	4700	4700
$1	245	11	1	0	4466	1.00	690	23.06.17	13:55	1	01	690	690	00	10006313	0	0	0	0	0	0	0	0
$1	245	11	2	0	4245	1.00	3450	23.06.17	13:55	2	01	3450	3450	00	680275064213	0	0	0	0	0	0	0	0
$4	245	11	1	0	0	4140	4140
$14	01	23.06.19	09:17	4
$13	00	1	23.06.19	09:17	01	0	0	0	0	0	0	0	0	0	             
$1	246	1	1	0	4245	1.00	3450	23.06.19	10:06	2	01	3450	3450	00	10001134	0	0	0	0	0	0	0	0
$1	246	1	2	0	2594	1.00	1750	23.06.19	10:07	4	01	1750	1750	00	17025942	0	0	0	0	0	0	0	0
$4	246	1	2	0	0	5200	5200
$1	246	2	1	0	4695	1.00	1090	23.06.19	11:24	2	01	1090	1090	00	10008898	0	0	0	0	0	0	0	0
$4	246	2	1	0	0	1090	1090
$1	246	3	1	0	0843	1.00	800	23.06.19	11:42	2	01	800	800	00	10004098	0	0	0	0	0	0	0	0
$1	246	3	2	0	1252	1.00	1350	23.06.19	11:42	2	01	1350	1350	00	5012527	0	0	0	0	0	0	0	0
$4	246	3	2	0	0	2150	2150
$1	246	4	1	0	2053	1.00	2990	23.06.19	12:24	1	01	2990	2990	00	11020530	0	0	0	0	0	0	0	0
$4	246	4	2	0	0	2990	2990
$1	246	5	1	0	0359	1.00	990	23.06.19	12:44	1	01	990	990	00	5905279370104	0	0	0	0	0	0	0	0
$1	246	5	2	0	3484	1.00	2790	23.06.19	12:44	1	01	2790	2790	00	5903760201845	0	0	0	0	0	0	0	0
$4	246	5	2	0	0	3780	3780
$1	246	6	1	0	4363	1.00	2190	23.06.19	12:49	1	01	2190	2190	00	10004982	0	0	0	0	0	0	0	0
$4	246	6	2	0	0	2190	2190
$1	246	7	1	0	4710	1.00	1890	23.06.19	13:02	1	01	1890	1890	00	10009031	0	0	0	0	0	0	0	0
$1	246	7	2	0	1903	1.00	1750	23.06.19	13:02	1	01	1750	1750	00	10007419	0	0	0	0	0	0	0	0
$4	246	7	1	0	0	5000	5000
$4	246	7	1	0	1	1360	1360
$1	246	8	1	0	0727	1.00	8650	23.06.19	14:02	1	01	8650	8650	00	3007273	0	0	0	0	0	0	0	0
$1	246	8	2	0	0730	1.00	6150	23.06.19	14:02	1	01	6150	6150	00	3007303	0	0	0	0	0	0	0	0
$1	246	8	3	0	0736	1.00	4750	23.06.19	14:02	1	01	4750	4750	00	3007365	0	0	0	0	0	0	0	0
$4	246	8	2	0	0	19550	19550
$1	246	9	1	0	1450	1.00	1990	23.06.19	14:43	1	01	1990	2490	00	10003039	0	0	0	0	0	0	0	1
$4	246	9	1	0	0	1990	1990
$1	246	10	1	0	1178	1.00	550	23.06.19	14:58	2	01	550	550	00	5909990628360	0	0	0	0	0	0	0	0
$4	246	10	1	0	0	1000	1000
$4	246	10	1	0	1	450	450
$1	246	11	1	0	3401	1.00	3090	23.06.19	15:36	1	01	3090	3090	00	10005972	0	0	0	0	0	0	0	0
$1	246	11	2	0	0993	1.00	590	23.06.19	15:36	2	01	590	590	00	5906365702991	0	0	0	0	0	0	0	0
$1	246	11	3	0	2053	1.00	2990	23.06.19	15:40	1	01	2990	2990	00	11020530	0	0	0	0	0	0	0	0
$4	246	11	2	0	0	6670	6670
$1	246	12	1	0	2514	1.00	2490	23.06.19	15:57	1	01	2490	2490	00	17025140	0	0	0	0	0	0	0	0
$4	246	12	2	0	0	2490	2490
$1	246	13	1	0	2050	2.00	5980	23.06.19	16:36	1	01	5980	5980	00	11020509	0	0	0	0	0	0	0	0
$4	246	13	1	0	0	20000	20000
$4	246	13	1	0	1	14020	14020
$14	01	23.06.20	09:33	4
$13	00	1	23.06.20	09:33	01	0	0	0	0	0	0	0	0	0	             
$1	247	1	1	0	1035	1.00	590	23.06.20	10:04	2	01	590	590	00	5909994310124	0	0	0	0	0	0	0	0
$1	247	1	2	0	1014	1.00	550	23.06.20	10:04	2	01	550	550	00	5906365702526	0	0	0	0	0	0	0	0
$4	247	1	1	0	0	1140	1140
$1	247	2	1	0	1555	1.00	2890	23.06.20	11:03	4	01	2890	2890	00	7015557	0	0	0	0	0	0	0	0
$4	247	2	2	0	0	2890	2890
$1	247	3	1	0	4641	1.00	8950	23.06.20	11:28	1	01	8950	8950	00	10008379	0	0	0	0	0	0	0	0
$1	247	3	2	0	0679	1.00	5550	23.06.20	11:28	1	01	5550	5550	00	10002230	0	0	0	0	0	0	0	0
$1	247	3	3	0	0679	1.00	5550	23.06.20	11:28	1	01	5550	5550	00	10002230	0	0	0	0	0	0	0	0
$1	247	3	4	0	4640	1.00	4090	23.06.20	11:28	1	01	4090	4090	00	10008362	0	0	0	0	0	0	0	0
$1	247	3	5	0	0225	1.000	300	23.06.20	11:29	1	01	300	300	00		0	0	0	0	0	0	0	0
$4	247	3	1	0	0	25000	25000
$4	247	3	1	0	1	560	560
$1	247	4	1	0	4622	1.00	1690	23.06.20	11:37	1	01	1690	1690	00	10008188	0	0	0	0	0	0	0	0
$4	247	4	2	0	0	1690	1690
$1	247	5	1	0	0527	1.00	4100	23.06.20	11:57	1	01	4100	4100	00	5907502687690	0	0	0	0	0	0	0	0
$4	247	5	2	0	0	4100	4100
$1	247	6	1	0	4747	1.00	3890	23.06.20	12:44	1	01	3890	3890	00	10009673	0	0	0	0	0	0	0	0
$4	247	6	1	0	0	5000	5000
$4	247	6	1	0	1	1110	1110
$1	247	7	1	0	3082	1.00	1990	23.06.20	13:17	1	01	1990	1990	00	10004296	0	0	0	0	0	0	0	0
$1	247	7	2	0	1377	1.00	2090	23.06.20	13:17	1	01	2090	2090	00	8691190965426	0	0	0	0	0	0	0	0
$4	247	7	2	0	0	4080	4080
$1	247	8	1	0	0607	1.00	3100	23.06.20	13:30	1	01	3100	3100	00	5902249011043	0	0	0	0	0	0	0	0
$4	247	8	2	0	0	3100	3100
$1	247	9	1	0	0499	1.00	3000	23.06.20	13:39	1	01	3000	3000	00	10001400	0	0	0	0	0	0	0	0
$1	247	9	2	0	0498	1.00	2700	23.06.20	13:39	1	01	2700	2700	00	5907502687546	0	0	0	0	0	0	0	0
$1	247	9	3	0	1183	1.00	690	23.06.20	13:39	2	01	690	690	00	5909990628414	0	0	0	0	0	0	0	0
$4	247	9	1	0	0	6390	6390
$1	247	10	1	0	1215	3.00	2070	23.06.20	14:37	2	01	2070	2070	00	5909994311213	0	0	0	0	0	0	0	0
$1	247	10	2	0	1881	1.00	5490	23.06.20	14:38	1	01	5490	5490	00	8018816	0	0	0	0	0	0	0	0
$4	247	10	1	0	0	7560	7560
$1	247	11	1	0	4691	1.00	2950	23.06.20	15:21	1	01	2950	2950	00	10008850	0	0	0	0	0	0	0	0
$1	247	11	2	0	3254	1.00	1350	23.06.20	15:21	1	01	1350	1350	00	22032546	0	0	0	0	0	0	0	0
$4	247	11	2	0	0	4300	4300
$1	247	12	1	0	2053	1.00	2990	23.06.20	16:24	1	01	2990	2990	00	11020530	0	0	0	0	0	0	0	0
$1	247	12	2	0	3901	1.00	1090	23.06.20	16:24	1	01	1090	1090	00	28039013	0	0	0	0	0	0	0	0
$4	247	12	1	0	0	4080	4080
$14	01	23.06.21	09:34	4
$13	00	1	23.06.21	09:34	01	0	0	0	0	0	0	0	0	0	             
$1	248	1	1	0	3042	1.00	990	23.06.21	09:54	2	01	990	990	00	10009185	0	0	0	0	0	0	0	0
$1	248	1	2	0	3091	1.00	750	23.06.21	09:54	2	01	750	750	00	10003589	0	0	0	0	0	0	0	0
$1	248	1	3	0	4595	1.00	2390	23.06.21	09:54	1	01	2390	2390	00	14039201	0	0	0	0	0	0	0	0
$1	248	1	4	0	1534	1.00	1250	23.06.21	09:54	1	01	1250	1250	00	7015342	0	0	0	0	0	0	0	0
$4	248	1	2	0	0	5380	5380
$1	248	2	1	0	0037	1.000	5000	23.06.21	10:10	1	01	5000	5000	00		0	0	0	0	0	0	0	0
$4	248	2	2	0	0	5000	5000
$1	248	3	1	0	3042	2.00	1980	23.06.21	11:34	2	01	1980	1980	00	10009185	0	0	0	0	0	0	0	0
$1	248	3	2	0	1534	2.00	2500	23.06.21	11:34	1	01	2500	2500	00	7015342	0	0	0	0	0	0	0	0
$4	248	3	2	0	0	4480	4480
$1	248	4	1	0	1178	1.00	550	23.06.21	11:35	2	01	550	550	00	5909990628360	0	0	0	0	0	0	0	0
$1	248	4	2	0	1232	1.00	490	23.06.21	11:35	2	01	490	490	00	5909990219520	0	0	0	0	0	0	0	0
$4	248	4	2	0	0	1040	1040
$1	248	5	1	0	4671	1.00	2990	23.06.21	11:55	1	01	2990	2990	00	5907688710960	0	0	0	0	0	0	0	0
$4	248	5	1	0	0	5000	5000
$4	248	5	1	0	1	2010	2010
$1	248	6	1	0	0776	1.00	4802	23.06.21	12:29	1	01	4802	5650	00	3007761	0	0	0	0	0	0	0	1
$1	248	6	2	0	2167	1.00	4550	23.06.21	12:29	1	01	4550	4550	00	25447	0	0	0	0	0	0	0	0
$1	248	6	3	0	2011	1.00	3250	23.06.21	12:29	2	01	3250	3250	00	10007617	0	0	0	0	0	0	0	0
$4	248	6	2	0	0	12602	12602
$1	248	7	1	0	1107	1.00	550	23.06.21	12:39	2	01	550	550	00	5909994311466	0	0	0	0	0	0	0	0
$4	248	7	1	0	0	1000	1000
$4	248	7	1	0	1	450	450
$1	248	8	1	0	1216	1.00	275	23.06.21	12:51	2	01	275	550	00	5909990668458	0	0	0	0	0	0	0	1
$4	248	8	1	0	0	300	300
$4	248	8	1	0	1	025	025
$1	248	9	1	0	2408	1.00	3290	23.06.21	14:22	1	01	3290	3290	00	16024083	0	0	0	0	0	0	0	0
$1	248	9	2	0	0472	1.00	1400	23.06.21	14:23	1	01	1400	1400	00	5907502687300	0	0	0	0	0	0	0	0
$1	248	9	3	0	4508	1.00	450	23.06.21	14:23	2	01	450	450	00	10006726	0	0	0	0	0	0	0	0
$4	248	9	2	0	0	5140	5140
$1	248	10	1	0	0486	1.00	2090	23.06.21	14:38	1	01	2090	2090	00	5902249010688	0	0	0	0	0	0	0	0
$4	248	10	1	0	0	2090	2090
$1	248	11	1	0	4619	1.00	2950	23.06.21	14:53	1	01	2950	2950	00	680275063537	0	0	0	0	0	0	0	0
$1	248	11	2	0	2343	2.00	3980	23.06.21	14:53	1	01	3980	3980	00	5900168907706	0	0	0	0	0	0	0	0
$1	248	11	3	0	1537	2.00	3780	23.06.21	14:53	4	01	3780	3780	00	7015373	0	0	0	0	0	0	0	0
$1	248	11	4	0	4650	1.00	2450	23.06.21	14:53	1	01	2450	2450	00	10008454	0	0	0	0	0	0	0	0
$4	248	11	2	0	0	13160	13160
$1	248	12	1	0	3254	1.00	1350	23.06.21	15:29	1	01	1350	1350	00	22032546	0	0	0	0	0	0	0	0
$1	248	12	2	0	1537	1.00	1890	23.06.21	15:29	4	01	1890	1890	00	7015373	0	0	0	0	0	0	0	0
$1	248	12	3	0	1586	1.00	1550	23.06.21	15:29	1	01	1550	1550	00	7015861	0	0	0	0	0	0	0	0
$1	248	12	4	0	4316	1.00	1450	23.06.21	15:29	4	01	1450	1450	00	10009284	0	0	0	0	0	0	0	0
$1	248	12	5	0	3091	1.00	750	23.06.21	15:29	2	01	750	750	00	10003589	0	0	0	0	0	0	0	0
$4	248	12	2	0	0	6990	6990
$1	248	13	1	0	1893	1.00	3550	23.06.21	15:34	1	01	3550	3550	00	10006030	0	0	0	0	0	0	0	0
$4	248	13	1	0	0	10000	10000
$4	248	13	1	0	1	6450	6450
$1	248	14	1	0	1906	1.00	1750	23.06.21	16:02	1	01	1750	1750	00	10007464	0	0	0	0	0	0	0	0
$4	248	14	1	0	0	5000	5000
$4	248	14	1	0	1	3250	3250
$1	248	15	1	0	2350	2.00	1580	23.06.21	16:07	1	01	1580	1580	00	15023506	0	0	0	0	0	0	0	0
$4	248	15	2	0	0	1580	1580
$1	248	16	1	0	2053	1.00	2990	23.06.21	16:20	1	01	2990	2990	00	11020530	0	0	0	0	0	0	0	0
$4	248	16	1	0	0	4000	4000
$4	248	16	1	0	1	1010	1010
$14	01	23.06.22	09:49	4
$13	00	1	23.06.22	09:50	01	0	0	0	0	0	0	0	0	0	             
$1	249	1	1	0	0041	1.000	8090	23.06.22	10:20	1	01	8090	8090	00		0	0	0	0	0	0	0	0
$4	249	1	2	0	0	8090	8090
$1	249	2	1	0	4582	1.00	2950	23.06.22	10:39	4	01	2950	2950	00	10003879	0	0	0	0	0	0	0	0
$1	249	2	2	0	4596	1.00	2450	23.06.22	10:40	1	01	2450	2450	00	10007921	0	0	0	0	0	0	0	0
$1	249	2	3	0	4120	1.00	2490	23.06.22	10:40	1	01	2490	2490	00	10006986	0	0	0	0	0	0	0	0
$4	249	2	2	0	0	7890	7890
$1	249	3	1	0	2167	2.00	9100	23.06.22	10:50	1	01	9100	9100	00	25447	0	0	0	0	0	0	0	0
$1	249	3	2	0	3906	1.00	4390	23.06.22	10:50	1	01	4390	4390	00	28039068	0	0	0	0	0	0	0	0
$1	249	3	3	0	1442	1.00	2390	23.06.22	10:51	1	01	2390	2390	00	5907688710489	0	0	0	0	0	0	0	0
$1	249	3	4	0	1444	1.00	1490	23.06.22	10:51	1	01	1490	1490	00	5907688710021	0	0	0	0	0	0	0	0
$1	249	3	5	0	2291	1.00	2150	23.06.22	10:51	1	01	2150	2150	00	5906660352143	0	0	0	0	0	0	0	0
$1	249	3	6	0	1914	1.00	1750	23.06.22	10:51	1	01	1750	1750	00	10007303	0	0	0	0	0	0	0	0
$1	249	3	7	0	1913	1.00	1750	23.06.22	10:51	1	01	1750	1750	00	10007495	0	0	0	0	0	0	0	0
$1	249	3	8	0	1996	1.00	3850	23.06.22	10:51	1	01	3850	3850	00	10007532	0	0	0	0	0	0	0	0
$1	249	3	9	0	4531	1.00	5190	23.06.22	10:51	1	01	5190	5190	00	10007075	0	0	0	0	0	0	0	0
$1	249	3	10	0	3015	1.00	6700	23.06.22	10:51	1	01	6700	6700	00	35030157	0	0	0	0	0	0	0	0
$1	249	3	11	0	2750	1.00	5190	23.06.22	10:51	1	01	5190	5190	00	35027508	0	0	0	0	0	0	0	0
$4	249	3	2	0	0	43950	43950
$1	249	4	1	0	4228	1.00	1290	23.06.22	11:36	1	01	1290	1290	00	18234	0	0	0	0	0	0	0	0
$4	249	4	1	0	0	1290	1290
$1	249	5	1	0	2951	1.00	1490	23.06.22	12:54	1	01	1490	1490	00	8691190466107	0	0	0	0	0	0	0	0
$4	249	5	2	0	0	1490	1490
$1	249	6	1	0	2053	1.00	2990	23.06.22	14:04	1	01	2990	2990	00	11020530	0	0	0	0	0	0	0	0
$1	249	6	2	0	4750	1.00	3890	23.06.22	14:04	1	01	3890	3890	00	10009703	0	0	0	0	0	0	0	0
$4	249	6	1	0	0	10000	10000
$4	249	6	1	0	1	3120	3120
$1	249	7	1	0	3589	1.00	1550	23.06.22	14:10	2	01	1550	1550	00	10003701	0	0	0	0	0	0	0	0
$4	249	7	1	0	0	2000	2000
$4	249	7	1	0	1	450	450
$1	249	8	1	0	2009	1.00	3450	23.06.22	14:35	1	01	3450	3450	00	10007594	0	0	0	0	0	0	0	0
$1	249	8	2	0	3227	1.00	5850	23.06.22	14:35	1	01	5850	5850	00	4032274	0	0	0	0	0	0	0	0
$4	249	8	2	0	0	9300	9300
$1	249	9	1	0	4245	1.00	3450	23.06.22	14:36	2	01	3450	3450	00	680275064213	0	0	0	0	0	0	0	0
$4	249	9	2	0	0	3450	3450
$1	249	10	1	0	4229	1.00	1290	23.06.22	14:58	1	01	1290	1290	00	8691190864101	0	0	0	0	0	0	0	0
$1	249	10	2	0	2024	1.00	2490	23.06.22	14:58	1	01	2490	2490	00	10020241	0	0	0	0	0	0	0	0
$4	249	10	2	0	0	3780	3780
$1	249	11	1	0	1851	1.00	9990	23.06.22	15:02	1	01	9990	9990	00	8018519	0	0	0	0	0	0	0	0
$4	249	11	2	0	0	9990	9990
$14	01	23.06.23	09:38	4
$13	00	1	23.06.23	09:38	01	0	0	0	0	0	0	0	0	0	             
$1	250	1	1	0	0972	2.00	900	23.06.23	10:27	4	01	900	900	00	5906365702359	0	0	0	0	0	0	0	0
$4	250	1	1	0	0	900	900
$1	250	2	1	0	4711	1.00	3550	23.06.23	12:34	2	01	3550	3550	00	10009048	0	0	0	0	0	0	0	0
$1	250	2	2	0	3093	1.00	1350	23.06.23	12:34	2	01	1350	1350	00	10009178	0	0	0	0	0	0	0	0
$4	250	2	2	0	0	4900	4900
$1	250	3	1	0	0514	1.00	3090	23.06.23	13:46	1	01	3090	3090	00	10009604	0	0	0	0	0	0	0	0
$1	250	3	2	0	2284	1.00	2990	23.06.23	13:46	1	01	2990	2990	00	2005133	0	0	0	0	0	0	0	0
$1	250	3	3	0	0472	1.00	1400	23.06.23	13:46	1	01	1400	1400	00	5907502687300	0	0	0	0	0	0	0	0
$1	250	3	4	0	0606	1.00	4590	23.06.23	13:46	1	01	4590	4590	00	5902249011104	0	0	0	0	0	0	0	0
$4	250	3	2	0	0	12070	12070
$1	250	4	1	0	0472	1.00	1400	23.06.23	13:48	1	01	1400	1400	00	5907502687300	0	0	0	0	0	0	0	0
$4	250	4	1	0	0	2000	2000
$4	250	4	1	0	1	600	600
$1	250	5	1	0	4245	1.00	3450	23.06.23	14:25	2	01	3450	3450	00	680275064213	0	0	0	0	0	0	0	0
$4	250	5	1	0	0	10000	10000
$4	250	5	1	0	1	6550	6550
$1	250	6	1	0	3901	2.00	2180	23.06.23	15:22	1	01	2180	2180	00	28039013	0	0	0	0	0	0	0	0
$1	250	6	2	0	4189	1.00	600	23.06.23	15:22	1	01	600	600	00	6118	0	0	0	0	0	0	0	0
$1	250	6	3	0	4216	1.00	390	23.06.23	15:22	1	01	390	390	00	8691190802097	0	0	0	0	0	0	0	0
$4	250	6	2	0	0	3170	3170
$1	250	7	1	0	3043	1.00	950	23.06.23	15:31	2	01	950	950	00	10009406	0	0	0	0	0	0	0	0
$4	250	7	1	0	0	1000	1000
$4	250	7	1	0	1	050	050
$1	250	8	1	0	3038	1.00	890	23.06.23	15:42	2	01	890	890	00	10009345	0	0	0	0	0	0	0	0
$1	250	8	2	0	4684	1.00	1290	23.06.23	15:42	1	01	1290	1290	00	10008782	0	0	0	0	0	0	0	0
$1	250	8	3	0	3312	1.00	1290	23.06.23	15:43	1	01	1290	1290	00	22033123	0	0	0	0	0	0	0	0
$1	250	8	4	0	1605	2.00	2100	23.06.23	15:43	1	01	2100	2100	00	7016059	0	0	0	0	0	0	0	0
$1	250	8	5	0	1537	2.00	3780	23.06.23	15:43	4	01	3780	3780	00	7015373	0	0	0	0	0	0	0	0
$1	250	8	6	0	4687	2.00	7100	23.06.23	15:43	1	01	7100	7100	00	10008812	0	0	0	0	0	0	0	0
$1	250	8	7	0	0002	1.000	2990	23.06.23	15:44	1	01	2990	2990	00		0	0	0	0	0	0	0	0
$4	250	8	1	0	0	20000	20000
$4	250	8	1	0	1	560	560
$1	250	9	1	0	4023	1.00	1550	23.06.23	15:54	1	01	1550	1550	00	14694	0	0	0	0	0	0	0	0
$4	250	9	1	0	0	5000	5000
$4	250	9	1	0	1	3450	3450
$1	250	10	1	0	4436	1.00	4550	23.06.23	15:59	1	01	4550	4550	00	10005767	0	0	0	0	0	0	0	0
$4	250	10	2	0	0	4550	4550
$1	250	11	1	0	0454	1.00	4550	23.06.23	16:02	1	01	4550	4550	00	5907502687188	0	0	0	0	0	0	0	0
$4	250	11	2	0	0	4550	4550
$1	250	12	1	0	4337	1.00	7290	23.06.23	16:49	1	01	7290	7290	00	6412600834536	0	0	0	0	0	0	0	0
$1	250	12	2	0	3165	1.00	7500	23.06.23	16:49	1	01	7500	7500	00	18031652	0	0	0	0	0	0	0	0
$4	250	12	2	0	0	14790	14790
$1	250	13	1	0	0673	1.00	3100	23.06.23	16:58	1	01	3100	3100	00	10001554	0	0	0	0	0	0	0	0
$1	250	13	2	0	2265	1.00	1000	23.06.23	16:58	2	01	1000	1000	00	10003916	0	0	0	0	0	0	0	0
$4	250	13	1	0	0	4100	4100
$14	01	23.06.24	09:29	4
$13	00	1	23.06.24	09:29	01	0	0	0	0	0	0	0	0	0	             
$1	251	1	1	0	2015	1.00	4450	23.06.24	10:06	1	01	4450	4450	00	10007525	0	0	0	0	0	0	0	0
$4	251	1	2	0	0	4450	4450
$1	251	2	1	0	0297	1.00	2490	23.06.24	10:26	1	01	2490	2490	00	800307842750	0	0	0	0	0	0	0	0
$1	251	2	2	0	2024	1.00	1990	23.06.24	10:26	1	01	1990	2490	00	10020241	0	0	0	0	0	0	0	1
$4	251	2	2	0	0	4480	4480
$1	251	3	1	0	0529	1.00	2700	23.06.24	10:29	1	01	2700	2700	00	10001646	0	0	0	0	0	0	0	0
$4	251	3	2	0	0	2700	2700
$1	251	4	1	0	1537	1.00	1890	23.06.24	10:57	4	01	1890	1890	00	7015373	0	0	0	0	0	0	0	0
$4	251	4	2	0	0	1890	1890
$1	251	5	1	0	1847	1.00	3190	23.06.24	11:04	1	01	3190	3190	00	5701278364300	0	0	0	0	0	0	0	0
$1	251	5	2	0	1820	1.00	2190	23.06.24	11:04	1	01	2190	2190	00	10004326	0	0	0	0	0	0	0	0
$4	251	5	1	0	0	6000	6000
$4	251	5	1	0	1	620	620
$1	251	6	1	0	1513	1.00	2190	23.06.24	11:16	4	01	2190	2190	00	7015137	0	0	0	0	0	0	0	0
$1	251	6	2	0	1537	1.00	1890	23.06.24	11:16	4	01	1890	1890	00	7015373	0	0	0	0	0	0	0	0
$4	251	6	1	0	0	10000	10000
$4	251	6	1	0	1	5920	5920
$1	251	7	1	0	1122	1.00	1190	23.06.24	11:21	4	01	1190	1190	00	5011223	0	0	0	0	0	0	0	0
$1	251	7	2	0	4716	1.00	1790	23.06.24	11:21	2	01	1790	1790	00	10009093	0	0	0	0	0	0	0	0
$1	251	7	3	0	1183	1.00	690	23.06.24	11:22	2	01	690	690	00	5909990628414	0	0	0	0	0	0	0	0
$1	251	7	4	0	1230	1.00	550	23.06.24	11:22	2	01	550	550	00	5909994310766	0	0	0	0	0	0	0	0
$1	251	7	5	0	2315	1.00	2190	23.06.24	11:22	1	01	2190	2190	00	5903760202460	0	0	0	0	0	0	0	0
$1	251	7	6	0	4624	1.00	990	23.06.24	11:22	1	01	990	990	00	10008201	0	0	0	0	0	0	0	0
$1	251	7	7	0	0066	1.000	1190	23.06.24	11:23	1	01	1190	1190	00		0	0	0	0	0	0	0	0
$4	251	7	2	0	0	8590	8590
$1	251	8	1	0	0031	1.000	2600	23.06.24	12:28	1	01	2600	2600	00		0	0	0	0	0	0	0	0
$4	251	8	1	0	0	5000	5000
$4	251	8	1	0	1	2400	2400
$1	251	9	1	0	0329	1.00	2190	23.06.24	12:44	1	01	2190	2190	00	5900168908116	0	0	0	0	0	0	0	0
$1	251	9	2	0	0312	1.00	1850	23.06.24	12:44	1	01	1850	1850	00	5903111747022	0	0	0	0	0	0	0	0
$1	251	9	3	0	0306	1.00	2190	23.06.24	12:44	1	01	2190	2190	00	5900168908475	0	0	0	0	0	0	0	0
$1	251	9	4	0	3025	1.00	850	23.06.24	12:44	2	01	850	850	00	10009147	0	0	0	0	0	0	0	0
$1	251	9	5	0	1115	1.00	650	23.06.24	12:44	2	01	650	650	00	5905279799615	0	0	0	0	0	0	0	0
$1	251	9	6	0	1097	1.00	550	23.06.24	12:44	2	01	550	550	00	5909994310568	0	0	0	0	0	0	0	0
$4	251	9	2	0	0	8280	8280
$1	251	10	1	0	0975	1.00	750	23.06.24	12:47	2	01	750	750	00	5905279799035	0	0	0	0	0	0	0	0
$1	251	10	2	0	2675	1.00	1550	23.06.24	12:47	1	01	1550	1550	00	17026758	0	0	0	0	0	0	0	0
$4	251	10	2	0	0	2300	2300
$14	01	23.06.26	09:46	4
$13	00	1	23.06.26	09:46	01	0	0	0	0	0	0	0	0	0	             
$1	252	1	1	0	2350	2.00	1580	23.06.26	09:49	1	01	1580	1580	00	15023506	0	0	0	0	0	0	0	0
$4	252	1	2	0	0	1580	1580
$1	252	2	1	0	1513	1.00	2190	23.06.26	10:07	4	01	2190	2190	00	7015137	0	0	0	0	0	0	0	0
$4	252	2	1	0	0	2190	2190
$1	252	3	1	0	1068	1.00	650	23.06.26	11:05	2	01	650	650	00	5905279799400	0	0	0	0	0	0	0	0
$4	252	3	2	0	0	650	650
$1	252	4	1	0	4222	1.00	2250	23.06.26	11:16	1	01	2250	2250	00	8691190605087	0	0	0	0	0	0	0	0
$1	252	4	2	0	3545	1.00	1490	23.06.26	11:16	1	01	1490	1490	00	8691190466183	0	0	0	0	0	0	0	0
$4	252	4	1	0	0	10000	10000
$4	252	4	1	0	1	6260	6260
$1	252	5	1	0	1820	2.00	4380	23.06.26	11:58	1	01	4380	4380	00	5701278288101	0	0	0	0	0	0	0	0
$4	252	5	1	0	0	20000	20000
$4	252	5	1	0	1	15620	15620
$1	252	6	1	0	4754	1.00	3350	23.06.26	14:20	1	01	3350	3350	00	10009741	0	0	0	0	0	0	0	0
$4	252	6	1	0	0	3350	3350
$1	252	7	1	0	4379	1.00	3890	23.06.26	14:25	1	01	3890	3890	00	10005194	0	0	0	0	0	0	0	0
$1	252	7	2	0	4380	1.00	3350	23.06.26	14:25	1	01	3350	3350	00	10005163	0	0	0	0	0	0	0	0
$1	252	7	3	0	3289	1.00	950	23.06.26	14:25	2	01	950	950	00	22032898	0	0	0	0	0	0	0	0
$1	252	7	4	0	3095	1.00	900	23.06.26	14:25	2	01	900	900	00	10009376	0	0	0	0	0	0	0	0
$1	252	7	5	0	3091	1.00	750	23.06.26	14:25	2	01	750	750	00	10003589	0	0	0	0	0	0	0	0
$4	252	7	1	0	0	10000	10000
$4	252	7	1	0	1	160	160
$1	252	8	1	0	0515	1.00	3350	23.06.26	14:32	1	01	3350	3350	00	2005157	0	0	0	0	0	0	0	0
$1	252	8	2	0	1436	1.00	2990	23.06.26	14:32	1	01	2990	2990	00	10002940	0	0	0	0	0	0	0	0
$4	252	8	2	0	0	6340	6340
$1	252	9	1	0	4749	1.00	3890	23.06.26	17:00	1	01	3890	3890	00	10009697	0	0	0	0	0	0	0	0
$1	252	9	2	0	0528	1.00	2500	23.06.26	17:00	1	01	2500	2500	00	10001455	0	0	0	0	0	0	0	0
$4	252	9	2	0	0	6390	6390
$14	01	23.06.27	09:55	4
$13	00	1	23.06.27	09:55	01	0	0	0	0	0	0	0	0	0	             
$1	253	1	1	0	1044	1.00	490	23.06.27	10:30	4	01	490	490	00	5907752643552	0	0	0	0	0	0	0	0
$4	253	1	2	0	0	490	490
$1	253	2	1	0	1085	1.00	690	23.06.27	11:09	2	01	690	690	00	5906365702779	0	0	0	0	0	0	0	0
$1	253	2	2	0	1181	1.00	550	23.06.27	11:09	2	01	550	550	00	5909994310964	0	0	0	0	0	0	0	0
$1	253	2	3	0	1068	1.00	650	23.06.27	11:09	2	01	650	650	00	5905279799400	0	0	0	0	0	0	0	0
$1	253	2	4	0	1111	1.00	590	23.06.27	11:09	2	01	590	590	00	5906365702304	0	0	0	0	0	0	0	0
$4	253	2	1	0	0	5000	5000
$4	253	2	1	0	1	2520	2520
$1	253	3	1	0	1093	1.00	750	23.06.27	11:19	2	01	750	750	00	5906365702212	0	0	0	0	0	0	0	0
$1	253	3	2	0	1233	1.00	750	23.06.27	11:19	2	01	750	750	00	5909990628223	0	0	0	0	0	0	0	0
$1	253	3	3	0	1179	1.00	750	23.06.27	11:19	2	01	750	750	00	5909994309524	0	0	0	0	0	0	0	0
$1	253	3	4	0	1250	1.00	750	23.06.27	11:19	2	01	750	750	00	5909990628278	0	0	0	0	0	0	0	0
$1	253	3	5	0	0982	1.00	590	23.06.27	11:19	2	01	590	590	00	5907752643385	0	0	0	0	0	0	0	0
$1	253	3	6	0	1170	1.00	590	23.06.27	11:19	2	01	590	590	00	5909994311565	0	0	0	0	0	0	0	0
$1	253	3	7	0	1097	1.00	550	23.06.27	11:19	2	01	550	550	00	5909994310568	0	0	0	0	0	0	0	0
$1	253	3	8	0	0996	1.00	650	23.06.27	11:19	2	01	650	650	00	5906365702076	0	0	0	0	0	0	0	0
$1	253	3	9	0	1038	1.00	650	23.06.27	11:19	2	01	650	650	00	5906365702120	0	0	0	0	0	0	0	0
$4	253	3	2	0	0	6030	6030
$1	253	4	1	0	2053	3.00	8970	23.06.27	13:16	1	01	8970	8970	00	11020530	0	0	0	0	0	0	0	0
$4	253	4	2	0	0	8970	8970
$1	253	5	1	0	2596	1.00	1350	23.06.27	13:18	1	01	1350	1350	00	17025966	0	0	0	0	0	0	0	0
$1	253	5	2	0	1135	1.00	1090	23.06.27	13:18	2	01	1090	1090	00	5011353	0	0	0	0	0	0	0	0
$1	253	5	3	0	2482	1.00	650	23.06.27	13:18	2	01	650	650	00	10009314	0	0	0	0	0	0	0	0
$4	253	5	1	0	0	5000	5000
$4	253	5	1	0	1	1910	1910
$1	253	6	1	0	1462	1.00	1590	23.06.27	13:46	1	01	1590	1590	00	10003176	0	0	0	0	0	0	0	0
$1	253	6	2	0	0663	1.00	3600	23.06.27	13:46	1	01	3600	3600	00	5902249014945	0	0	0	0	0	0	0	0
$4	253	6	1	0	0	10000	10000
$4	253	6	1	0	1	4810	4810
$1	253	7	1	0	2053	3.00	8970	23.06.27	13:58	1	01	8970	8970	00	11020530	0	0	0	0	0	0	0	0
$4	253	7	1	0	0	10000	10000
$4	253	7	1	0	1	1030	1030
$1	253	8	1	0	3153	1.00	2465	23.06.27	14:00	1	01	2465	2900	00	5902249015812	0	0	0	0	0	0	0	1
$4	253	8	2	0	0	2465	2465
$1	253	9	1	0	2350	1.00	790	23.06.27	14:49	1	01	790	790	00	15023506	0	0	0	0	0	0	0	0
$4	253	9	1	0	0	800	800
$4	253	9	1	0	1	010	010
$1	253	10	1	0	3392	1.00	1950	23.06.27	15:25	1	01	1950	1950	00	5902249016864	0	0	0	0	0	0	0	0
$4	253	10	2	0	0	1950	1950
$1	253	11	1	0	0508	1.00	2390	23.06.27	15:26	1	01	2390	2390	00	5902249010459	0	0	0	0	0	0	0	0
$4	253	11	2	0	0	2390	2390
$1	253	12	1	0	0499	1.00	3000	23.06.27	15:32	1	01	3000	3000	00	5907502687553	0	0	0	0	0	0	0	0
$4	253	12	1	0	0	10000	10000
$4	253	12	1	0	1	7000	7000
$1	254	1	1	0	3222	1.00	5750	23.06.27	16:02	1	01	5750	5750	00	35032229	0	0	0	0	0	0	0	0
$4	254	1	2	0	0	5750	5750
$1	254	2	1	0	4567	1.00	3450	23.06.27	16:05	1	01	3450	3450	00	10007730	0	0	0	0	0	0	0	0
$1	254	2	2	0	0508	1.00	2390	23.06.27	16:06	1	01	2390	2390	00	5902249010459	0	0	0	0	0	0	0	0
$4	254	2	2	0	0	5840	5840
$14	01	23.06.28	09:54	4
$13	00	1	23.06.28	09:54	01	0	0	0	0	0	0	0	0	0	             
$1	255	1	1	0	0893	1.00	4500	23.06.28	10:45	1	01	4500	4500	00	4008934	0	0	0	0	0	0	0	0
$4	255	1	1	0	0	5000	5000
$4	255	1	1	0	1	500	500
$1	255	2	1	0	1055	1.00	990	23.06.28	11:58	4	01	990	990	00	5905279799141	0	0	0	0	0	0	0	0
$4	255	2	2	0	0	990	990
$1	255	3	1	0	0531	1.00	2990	23.06.28	12:09	1	01	2990	2990	00	2005317	0	0	0	0	0	0	0	0
$1	255	3	2	0	4457	1.00	3550	23.06.28	12:09	1	01	3550	3550	00	10006221	0	0	0	0	0	0	0	0
$1	255	3	3	0	1901	1.00	1750	23.06.28	12:09	1	01	1750	1750	00	10007334	0	0	0	0	0	0	0	0
$4	255	3	2	0	0	8290	8290
$1	255	4	1	0	0954	1.00	590	23.06.28	12:23	2	01	590	590	00	5905279799394	0	0	0	0	0	0	0	0
$4	255	4	1	0	0	2000	2000
$4	255	4	1	0	1	1410	1410
$1	255	5	1	0	2053	3.00	8970	23.06.28	14:20	1	01	8970	8970	00	11020530	0	0	0	0	0	0	0	0
$1	255	5	2	0	0311	1.00	2190	23.06.28	14:20	1	01	2190	2190	00	10004975	0	0	0	0	0	0	0	0
$4	255	5	2	0	0	11160	11160
$1	255	6	1	0	1115	1.00	650	23.06.28	14:49	2	01	650	650	00	5905279799615	0	0	0	0	0	0	0	0
$1	255	6	2	0	1887	1.00	550	23.06.28	14:49	4	01	550	550	00	5905279799721	0	0	0	0	0	0	0	0
$1	255	6	3	0	1199	1.00	650	23.06.28	14:49	2	01	650	650	00	5909990195527	0	0	0	0	0	0	0	0
$1	255	6	4	0	1191	2.00	1100	23.06.28	14:49	2	01	1100	1100	00	5909990628490	0	0	0	0	0	0	0	0
$1	255	6	5	0	1008	2.00	1100	23.06.28	14:49	2	01	1100	1100	00	5909994311367	0	0	0	0	0	0	0	0
$1	255	6	6	0	1181	1.00	550	23.06.28	14:49	2	01	550	550	00	5909994310964	0	0	0	0	0	0	0	0
$1	255	6	7	0	1000	1.00	650	23.06.28	14:50	2	01	650	650	00	5906365702922	0	0	0	0	0	0	0	0
$1	255	6	8	0	1043	1.00	1190	23.06.28	14:50	2	01	1190	1190	00	5905279799196	0	0	0	0	0	0	0	0
$1	255	6	9	0	1031	1.00	1850	23.06.28	14:50	4	01	1850	1850	00	5010318	0	0	0	0	0	0	0	0
$1	255	6	10	0	3265	1.00	1790	23.06.28	14:50	4	01	1790	1790	00	5032655	0	0	0	0	0	0	0	0
$1	255	6	11	0	0976	1.00	1650	23.06.28	14:50	2	01	1650	1650	00	5009763	0	0	0	0	0	0	0	0
$4	255	6	2	0	0	11730	11730
$14	01	23.06.29	09:32	4
$13	00	1	23.06.29	09:32	01	0	0	0	0	0	0	0	0	0	             
$1	256	1	1	0	0955	1.00	450	23.06.29	10:28	4	01	450	450	00	5907752643316	0	0	0	0	0	0	0	0
$4	256	1	1	0	0	1000	1000
$4	256	1	1	0	1	550	550
$1	256	2	1	0	4061	1.00	4990	23.06.29	11:28	1	01	4990	4990	00	27040614	0	0	0	0	0	0	0	0
$4	256	2	1	0	0	4990	4990
$12	256	1	1	0	1132	1.00	690	23.06.29	12:22	2	01	690	690	00	5907752643491	0	0	0	0	0	0	0	0
$12	256	1	2	0	1132	1.00	690	23.06.29	12:22	2	01	690	690	00	5907752643491	0	0	0	0	0	0	0	0
$1	256	3	1	0	3559	1.00	2150	23.06.29	13:14	1	01	2150	2150	00	6013783	0	0	0	0	0	0	0	0
$1	256	3	2	0	1443	1.00	2000	23.06.29	13:14	1	01	2000	2000	00	10002988	0	0	0	0	0	0	0	0
$1	256	3	3	0	4622	1.00	1690	23.06.29	13:14	1	01	1690	1690	00	10008188	0	0	0	0	0	0	0	0
$4	256	3	2	0	0	5840	5840
$1	256	4	1	0	2328	1.00	900	23.06.29	15:05	2	01	900	900	00	10009451	0	0	0	0	0	0	0	0
$1	256	4	2	0	4039	1.00	850	23.06.29	15:05	2	01	850	850	00	10009468	0	0	0	0	0	0	0	0
$4	256	4	2	0	0	1750	1750
$1	256	5	1	0	0982	1.00	590	23.06.29	15:58	2	01	590	590	00	5907752643385	0	0	0	0	0	0	0	0
$1	256	5	2	0	0982	1.00	590	23.06.29	15:58	2	01	590	590	00	5907752643385	0	0	0	0	0	0	0	0
$1	256	5	3	0	0952	1.00	490	23.06.29	15:58	4	01	490	490	00	5906365702472	0	0	0	0	0	0	0	0
$1	256	5	4	0	4508	1.00	450	23.06.29	15:58	2	01	450	450	00	5905279799882	0	0	0	0	0	0	0	0
$1	256	5	5	0	1039	1.00	650	23.06.29	15:58	2	01	650	650	00	5906365702823	0	0	0	0	0	0	0	0
$1	256	5	6	0	4671	1.00	2990	23.06.29	15:59	1	01	2990	2990	00	5907688710960	0	0	0	0	0	0	0	0
$1	256	5	7	0	0599	1.00	2900	23.06.29	16:00	1	01	2900	2900	00	5902249010961	0	0	0	0	0	0	0	0
$4	256	5	2	0	0	8660	8660
$1	256	6	1	0	2663	1.00	850	23.06.29	16:08	2	01	850	850	00	5907559279169	0	0	0	0	0	0	0	0
$1	256	6	2	0	2663	1.00	850	23.06.29	16:11	2	01	850	850	00	5907559279169	0	0	0	0	0	0	0	0
$4	256	6	2	0	0	1700	1700
$14	01	23.06.29	17:09	4
$13	00	1	23.06.29	17:09	01	0	0	0	0	0	0	0	0	0	             
$14	01	23.06.30	09:41	4
$13	00	1	23.06.30	09:41	01	0	0	0	0	0	0	0	0	0	             
$12	257	1	1	0	3903	1.00	2590	23.06.30	09:50	1	01	2590	2590	00	28039037	0	0	0	0	0	0	0	0
$12	257	1	2	0	3902	1.00	1450	23.06.30	09:50	1	01	1450	1450	00	28039020	0	0	0	0	0	0	0	0
$12	257	1	3	0	4335	1.00	7290	23.06.30	09:50	1	01	7290	7290	00	10004364	0	0	0	0	0	0	0	0
$12	257	1	4	0	0293	1.00	8350	23.06.30	09:50	1	01	8350	8350	00	147	0	0	0	0	0	0	0	0
$1	257	1	1	0	1097	1.00	550	23.06.30	10:04	2	01	550	550	00	5909994310568	0	0	0	0	0	0	0	0
$1	257	1	2	0	1231	1.00	550	23.06.30	10:04	2	01	550	550	00	5909994310469	0	0	0	0	0	0	0	0
$1	257	1	3	0	1231	1.00	550	23.06.30	10:04	2	01	550	550	00	5909994310469	0	0	0	0	0	0	0	0
$1	257	1	4	0	1055	1.00	990	23.06.30	10:04	4	01	990	990	00	5905279799141	0	0	0	0	0	0	0	0
$1	257	1	5	0	1527	1.00	3650	23.06.30	10:04	4	01	3650	3650	00	7015274	0	0	0	0	0	0	0	0
$1	257	1	6	0	1479	1.00	3990	23.06.30	10:04	4	01	3990	3990	00	7014796	0	0	0	0	0	0	0	0
$4	257	1	1	0	0	10280	10280
$1	257	2	1	0	2055	1.00	6950	23.06.30	10:07	1	01	6950	6950	00	11020554	0	0	0	0	0	0	0	0
$1	257	2	2	0	0293	1.00	8350	23.06.30	10:19	1	01	8350	8350	00	147	0	0	0	0	0	0	0	0
$1	257	2	3	0	3903	1.00	2590	23.06.30	10:19	1	01	2590	2590	00	28039037	0	0	0	0	0	0	0	0
$1	257	2	4	0	4335	1.00	7290	23.06.30	10:19	1	01	7290	7290	00	10004364	0	0	0	0	0	0	0	0
$1	257	2	5	0	3902	1.00	1450	23.06.30	10:19	1	01	1450	1450	00	28039020	0	0	0	0	0	0	0	0
$4	257	2	2	0	0	26630	26630
$1	257	3	1	0	1826	1.00	3190	23.06.30	11:27	1	01	3190	3190	00	5701278121507	0	0	0	0	0	0	0	0
$1	257	3	2	0	3552	1.00	3450	23.06.30	11:27	1	01	3450	3450	00	5711914099183	0	0	0	0	0	0	0	0
$1	257	3	3	0	3552	1.00	3450	23.06.30	11:27	1	01	3450	3450	00	5711914099183	0	0	0	0	0	0	0	0
$1	257	3	4	0	3552	1.00	3450	23.06.30	11:27	1	01	3450	3450	00	5711914099183	0	0	0	0	0	0	0	0
$4	257	3	1	0	0	13600	13600
$4	257	3	1	0	1	060	060
$1	257	4	1	0	1367	1.00	1490	23.06.30	11:31	1	01	1490	1490	00	8691190466169	0	0	0	0	0	0	0	0
$1	257	4	2	0	1798	1.00	2650	23.06.30	11:31	1	01	2650	2650	00	8017987	0	0	0	0	0	0	0	0
$1	257	4	3	0	0600	1.00	2850	23.06.30	11:32	1	01	2850	2850	00	5902249010985	0	0	0	0	0	0	0	0
$1	257	4	4	0	0503	1.00	2600	23.06.30	11:32	1	01	2600	2600	00	5907502687539	0	0	0	0	0	0	0	0
$1	257	4	5	0	4750	1.00	3890	23.06.30	11:32	1	01	3890	3890	00	10009703	0	0	0	0	0	0	0	0
$1	257	4	6	0	0893	1.00	4500	23.06.30	11:34	1	01	4500	4500	00	4008934	0	0	0	0	0	0	0	0
$4	257	4	2	0	0	17980	17980
$1	257	5	1	0	1133	1.00	1250	23.06.30	11:44	4	01	1250	1250	00	5011339	0	0	0	0	0	0	0	0
$1	257	5	2	0	2596	1.00	1350	23.06.30	11:44	1	01	1350	1350	00	17025966	0	0	0	0	0	0	0	0
$4	257	5	1	0	0	10100	10100
$4	257	5	1	0	1	7500	7500
$1	257	6	1	0	3090	1.00	900	23.06.30	14:03	2	01	900	900	00	10003886	0	0	0	0	0	0	0	0
$4	257	6	1	0	0	900	900
$1	257	7	1	0	0618	1.00	2900	23.06.30	14:40	1	01	2900	2900	00	2006185	0	0	0	0	0	0	0	0
$1	257	7	2	0	4754	1.00	3650	23.06.30	14:40	1	01	3650	3650	00	10009741	0	0	0	0	0	0	0	0
$4	257	7	2	0	0	6550	6550
$1	257	8	1	0	3901	1.00	1090	23.06.30	14:46	1	01	1090	1090	00	28039013	0	0	0	0	0	0	0	0
$4	257	8	1	0	0	1100	1100
$4	257	8	1	0	1	010	010
$1	257	9	1	0	2483	1.00	550	23.06.30	15:27	2	01	550	550	00	10009307	0	0	0	0	0	0	0	0
$1	257	9	2	0	2488	1.00	590	23.06.30	15:27	2	01	590	590	00	10009321	0	0	0	0	0	0	0	0
$4	257	9	1	0	0	1140	1140
$12	257	2	1	0	3300	1.00	1050	23.06.30	15:33	1	01	1050	1050	00	22033000	0	0	0	0	0	0	0	0
$1	257	10	1	0	2329	1.00	990	23.06.30	15:35	2	01	990	990	00	10009246	0	0	0	0	0	0	0	0
$4	257	10	1	0	0	1000	1000
$4	257	10	1	0	1	010	010
$1	257	11	1	0	1047	1.00	1290	23.06.30	16:43	4	01	1290	1290	00	5010479	0	0	0	0	0	0	0	0
$1	257	11	2	0	0954	1.00	590	23.06.30	16:44	2	01	590	590	00	5905279799394	0	0	0	0	0	0	0	0
$1	257	11	3	0	1184	1.00	550	23.06.30	16:45	2	01	550	550	00	5909990628377	0	0	0	0	0	0	0	0
$1	257	11	4	0	1055	1.00	990	23.06.30	16:45	4	01	990	990	00	5010554	0	0	0	0	0	0	0	0
$1	257	11	5	0	1000	1.00	650	23.06.30	16:46	2	01	650	650	00	5906365702922	0	0	0	0	0	0	0	0
$1	257	11	6	0	2530	1.00	2250	23.06.30	16:46	2	01	2250	2250	00	5904960011616	0	0	0	0	0	0	0	0
$4	257	11	2	0	0	6320	6320
$1	257	12	1	0	0853	1.00	2490	23.06.30	16:49	1	01	2490	2490	00	5906395235698	0	0	0	0	0	0	0	0
$1	257	12	2	0	0470	1.00	4400	23.06.30	16:49	1	01	4400	4400	00	5907502687263	0	0	0	0	0	0	0	0
$1	257	12	3	0	1203	1.00	700	23.06.30	16:49	2	01	700	700	00	5909990219612	0	0	0	0	0	0	0	0
$4	257	12	2	0	0	7590	7590
$1	257	13	1	0	1131	1.00	1090	23.06.30	16:51	4	01	1090	1090	00	5905279799462	0	0	0	0	0	0	0	0
$1	257	13	2	0	1032	1.00	900	23.06.30	16:51	4	01	900	900	00	5010325	0	0	0	0	0	0	0	0
$4	257	13	2	0	0	1990	1990
$1	257	14	1	0	2465	1.00	790	23.06.30	16:53	2	01	790	790	00	10009505	0	0	0	0	0	0	0	0
$4	257	14	2	0	0	790	790
$1	257	15	1	0	3365	1.00	1250	23.06.30	16:56	1	01	1250	1250	00	8691190842161	0	0	0	0	0	0	0	0
$4	257	15	2	0	0	1250	1250
$1	257	16	1	0	1462	1.00	1590	23.06.30	17:02	1	01	1590	1590	00	10003176	0	0	0	0	0	0	0	0
$4	257	16	2	0	0	1590	1590
$1	257	17	1	0	0031	1.000	2100	23.06.30	17:11	1	01	2100	2100	00		0	0	0	0	0	0	0	0
$4	257	17	2	0	0	2100	2100
$1	257	18	1	0	0031	1.000	2100	23.06.30	17:14	1	01	2100	2100	00		0	0	0	0	0	0	0	0
$4	257	18	2	0	0	2100	2100
$14	01	23.07.01	10:01	4
$13	00	1	23.07.01	10:01	01	0	0	0	0	0	0	0	0	0	             
$1	258	1	1	0	0557	1.00	2800	23.07.01	10:25	1	01	2800	2800	00	5902249010411	0	0	0	0	0	0	0	0
$4	258	1	1	0	0	5000	5000
$4	258	1	1	0	1	2200	2200
$1	258	2	1	0	2053	2.00	5980	23.07.01	11:41	1	01	5980	5980	00	11020530	0	0	0	0	0	0	0	0
$4	258	2	1	0	0	6000	6000
$4	258	2	1	0	1	020	020
$1	258	3	1	0	2024	1.00	2490	23.07.01	11:57	1	01	2490	2490	00	10020241	0	0	0	0	0	0	0	0
$4	258	3	2	0	0	2490	2490
$1	258	4	1	0	2291	1.00	2150	23.07.01	12:08	1	01	2150	2150	00	5906660352143	0	0	0	0	0	0	0	0
$4	258	4	2	0	0	2150	2150
$1	258	5	1	0	2053	1.00	2990	23.07.01	12:12	1	01	2990	2990	00	11020530	0	0	0	0	0	0	0	0
$4	258	5	1	0	0	3000	3000
$4	258	5	1	0	1	010	010
$1	258	6	1	0	2350	1.00	790	23.07.01	12:30	1	01	790	790	00	15023506	0	0	0	0	0	0	0	0
$4	258	6	1	0	0	790	790
$14	01	23.07.03	09:42	4
$13	00	1	23.07.03	09:42	01	0	0	0	0	0	0	0	0	0	             
$10	259	1	1	0	1177	1.00	750	23.07.03	10:58	2	01	750	750	00	5909994311312	0	0	0	0	0	0	0	0
$1	259	1	1	0	1008	1.00	550	23.07.03	10:58	2	01	550	550	00	5909994311367	0	0	0	0	0	0	0	0
$1	259	1	2	0	3089	1.00	950	23.07.03	10:58	2	01	950	950	00	10009390	0	0	0	0	0	0	0	0
$4	259	1	1	0	0	2000	2000
$4	259	1	1	0	1	500	500
$1	259	2	1	0	1955	1.00	1790	23.07.03	11:41	2	01	1790	1790	00	10007570	0	0	0	0	0	0	0	0
$4	259	2	2	0	0	1790	1790
$1	259	3	1	0	2596	1.00	1350	23.07.03	12:38	1	01	1350	1350	00	17025966	0	0	0	0	0	0	0	0
$4	259	3	2	0	0	1350	1350
$1	259	4	1	0	0581	1.00	2890	23.07.03	13:30	1	01	2890	2890	00	5902249010572	0	0	0	0	0	0	0	0
$1	259	4	2	0	0584	1.00	4400	23.07.03	13:30	1	01	4400	4400	00	5902249010596	0	0	0	0	0	0	0	0
$1	259	4	3	0	0583	1.00	4350	23.07.03	13:30	1	01	4350	4350	00	5902249010589	0	0	0	0	0	0	0	0
$4	259	4	2	0	0	11640	11640
$1	259	5	1	0	0467	2.00	4980	23.07.03	15:04	1	01	4980	4980	00	10009765	0	0	0	0	0	0	0	0
$1	259	5	2	0	4670	2.00	4980	23.07.03	15:04	1	01	4980	4980	00	5907502687812	0	0	0	0	0	0	0	0
$1	259	5	3	0	3945	1.00	3090	23.07.03	15:04	1	01	3090	3090	00	8691190375027	0	0	0	0	0	0	0	0
$1	259	5	4	0	4735	1.00	600	23.07.03	15:04	1	01	600	600	00	6002	0	0	0	0	0	0	0	0
$1	259	5	5	0	4735	1.00	600	23.07.03	15:04	1	01	600	600	00	6002	0	0	0	0	0	0	0	0
$1	259	5	6	0	1284	1.00	1750	23.07.03	15:04	1	01	1750	1750	00	11280	0	0	0	0	0	0	0	0
$1	259	5	7	0	0794	1.00	1750	23.07.03	15:04	1	01	1750	1750	00	19224	0	0	0	0	0	0	0	0
$1	259	5	8	0	1277	1.00	1750	23.07.03	15:04	1	01	1750	1750	00	19200	0	0	0	0	0	0	0	0
$4	259	5	1	0	0	20000	20000
$4	259	5	1	0	1	500	500
$1	259	6	1	0	2895	1.00	11590	23.07.03	15:14	1	01	11590	11590	00	18028959	0	0	0	0	0	0	0	0
$1	259	6	2	0	3342	1.00	3700	23.07.03	15:15	1	01	3700	3700	00	10001226	0	0	0	0	0	0	0	0
$4	259	6	2	0	0	15290	15290
$1	259	7	1	0	4671	1.00	2990	23.07.03	15:16	1	01	2990	2990	00	10008652	0	0	0	0	0	0	0	0
$4	259	7	2	0	0	2990	2990
$1	259	8	1	0	1713	1.00	2990	23.07.03	15:18	1	01	2990	2990	00	10003282	0	0	0	0	0	0	0	0
$4	259	8	2	0	0	2990	2990
$1	259	9	1	0	1191	2.00	1100	23.07.03	15:24	2	01	1100	1100	00	5909990628490	0	0	0	0	0	0	0	0
$4	259	9	1	0	0	2000	2000
$4	259	9	1	0	1	900	900
$1	259	10	1	0	0287	1.00	3490	23.07.03	15:26	1	01	3490	3490	00	86	0	0	0	0	0	0	0	0
$1	259	10	2	0	0287	1.00	3290	23.07.03	15:26	1	01	3290	3490	00	86	0	0	0	0	0	0	0	1
$1	259	10	3	0	1821	1.00	2190	23.07.03	15:26	1	01	2190	2190	00	5701278288149	0	0	0	0	0	0	0	0
$4	259	10	2	0	0	8970	8970
$1	259	11	1	0	2315	1.00	2190	23.07.03	15:34	1	01	2190	2190	00	5903760202460	0	0	0	0	0	0	0	0
$1	259	11	2	0	0508	1.00	2390	23.07.03	15:34	1	01	2390	2390	00	10009628	0	0	0	0	0	0	0	0
$4	259	11	2	0	0	4580	4580
$1	259	12	1	0	2050	1.00	2990	23.07.03	15:37	1	01	2990	2990	00	11020509	0	0	0	0	0	0	0	0
$1	259	12	2	0	1761	1.00	5590	23.07.03	15:37	1	01	5590	5590	00	8017611	0	0	0	0	0	0	0	0
$1	259	12	3	0	2053	1.00	2990	23.07.03	15:37	1	01	2990	2990	00	11020530	0	0	0	0	0	0	0	0
$1	259	12	4	0	0031	1.000	2600	23.07.03	15:38	1	01	2600	2600	00		0	0	0	0	0	0	0	0
$4	259	12	2	0	0	14170	14170
$1	259	13	1	0	1000	1.00	650	23.07.03	16:04	2	01	650	650	00	5906365702922	0	0	0	0	0	0	0	0
$4	259	13	1	0	0	2000	2000
$4	259	13	1	0	1	1350	1350
$12	259	1	1	0	0729	1.00	5091	23.07.03	16:33	1	01	5091	5990	00	3007297	0	0	0	0	0	0	0	1
$1	259	14	1	0	2612	1.00	1750	23.07.03	16:35	1	01	1750	1750	00	17026123	0	0	0	0	0	0	0	0
$4	259	14	1	0	0	5000	5000
$4	259	14	1	0	1	3250	3250
$12	259	2	1	0	0729	1.00	4792	23.07.03	16:37	1	01	4792	5990	00	3007297	0	0	0	0	0	0	0	1
$1	259	15	1	0	0646	1.00	3300	23.07.03	16:39	1	01	3300	3300	00	10002032	0	0	0	0	0	0	0	0
$4	259	15	2	0	0	3300	3300
$1	259	16	1	0	0510	1.00	2790	23.07.03	17:01	1	01	2790	2790	00	5902249010466	0	0	0	0	0	0	0	0
$4	259	16	2	0	0	2790	2790
$14	01	23.07.04	09:46	4
$13	00	1	23.07.04	09:46	01	0	0	0	0	0	0	0	0	0	             
$1	260	1	1	0	2350	1.00	790	23.07.04	10:00	1	01	790	790	00	15023506	0	0	0	0	0	0	0	0
$4	260	1	1	0	0	1000	1000
$4	260	1	1	0	1	210	210
$1	260	2	1	0	1821	2.00	4380	23.07.04	10:03	1	01	4380	4380	00	10004791	0	0	0	0	0	0	0	0
$1	260	2	2	0	0318	1.00	2150	23.07.04	10:04	1	01	2150	2150	00	5905279370050	0	0	0	0	0	0	0	0
$1	260	2	3	0	0491	1.00	3400	23.07.04	10:04	1	01	3400	3400	00	10001271	0	0	0	0	0	0	0	0
$4	260	2	1	0	0	20000	20000
$4	260	2	1	0	1	10070	10070
$1	260	3	1	0	2053	3.00	8970	23.07.04	10:37	1	01	8970	8970	00	11020530	0	0	0	0	0	0	0	0
$4	260	3	2	0	0	8970	8970
$1	260	4	1	0	3090	1.00	900	23.07.04	11:00	2	01	900	900	00	10003886	0	0	0	0	0	0	0	0
$4	260	4	1	0	0	5000	5000
$4	260	4	1	0	1	4100	4100
$1	260	5	1	0	0037	1.000	5000	23.07.04	11:24	1	01	5000	5000	00		0	0	0	0	0	0	0	0
$4	260	5	1	0	0	5000	5000
$1	260	6	1	0	2350	1.00	790	23.07.04	11:48	1	01	790	790	00	15023506	0	0	0	0	0	0	0	0
$1	260	6	2	0	2350	1.00	790	23.07.04	11:48	1	01	790	790	00	15023506	0	0	0	0	0	0	0	0
$4	260	6	1	0	0	2000	2000
$4	260	6	1	0	1	420	420
$1	260	7	1	0	0472	1.00	1400	23.07.04	14:01	1	01	1400	1400	00	5907502687300	0	0	0	0	0	0	0	0
$1	260	7	2	0	0514	1.00	3090	23.07.04	14:04	1	01	3090	3090	00	5907502687744	0	0	0	0	0	0	0	0
$1	260	7	3	0	1821	3.00	6570	23.07.04	14:07	1	01	6570	6570	00	10004791	0	0	0	0	0	0	0	0
$4	260	7	2	0	0	11060	11060
$1	260	8	1	0	1820	1.00	2190	23.07.04	14:08	1	01	2190	2190	00	10004326	0	0	0	0	0	0	0	0
$4	260	8	1	0	0	5000	5000
$4	260	8	1	0	1	2810	2810
