#1	COM255:1:STX6:1	5	2023.05.17	17:35	OPSpRoz4	WIN 13.32.2020	OPSPROZ4IN.txt	OPSPROZ4OUT.txt
#
#ELZAB Jota online 20000 PLU II gen. ver. 01 (identyfikator odczytany z urzadzenia i pliku ECRTBUF.TXT)
$29	185	4	6412525287	3077
$4	185	4	2	0	0	8990	8990
$1	185	5	1	0	1047	1.00	1290	23.04.01	10:13	4	01	1290	1290	00	5010479	0	0	0	0	0	0	0	0
$4	185	5	2	0	0	1290	1290
$1	185	6	1	0	4429	1.00	5312	23.04.01	10:23	1	01	5312	6250	00	5907157164201	0	0	0	0	0	0	0	1
$1	185	6	2	0	4429	1.00	5312	23.04.01	10:23	1	01	5312	6250	00	5907157164201	0	0	0	0	0	0	0	1
$1	185	6	3	0	2460	2.00	500	23.04.01	10:24	1	01	500	500	00	33002996	0	0	0	0	0	0	0	0
$4	185	6	2	0	0	11124	11124
$1	185	7	1	0	4614	1.00	1850	23.04.01	10:37	2	01	1850	1850	00	10008102	0	0	0	0	0	0	0	0
$4	185	7	1	0	0	2000	2000
$4	185	7	1	0	1	150	150
$12	185	1	1	0	0355	1.00	2590	23.04.01	12:00	1	01	2590	2590	00	1003550	0	0	0	0	0	0	0	0
$12	185	1	2	0	0355	1.00	2590	23.04.01	12:01	1	01	2590	2590	00	1003550	0	0	0	0	0	0	0	0
$1	185	8	1	0	4631	1.00	1395	23.04.01	12:01	1	01	2790	2790	00	10008270	0	1	0	0	0	0	0	0
$1	185	8	2	0	0355	1.00	1295	23.04.01	12:01	1	01	2590	2590	00	1003550	0	1	0	0	0	0	0	0
$1	185	8	3	0	4658	1.00	1825	23.04.01	12:01	1	01	3650	3650	00	10008539	0	1	0	0	0	0	0	0
$1	185	8	4	0	0296	1.00	4225	23.04.01	12:02	1	01	8450	8450	00	10004425	0	1	0	0	0	0	0	0
$4	185	8	1	0	0	8740	8740
$1	185	9	1	0	4357	1.00	8090	23.04.01	12:08	1	01	8090	8090	00	10003534	0	0	0	0	0	0	0	0
$4	185	9	2	0	0	8090	8090
$1	185	10	1	0	1172	1.00	590	23.04.01	12:12	2	01	590	590	00	5909994308725	0	0	0	0	0	0	0	0
$1	185	10	2	0	1234	1.00	790	23.04.01	12:12	2	01	790	790	00	5909990311910	0	0	0	0	0	0	0	0
$1	185	10	3	0	1226	1.00	590	23.04.01	12:12	2	01	590	590	00	5909990219025	0	0	0	0	0	0	0	0
$1	185	10	4	0	1199	1.00	650	23.04.01	12:12	2	01	650	650	00	5909990195527	0	0	0	0	0	0	0	0
$1	185	10	5	0	1230	1.00	550	23.04.01	12:12	2	01	550	550	00	5909994310766	0	0	0	0	0	0	0	0
$1	185	10	6	0	1191	1.00	550	23.04.01	12:12	2	01	550	550	00	5909990628490	0	0	0	0	0	0	0	0
$1	185	10	7	0	1163	1.00	550	23.04.01	12:12	2	01	550	550	00	5909994308824	0	0	0	0	0	0	0	0
$1	185	10	8	0	1067	1.00	1890	23.04.01	12:12	2	01	1890	1890	00	5907752643323	0	0	0	0	0	0	0	0
$1	185	10	9	0	1249	1.00	900	23.04.01	12:13	2	01	900	900	00	5909994310667	0	0	0	0	0	0	0	0
$1	185	10	10	0	1183	1.00	690	23.04.01	12:13	2	01	690	690	00	5909990628414	0	0	0	0	0	0	0	0
$1	185	10	11	0	1093	1.00	750	23.04.01	12:13	2	01	750	750	00	5906365702212	0	0	0	0	0	0	0	0
$1	185	10	12	0	1170	1.00	590	23.04.01	12:13	2	01	590	590	00	5909994311565	0	0	0	0	0	0	0	0
$4	185	10	2	0	0	9090	9090
$1	185	11	1	0	4649	1.00	3590	23.04.01	12:46	1	01	3590	3590	00	10008478	0	0	0	0	0	0	0	0
$1	185	11	2	0	3021	1.00	2250	23.04.01	12:47	2	01	2250	2250	00	10004302	0	0	0	0	0	0	0	0
$4	185	11	2	0	0	5840	5840
$14	01	23.04.02	09:27	4
$13	00	1	23.04.02	09:27	01	0	0	0	0	0	0	0	0	0	             
$1	186	1	1	0	2499	1.00	2590	23.04.02	12:22	1	01	2590	2590	00	20024994	0	0	0	0	0	0	0	0
$1	186	1	2	0	4119	1.00	2490	23.04.02	12:22	1	01	2490	2490	00	10006979	0	0	0	0	0	0	0	0
$1	186	1	3	0	4469	1.00	1090	23.04.02	12:22	1	01	1090	1090	00	10006344	0	0	0	0	0	0	0	0
$1	186	1	4	0	0971	1.00	850	23.04.02	12:22	2	01	850	850	00	5009718	0	0	0	0	0	0	0	0
$1	186	1	5	0	2053	1.00	2990	23.04.02	12:23	1	01	2990	2990	00	11020530	0	0	0	0	0	0	0	0
$4	186	1	2	0	0	10010	10010
$1	186	2	1	0	0570	1.00	690	23.04.02	12:25	1	01	690	690	00	2005706	0	0	0	0	0	0	0	0
$4	186	2	2	0	0	690	690
$1	186	3	1	0	0037	1.000	10000	23.04.02	12:34	1	01	10000	10000	00		0	0	0	0	0	0	0	0
$4	186	3	2	0	0	10000	10000
$14	01	23.04.03	09:40	4
$13	00	1	23.04.03	09:40	01	0	0	0	0	0	0	0	0	0	             
$1	187	1	1	0	1162	2.00	1000	23.04.03	10:07	2	01	1000	1000	00	5909994311763	0	0	0	0	0	0	0	0
$4	187	1	2	0	0	1000	1000
$1	187	2	1	0	4658	3.00	10950	23.04.03	10:18	1	01	10950	10950	00	10008539	0	0	0	0	0	0	0	0
$1	187	2	2	0	4643	3.00	8970	23.04.03	10:18	1	01	8970	8970	00	10008386	0	0	0	0	0	0	0	0
$4	187	2	2	0	0	19920	19920
$1	187	3	1	0	3901	1.00	1090	23.04.03	11:04	1	01	1090	1090	00	28039013	0	0	0	0	0	0	0	0
$4	187	3	1	0	0	1090	1090
$1	187	4	1	0	1133	1.00	1250	23.04.03	11:09	4	01	1250	1250	00	5011339	0	0	0	0	0	0	0	0
$4	187	4	1	0	0	1250	1250
$1	187	5	1	0	2053	5.00	14950	23.04.03	12:08	1	01	14950	14950	00	11020530	0	0	0	0	0	0	0	0
$1	187	5	2	0	2050	2.00	5980	23.04.03	12:08	1	01	5980	5980	00	11020509	0	0	0	0	0	0	0	0
$4	187	5	2	0	0	20930	20930
$1	187	6	1	0	4620	1.00	4350	23.04.03	12:10	1	01	4350	4350	00	10008164	0	0	0	0	0	0	0	0
$4	187	6	2	0	0	4350	4350
$1	187	7	1	0	0971	1.00	850	23.04.03	12:36	2	01	850	850	00	5009718	0	0	0	0	0	0	0	0
$1	187	7	2	0	3026	1.00	1650	23.04.03	12:36	2	01	1650	1650	00	20030261	0	0	0	0	0	0	0	0
$4	187	7	2	0	0	2500	2500
$1	187	8	1	0	1543	1.00	5250	23.04.03	12:37	4	01	5250	5250	00	7015434	0	0	0	0	0	0	0	0
$4	187	8	1	0	0	5250	5250
$1	187	9	1	0	4658	1.00	3650	23.04.03	13:25	1	01	3650	3650	00	10008539	0	0	0	0	0	0	0	0
$4	187	9	2	0	0	3650	3650
$1	187	10	1	0	3907	1.00	10550	23.04.03	13:58	1	01	10550	10550	00	28039075	0	0	0	0	0	0	0	0
$1	187	10	2	0	0726	1.00	6150	23.04.03	13:58	1	01	6150	6150	00	3007266	0	0	0	0	0	0	0	0
$1	187	10	3	0	4245	1.00	3350	23.04.03	13:58	2	01	3350	3350	00	10001134	0	0	0	0	0	0	0	0
$4	187	10	1	0	0	20050	20050
$1	187	11	1	0	1132	1.00	690	23.04.03	14:04	2	01	690	690	00	5907752643491	0	0	0	0	0	0	0	0
$4	187	11	1	0	0	690	690
$1	187	12	1	0	1825	1.00	2350	23.04.03	14:07	1	01	2350	2350	00	10004777	0	0	0	0	0	0	0	0
$1	187	12	2	0	1820	1.00	2150	23.04.03	14:07	1	01	2150	2150	00	10004326	0	0	0	0	0	0	0	0
$4	187	12	1	0	0	10000	10000
$4	187	12	1	0	1	5500	5500
$1	187	13	1	0	1507	1.00	6350	23.04.03	14:25	4	01	6350	6350	00	7015076	0	0	0	0	0	0	0	0
$1	187	13	2	0	2341	1.00	2350	23.04.03	14:25	1	01	2350	2350	00	5903760200572	0	0	0	0	0	0	0	0
$1	187	13	3	0	3589	2.00	3100	23.04.03	14:25	2	01	3100	3100	00	10004296	0	0	0	0	0	0	0	0
$1	187	13	4	0	2024	1.00	2490	23.04.03	14:26	1	01	2490	2490	00	10020241	0	0	0	0	0	0	0	0
$1	187	13	5	0	3901	1.00	1090	23.04.03	14:26	1	01	1090	1090	00	28039013	0	0	0	0	0	0	0	0
$1	187	13	6	0	4655	2.00	5700	23.04.03	14:26	1	01	5700	5700	00	10008508	0	0	0	0	0	0	0	0
$4	187	13	2	0	0	21080	21080
$1	187	14	1	0	0463	1.00	2700	23.04.03	15:04	1	01	2700	2700	00	5907502687249	0	0	0	0	0	0	0	0
$1	187	14	2	0	3013	1.00	1890	23.04.03	15:04	1	01	1890	1890	00	5900168908093	0	0	0	0	0	0	0	0
$1	187	14	3	0	0311	1.00	2190	23.04.03	15:04	1	01	2190	2190	00	5903111747039	0	0	0	0	0	0	0	0
$1	187	14	4	0	4621	1.00	1690	23.04.03	15:05	1	01	1690	1690	00	10008171	0	0	0	0	0	0	0	0
$4	187	14	1	0	0	8470	8470
$1	187	15	1	0	1184	1.00	550	23.04.03	15:57	2	01	550	550	00	5909990628377	0	0	0	0	0	0	0	0
$1	187	15	2	0	1184	1.00	550	23.04.03	15:58	2	01	550	550	00	5909990628377	0	0	0	0	0	0	0	0
$4	187	15	2	0	0	1100	1100
$1	187	16	1	0	4646	2.00	7300	23.04.03	17:05	1	01	7300	7300	00	10008416	0	0	0	0	0	0	0	0
$1	187	16	2	0	1461	1.00	2850	23.04.03	17:08	1	01	2850	2850	00	10003183	0	0	0	0	0	0	0	0
$4	187	16	2	0	0	10150	10150
$14	01	23.04.04	09:35	4
$13	00	1	23.04.04	09:35	01	0	0	0	0	0	0	0	0	0	             
$1	188	1	1	0	1111	3.00	1770	23.04.04	10:29	2	01	1770	1770	00	5906365702304	0	0	0	0	0	0	0	0
$4	188	1	2	0	0	1770	1770
$10	188	2	1	0	1882	1.00	2990	23.04.04	10:47	1	01	2990	2990	00	10002902	0	0	0	0	0	0	0	0
$1	188	2	1	0	0048	2.000	9000	23.04.04	10:51	1	01	9000	9000	00		0	0	0	0	0	0	0	0
$1	188	2	2	0	2350	2.00	1580	23.04.04	10:51	1	01	1580	1580	00	15023506	0	0	0	0	0	0	0	0
$1	188	2	3	0	1765	1.00	5650	23.04.04	10:51	1	01	5650	5650	00	8017659	0	0	0	0	0	0	0	0
$1	188	2	4	0	4632	1.00	1890	23.04.04	10:52	1	01	1890	1890	00	10008287	0	0	0	0	0	0	0	0
$1	188	2	5	0	4629	1.00	2790	23.04.04	10:53	1	01	2790	2790	00	10008256	0	0	0	0	0	0	0	0
$4	188	2	2	0	0	20910	20910
$1	188	3	1	0	4656	2.00	2980	23.04.04	12:01	1	01	2980	2980	00	10008515	0	0	0	0	0	0	0	0
$4	188	3	2	0	0	2980	2980
$1	188	4	1	0	4630	1.00	2790	23.04.04	12:35	1	01	2790	2790	00	10008263	0	0	0	0	0	0	0	0
$1	188	4	2	0	4649	1.00	3590	23.04.04	12:35	1	01	3590	3590	00	10008478	0	0	0	0	0	0	0	0
$1	188	4	3	0	4630	1.00	2790	23.04.04	12:36	1	01	2790	2790	00	10008263	0	0	0	0	0	0	0	0
$4	188	4	2	0	0	9170	9170
$10	188	5	1	0	3083	1.00	950	23.04.04	12:46	2	01	950	950	00	10003916	0	0	0	0	0	0	0	0
$10	188	5	2	0	3083	1.00	950	23.04.04	12:48	2	01	950	950	00	5902581618108	0	0	0	0	0	0	0	0
$1	188	5	1	0	3083	1.00	950	23.04.04	12:49	2	01	950	950	00	5902581618108	0	0	0	0	0	0	0	0
$4	188	5	1	0	0	2000	2000
$4	188	5	1	0	1	1050	1050
$1	188	6	1	0	4658	1.00	3650	23.04.04	13:10	1	01	3650	3650	00	10008539	0	0	0	0	0	0	0	0
$4	188	6	2	0	0	3650	3650
$1	188	7	1	0	0342	1.00	2250	23.04.04	13:15	1	01	2250	2250	00	5900168900028	0	0	0	0	0	0	0	0
$1	188	7	2	0	0345	1.00	2290	23.04.04	13:16	1	01	2290	2290	00	5900168900387	0	0	0	0	0	0	0	0
$4	188	7	1	0	0	5000	5000
$4	188	7	1	0	1	460	460
$1	188	8	1	0	1191	2.00	1100	23.04.04	13:48	2	01	1100	1100	00	5909990628490	0	0	0	0	0	0	0	0
$4	188	8	2	0	0	1100	1100
$1	188	9	1	0	4634	1.00	7390	23.04.04	13:52	1	01	7390	7390	00	10008300	0	0	0	0	0	0	0	0
$1	188	9	2	0	4641	1.00	8950	23.04.04	13:52	1	01	8950	8950	00	10008379	0	0	0	0	0	0	0	0
$1	188	9	3	0	4635	1.00	3950	23.04.04	13:52	1	01	3950	3950	00	10008317	0	0	0	0	0	0	0	0
$1	188	9	4	0	4393	1.00	8950	23.04.04	13:53	1	01	8950	8950	00	10005323	0	0	0	0	0	0	0	0
$1	188	9	5	0	1190	1.00	650	23.04.04	13:53	2	01	650	650	00	5909990021864	0	0	0	0	0	0	0	0
$1	188	9	6	0	4627	1.00	1890	23.04.04	13:54	1	01	1890	1890	00	10008232	0	0	0	0	0	0	0	0
$1	188	9	7	0	4633	1.00	990	23.04.04	13:55	1	01	990	990	00	10008294	0	0	0	0	0	0	0	0
$4	188	9	2	0	0	32770	32770
$1	188	10	1	0	4643	1.00	2990	23.04.04	14:56	1	01	2990	2990	00	10008386	0	0	0	0	0	0	0	0
$1	188	10	2	0	4644	1.00	3450	23.04.04	14:57	1	01	3450	3450	00	10008393	0	0	0	0	0	0	0	0
$1	188	10	3	0	4615	1.00	1850	23.04.04	14:57	2	01	1850	1850	00	10008119	0	0	0	0	0	0	0	0
$4	188	10	2	0	0	8290	8290
$1	188	11	1	0	2350	2.00	1580	23.04.04	15:59	1	01	1580	1580	00	15023506	0	0	0	0	0	0	0	0
$1	188	11	2	0	4631	1.00	2790	23.04.04	15:59	1	01	2790	2790	00	10008270	0	0	0	0	0	0	0	0
$4	188	11	1	0	0	10000	10000
$4	188	11	1	0	1	5630	5630
$1	188	12	1	0	1019	1.00	1190	23.04.04	16:07	2	01	1190	1190	00	5907752643514	0	0	0	0	0	0	0	0
$4	188	12	2	0	0	1190	1190
$1	188	13	1	0	3487	1.00	1650	23.04.04	16:09	1	01	1650	1650	00	1034875	0	0	0	0	0	0	0	0
$4	188	13	2	0	0	1650	1650
$1	188	14	1	0	3391	1.00	4450	23.04.04	16:22	1	01	4450	4450	00	5711914163808	0	0	0	0	0	0	0	0
$4	188	14	2	0	0	4450	4450
$1	188	15	1	0	2832	1.00	7900	23.04.04	16:43	1	01	7900	7900	00	18028324	0	0	0	0	0	0	0	0
$4	188	15	2	0	0	7900	7900
$1	188	16	1	0	3209	1.00	1750	23.04.04	16:45	1	01	1750	1750	00	21032097	0	0	0	0	0	0	0	0
$4	188	16	1	0	0	10000	10000
$4	188	16	1	0	1	8250	8250
$14	01	23.04.05	09:29	4
$13	00	1	23.04.05	09:29	01	0	0	0	0	0	0	0	0	0	             
$1	189	1	1	0	2350	3.00	2370	23.04.05	10:20	1	01	2370	2370	00	15023506	0	0	0	0	0	0	0	0
$1	189	1	2	0	3901	2.00	2180	23.04.05	10:20	1	01	2180	2180	00	28039013	0	0	0	0	0	0	0	0
$4	189	1	2	0	0	4550	4550
$1	189	2	1	0	0713	1.00	2450	23.04.05	10:30	1	01	2450	2450	00	3007136	0	0	0	0	0	0	0	0
$1	189	2	2	0	2053	1.00	2990	23.04.05	10:30	1	01	2990	2990	00	11020530	0	0	0	0	0	0	0	0
$4	189	2	2	0	0	5440	5440
$1	189	3	1	0	0976	1.00	1650	23.04.05	11:04	2	01	1650	1650	00	5009763	0	0	0	0	0	0	0	0
$1	189	3	2	0	2519	1.00	2890	23.04.05	11:04	2	01	2890	2890	00	17025195	0	0	0	0	0	0	0	0
$1	189	3	3	0	4060	1.00	6990	23.04.05	11:04	2	01	6990	6990	00	27040607	0	0	0	0	0	0	0	0
$4	189	3	2	0	0	11530	11530
$1	189	4	1	0	2050	1.00	2990	23.04.05	11:38	1	01	2990	2990	00	11020509	0	0	0	0	0	0	0	0
$4	189	4	1	0	0	5000	5000
$4	189	4	1	0	1	2010	2010
$1	189	5	1	0	1891	1.00	3250	23.04.05	11:51	1	01	3250	3250	00	10005958	0	0	0	0	0	0	0	0
$4	189	5	1	0	0	3250	3250
$1	189	6	1	0	0333	1.00	2150	23.04.05	12:23	1	01	2150	2150	00	5900168907263	0	0	0	0	0	0	0	0
$1	189	6	2	0	4623	1.00	990	23.04.05	12:23	1	01	990	990	00	5903919640358	0	0	0	0	0	0	0	0
$1	189	6	3	0	4620	1.00	4350	23.04.05	12:23	1	01	4350	4350	00	10008164	0	0	0	0	0	0	0	0
$1	189	6	4	0	4568	2.00	5900	23.04.05	12:24	1	01	5900	5900	00	10007747	0	0	0	0	0	0	0	0
$4	189	6	2	0	0	13390	13390
$1	189	7	1	0	1901	1.00	1750	23.04.05	12:28	1	01	1750	1750	00	10007334	0	0	0	0	0	0	0	0
$1	189	7	2	0	4563	1.00	1990	23.04.05	12:28	1	01	1990	1990	00	10007693	0	0	0	0	0	0	0	0
$4	189	7	2	0	0	3740	3740
$1	189	8	1	0	0037	1.000	10000	23.04.05	12:52	1	01	10000	10000	00		0	0	0	0	0	0	0	0
$4	189	8	1	0	0	10000	10000
$1	189	9	1	0	2024	1.00	1990	23.04.05	12:53	1	01	1990	2490	00	10020241	0	0	0	0	0	0	0	1
$1	189	9	2	0	2024	1.00	1990	23.04.05	12:53	1	01	1990	2490	00	10020241	0	0	0	0	0	0	0	1
$1	189	9	3	0	4633	1.00	990	23.04.05	12:53	1	01	990	990	00	10008294	0	0	0	0	0	0	0	0
$1	189	9	4	0	3221	1.00	5150	23.04.05	12:53	1	01	5150	5150	00	5902729034302	0	0	0	0	0	0	0	0
$1	189	9	5	0	2022	1.00	2350	23.04.05	12:53	1	01	2350	2350	00	10020227	0	0	0	0	0	0	0	0
$1	189	9	6	0	3128	1.00	1050	23.04.05	12:53	2	01	1050	1050	00	10004036	0	0	0	0	0	0	0	0
$1	189	9	7	0	2341	1.00	2350	23.04.05	12:53	1	01	2350	2350	00	5903760200572	0	0	0	0	0	0	0	0
$4	189	9	2	0	0	15870	15870
$1	189	10	1	0	4627	1.00	1890	23.04.05	14:12	1	01	1890	1890	00	10008232	0	0	0	0	0	0	0	0
$1	189	10	2	0	3577	1.00	1490	23.04.05	14:12	1	01	1490	1490	00	8691190466213	0	0	0	0	0	0	0	0
$1	189	10	3	0	4631	1.00	2790	23.04.05	14:12	1	01	2790	2790	00	10008270	0	0	0	0	0	0	0	0
$4	189	10	1	0	0	6170	6170
$1	189	11	1	0	1821	1.00	2150	23.04.05	14:49	1	01	2150	2150	00	10004791	0	0	0	0	0	0	0	0
$4	189	11	1	0	0	2150	2150
$1	189	12	1	0	0571	1.00	1400	23.04.05	15:00	1	01	1400	1400	00	5902249011142	0	0	0	0	0	0	0	0
$4	189	12	1	0	0	1400	1400
$1	189	13	1	0	4654	2.00	5980	23.04.05	15:20	1	01	5980	5980	00	10008492	0	0	0	0	0	0	0	0
$4	189	13	2	0	0	5980	5980
$1	189	14	1	0	4127	1.00	3750	23.04.05	15:35	1	01	3750	3750	00	10000687	0	0	0	0	0	0	0	0
$1	189	14	2	0	3266	1.00	4190	23.04.05	15:35	1	01	4190	4190	00	10000557	0	0	0	0	0	0	0	0
$1	189	14	3	0	3595	1.00	990	23.04.05	15:35	1	01	990	990	00	12035953	0	0	0	0	0	0	0	0
$4	189	14	2	0	0	8930	8930
$1	189	15	1	0	4023	1.00	1350	23.04.05	15:41	1	01	1350	1350	00	8691190115050	0	0	0	0	0	0	0	0
$1	189	15	2	0	0565	1.00	1090	23.04.05	15:41	1	01	1090	1090	00	8691190891572	0	0	0	0	0	0	0	0
$4	189	15	1	0	0	5000	5000
$4	189	15	1	0	1	2560	2560
$1	189	16	1	0	2165	1.00	1790	23.04.05	15:41	1	01	1790	1790	00	25430	0	0	0	0	0	0	0	0
$1	189	16	2	0	2165	1.00	1790	23.04.05	15:42	1	01	1790	1790	00	25430	0	0	0	0	0	0	0	0
$4	189	16	1	0	0	5000	5000
$4	189	16	1	0	1	1420	1420
$1	189	17	1	0	3355	1.00	4190	23.04.05	16:27	1	01	4190	4190	00	8033550	0	0	0	0	0	0	0	0
$4	189	17	1	0	0	4190	4190
$1	189	18	1	0	1543	1.00	5250	23.04.05	16:28	4	01	5250	5250	00	7015434	0	0	0	0	0	0	0	0
$4	189	18	2	0	0	5250	5250
$14	01	23.04.06	09:33	4
$13	00	1	23.04.06	09:33	01	0	0	0	0	0	0	0	0	0	             
$1	190	1	1	0	2050	2.00	5980	23.04.06	10:24	1	01	5980	5980	00	11020509	0	0	0	0	0	0	0	0
$1	190	1	2	0	2053	4.00	11960	23.04.06	10:24	1	01	11960	11960	00	11020530	0	0	0	0	0	0	0	0
$1	190	1	3	0	4629	1.00	2790	23.04.06	10:26	1	01	2790	2790	00	10008256	0	0	0	0	0	0	0	0
$1	190	1	4	0	0306	1.00	2190	23.04.06	10:26	1	01	2190	2190	00	5900168908475	0	0	0	0	0	0	0	0
$4	190	1	2	0	0	22920	22920
$1	190	2	1	0	2050	1.00	2990	23.04.06	10:29	1	01	2990	2990	00	11020509	0	0	0	0	0	0	0	0
$4	190	2	2	0	0	2990	2990
$1	190	3	1	0	0499	1.00	3000	23.04.06	10:35	1	01	3000	3000	00	5907502687553	0	0	0	0	0	0	0	0
$1	190	3	2	0	1436	1.00	2990	23.04.06	10:35	1	01	2990	2990	00	5907688710250	0	0	0	0	0	0	0	0
$1	190	3	3	0	0195	2.000	1300	23.04.06	10:35	1	01	1300	1300	00		0	0	0	0	0	0	0	0
$4	190	3	2	0	0	7290	7290
$1	190	4	1	0	1437	1.00	2990	23.04.06	10:47	1	01	2990	2990	00	10002957	0	0	0	0	0	0	0	0
$4	190	4	2	0	0	2990	2990
$1	190	5	1	0	1133	1.00	1250	23.04.06	11:26	4	01	1250	1250	00	5011339	0	0	0	0	0	0	0	0
$4	190	5	1	0	0	1250	1250
$1	190	6	1	0	2606	1.00	4600	23.04.06	11:37	1	01	4600	4600	00	17026062	0	0	0	0	0	0	0	0
$1	190	6	2	0	4620	1.00	4350	23.04.06	11:38	1	01	4350	4350	00	10008164	0	0	0	0	0	0	0	0
$4	190	6	2	0	0	8950	8950
$1	190	7	1	0	2350	1.00	790	23.04.06	12:15	1	01	790	790	00	15023506	0	0	0	0	0	0	0	0
$1	190	7	2	0	0048	1.000	8090	23.04.06	12:15	1	01	8090	8090	00	5907688710946	0	0	0	0	0	0	0	0
$4	190	7	1	0	0	9000	9000
$4	190	7	1	0	1	120	120
$1	190	8	1	0	4584	1.00	1150	23.04.06	12:23	2	01	1150	1150	00	10007808	0	0	0	0	0	0	0	0
$1	190	8	2	0	0504	1.00	3600	23.04.06	12:23	1	01	3600	3600	00	5907502687508	0	0	0	0	0	0	0	0
$1	190	8	3	0	0685	1.00	3850	23.04.06	12:23	1	01	3850	3850	00	25591	0	0	0	0	0	0	0	0
$4	190	8	2	0	0	8600	8600
$1	190	9	1	0	0037	1.000	5000	23.04.06	12:50	1	01	5000	5000	00		0	0	0	0	0	0	0	0
$4	190	9	1	0	0	5000	5000
$1	190	10	1	0	0842	1.00	4050	23.04.06	13:09	1	01	4050	4050	00	10000359	0	0	0	0	0	0	0	0
$1	190	10	2	0	0830	1.00	4650	23.04.06	13:09	1	01	4650	4650	00	10000335	0	0	0	0	0	0	0	0
$1	190	10	3	0	0002	1.000	250	23.04.06	13:11	1	01	250	250	00		0	0	0	0	0	0	0	0
$10	190	10	1	0	0225	66.000	39600	23.04.06	13:12	1	01	39600	39600	00		0	0	0	0	0	0	0	0
$1	190	10	4	0	0066	1.000	1190	23.04.06	13:12	1	01	1190	1190	00		0	0	0	0	0	0	0	0
$1	190	10	5	0	2010	1.00	3590	23.04.06	13:13	1	01	3590	3590	00	680275060871	0	0	0	0	0	0	0	0
$1	190	10	6	0	4245	1.00	3350	23.04.06	13:13	2	01	3350	3350	00	10001134	0	0	0	0	0	0	0	0
$4	190	10	2	0	0	17080	17080
$1	190	11	1	0	2055	1.00	6950	23.04.06	13:22	1	01	6950	6950	00	11020554	0	0	0	0	0	0	0	0
$1	190	11	2	0	2053	1.00	2990	23.04.06	13:22	1	01	2990	2990	00	11020530	0	0	0	0	0	0	0	0
$1	190	11	3	0	0031	1.000	2500	23.04.06	13:22	1	01	2500	2500	00		0	0	0	0	0	0	0	0
$1	190	11	4	0	4631	1.00	2790	23.04.06	13:23	1	01	2790	2790	00	10008270	0	0	0	0	0	0	0	0
$4	190	11	1	0	0	15230	15230
$1	190	12	1	0	3484	1.00	2790	23.04.06	13:31	1	01	2790	2790	00	5903760201845	0	0	0	0	0	0	0	0
$1	190	12	2	0	3074	1.00	2150	23.04.06	13:31	1	01	2150	2150	00	5903760202453	0	0	0	0	0	0	0	0
$1	190	12	3	0	0607	1.00	3100	23.04.06	13:31	1	01	3100	3100	00	5902249011043	0	0	0	0	0	0	0	0
$1	190	12	4	0	0761	1.00	4090	23.04.06	13:31	1	01	4090	4090	00	3007617	0	0	0	0	0	0	0	0
$4	190	12	1	0	0	12200	12200
$4	190	12	1	0	1	070	070
$1	190	13	1	0	4626	1.00	1790	23.04.06	13:49	1	01	1790	1790	00	10008225	0	0	0	0	0	0	0	0
$1	190	13	2	0	4632	1.00	1890	23.04.06	13:49	1	01	1890	1890	00	10008287	0	0	0	0	0	0	0	0
$1	190	13	3	0	2053	2.00	5980	23.04.06	13:50	1	01	5980	5980	00	11020530	0	0	0	0	0	0	0	0
$4	190	13	2	0	0	9660	9660
$1	190	14	1	0	2053	1.00	2990	23.04.06	13:53	1	01	2990	2990	00	11020530	0	0	0	0	0	0	0	0
$1	190	14	2	0	4632	1.00	1890	23.04.06	13:53	1	01	1890	1890	00	10008287	0	0	0	0	0	0	0	0
$4	190	14	1	0	0	5000	5000
$4	190	14	1	0	1	120	120
$1	190	15	1	0	1606	1.00	890	23.04.06	14:02	1	01	890	890	00	7016066	0	0	0	0	0	0	0	0
$1	190	15	2	0	1584	1.00	1550	23.04.06	14:02	1	01	1550	1550	00	7015847	0	0	0	0	0	0	0	0
$1	190	15	3	0	1573	1.00	550	23.04.06	14:02	4	01	550	550	00	5906660817208	0	0	0	0	0	0	0	0
$4	190	15	2	0	0	2990	2990
$1	190	16	1	0	4245	1.00	3350	23.04.06	14:33	2	01	3350	3350	00	10001134	0	0	0	0	0	0	0	0
$4	190	16	2	0	0	3350	3350
$1	190	17	1	0	1215	3.00	2070	23.04.06	14:37	2	01	2070	2070	00	5909994311213	0	0	0	0	0	0	0	0
$4	190	17	1	0	0	2200	2200
$4	190	17	1	0	1	130	130
$1	190	18	1	0	4620	1.00	4350	23.04.06	14:44	1	01	4350	4350	00	10008164	0	0	0	0	0	0	0	0
$4	190	18	2	0	0	4350	4350
$1	190	19	1	0	4626	1.00	1790	23.04.06	14:47	1	01	1790	1790	00	10008225	0	0	0	0	0	0	0	0
$4	190	19	1	0	0	5000	5000
$4	190	19	1	0	1	3210	3210
$1	190	20	1	0	2763	1.00	11950	23.04.06	15:09	1	01	11950	11950	00	18027631	0	0	0	0	0	0	0	0
$1	190	20	2	0	2228	1.00	8350	23.04.06	15:09	1	01	8350	8350	00	25485	0	0	0	0	0	0	0	0
$1	190	20	3	0	2289	1.00	2150	23.04.06	15:09	1	01	2150	2150	00	10000847	0	0	0	0	0	0	0	0
$1	190	20	4	0	2165	1.00	1790	23.04.06	15:09	1	01	1790	1790	00	25430	0	0	0	0	0	0	0	0
$1	190	20	5	0	0041	1.000	650	23.04.06	15:10	1	01	650	650	00		0	0	0	0	0	0	0	0
$4	190	20	2	0	0	24890	24890
$1	190	21	1	0	0041	1.000	650	23.04.06	15:11	1	01	650	650	00		0	0	0	0	0	0	0	0
$4	190	21	2	0	0	650	650
$1	190	22	1	0	2356	1.00	4207	23.04.06	15:57	1	01	4207	4950	00	5903760200367	0	0	0	0	0	0	0	1
$1	190	22	2	0	4621	1.00	1690	23.04.06	15:58	1	01	1690	1690	00	10008171	0	0	0	0	0	0	0	0
$1	190	22	3	0	4661	1.00	15650	23.04.06	15:58	1	01	15650	15650	00	10008560	0	0	0	0	0	0	0	0
$1	190	22	4	0	4355	1.00	12590	23.04.06	15:58	1	01	12590	12590	00	10004753	0	0	0	0	0	0	0	0
$1	190	22	5	0	4630	1.00	2790	23.04.06	15:58	1	01	2790	2790	00	10008263	0	0	0	0	0	0	0	0
$1	190	22	6	0	4626	1.00	1790	23.04.06	15:58	1	01	1790	1790	00	10008225	0	0	0	0	0	0	0	0
$1	190	22	7	0	2350	2.00	1580	23.04.06	15:58	1	01	1580	1580	00	15023506	0	0	0	0	0	0	0	0
$4	190	22	2	0	0	40297	40297
$1	190	23	1	0	2387	1.00	2790	23.04.06	16:01	1	01	2790	2790	00	16023871	0	0	0	0	0	0	0	0
$1	190	23	2	0	4520	1.00	4850	23.04.06	16:01	1	01	4850	4850	00	10000458	0	0	0	0	0	0	0	0
$1	190	23	3	0	3594	1.00	1590	23.04.06	16:01	1	01	1590	1590	00	12035946	0	0	0	0	0	0	0	0
$1	190	23	4	0	2370	1.00	2490	23.04.06	16:01	1	01	2490	2490	00	16023703	0	0	0	0	0	0	0	0
$4	190	23	2	0	0	11720	11720
$13	01	1	23.04.06	17:40	01	0	0	0	0	0	0	0	0	0	             
$14	01	23.04.07	09:37	4
$13	00	1	23.04.07	09:37	01	0	0	0	0	0	0	0	0	0	             
$1	191	1	1	0	2351	1.00	2950	23.04.07	10:01	1	01	2950	2950	00	15023513	0	0	0	0	0	0	0	0
$1	191	1	2	0	3901	1.00	1090	23.04.07	10:01	1	01	1090	1090	00	28039013	0	0	0	0	0	0	0	0
$4	191	1	1	0	0	10000	10000
$4	191	1	1	0	1	5960	5960
$1	191	2	1	0	0842	1.00	4050	23.04.07	10:10	1	01	4050	4050	00	10000359	0	0	0	0	0	0	0	0
$1	191	2	2	0	0830	1.00	4650	23.04.07	10:10	1	01	4650	4650	00	10000335	0	0	0	0	0	0	0	0
$1	191	2	3	0	1997	1.00	3890	23.04.07	10:11	1	01	3890	3890	00	9019973	0	0	0	0	0	0	0	0
$4	191	2	2	0	0	12590	12590
$1	191	3	1	0	4632	1.00	1890	23.04.07	10:13	1	01	1890	1890	00	10008287	0	0	0	0	0	0	0	0
$4	191	3	2	0	0	1890	1890
$10	191	4	1	0	0459	1.00	2690	23.04.07	10:15	1	01	2690	2690	00	5907502687201	0	0	0	0	0	0	0	0
$1	191	4	1	0	0503	1.00	2600	23.04.07	10:15	1	01	2600	2600	00	5907502687539	0	0	0	0	0	0	0	0
$4	191	4	2	0	0	2600	2600
$1	191	5	1	0	0041	1.000	2390	23.04.07	10:35	1	01	2390	2390	00		0	0	0	0	0	0	0	0
$1	191	5	2	0	1534	1.00	1250	23.04.07	10:35	1	01	1250	1250	00	7015342	0	0	0	0	0	0	0	0
$1	191	5	3	0	3487	1.00	1650	23.04.07	10:35	1	01	1650	1650	00	1034875	0	0	0	0	0	0	0	0
$4	191	5	2	0	0	5290	5290
$1	191	6	1	0	1184	10.00	5500	23.04.07	10:41	2	01	5500	5500	00	5909990628377	0	0	0	0	0	0	0	0
$4	191	6	1	0	0	7000	7000
$4	191	6	1	0	1	1500	1500
$1	191	7	1	0	0333	1.00	2150	23.04.07	10:44	1	01	2150	2150	00	5900168907263	0	0	0	0	0	0	0	0
$1	191	7	2	0	0354	1.00	2790	23.04.07	10:44	1	01	2790	2790	00	5900168907287	0	0	0	0	0	0	0	0
$1	191	7	3	0	3487	1.00	1650	23.04.07	10:44	1	01	1650	1650	00	1034875	0	0	0	0	0	0	0	0
$4	191	7	2	0	0	6590	6590
$1	191	8	1	0	4245	1.00	3350	23.04.07	10:46	2	01	3350	3350	00	10001134	0	0	0	0	0	0	0	0
$1	191	8	2	0	2010	1.00	3590	23.04.07	10:46	1	01	3590	3590	00	10007600	0	0	0	0	0	0	0	0
$1	191	8	3	0	4623	1.00	990	23.04.07	10:47	1	01	990	990	00	5903919640358	0	0	0	0	0	0	0	0
$4	191	8	2	0	0	7930	7930
$1	191	9	1	0	1082	1.00	590	23.04.07	10:50	2	01	590	590	00	5907752643392	0	0	0	0	0	0	0	0
$4	191	9	2	0	0	590	590
$1	191	10	1	0	2019	1.00	1750	23.04.07	11:15	1	01	1750	1750	00	10007440	0	0	0	0	0	0	0	0
$1	191	10	2	0	1555	1.00	2890	23.04.07	11:15	4	01	2890	2890	00	7015557	0	0	0	0	0	0	0	0
$1	191	10	3	0	1573	1.00	550	23.04.07	11:16	4	01	550	550	00	5906660817208	0	0	0	0	0	0	0	0
$4	191	10	2	0	0	5190	5190
$1	191	11	1	0	1097	1.00	550	23.04.07	11:36	2	01	550	550	00	5909994310568	0	0	0	0	0	0	0	0
$1	191	11	2	0	1188	1.00	600	23.04.07	11:36	2	01	600	600	00	5909994309425	0	0	0	0	0	0	0	0
$1	191	11	3	0	1159	1.00	550	23.04.07	11:36	2	01	550	550	00	5909994311657	0	0	0	0	0	0	0	0
$1	191	11	4	0	1193	1.00	550	23.04.07	11:36	2	01	550	550	00	5909990195725	0	0	0	0	0	0	0	0
$1	191	11	5	0	1155	1.00	750	23.04.07	11:36	2	01	750	750	00	5909994309029	0	0	0	0	0	0	0	0
$1	191	11	6	0	1175	1.00	850	23.04.07	11:36	2	01	850	850	00	5909994308626	0	0	0	0	0	0	0	0
$1	191	11	7	0	1225	1.00	650	23.04.07	11:36	2	01	650	650	00	5909990628667	0	0	0	0	0	0	0	0
$1	191	11	8	0	1165	1.00	590	23.04.07	11:36	2	01	590	590	00	5909994311169	0	0	0	0	0	0	0	0
$1	191	11	9	0	1035	1.00	590	23.04.07	11:36	2	01	590	590	00	5909994310124	0	0	0	0	0	0	0	0
$4	191	11	2	0	0	5680	5680
$1	191	12	1	0	2053	1.00	2990	23.04.07	11:54	1	01	2990	2990	00	11020530	0	0	0	0	0	0	0	0
$1	191	12	2	0	2053	1.00	2990	23.04.07	11:57	1	01	2990	2990	00	11020530	0	0	0	0	0	0	0	0
$4	191	12	2	0	0	5980	5980
$1	191	13	1	0	3482	1.00	1550	23.04.07	12:00	1	01	1550	1550	00	1034820	0	0	0	0	0	0	0	0
$1	191	13	2	0	1459	1.00	3390	23.04.07	12:00	1	01	3390	3390	00	5907688710014	0	0	0	0	0	0	0	0
$4	191	13	2	0	0	4940	4940
$1	191	14	1	0	2350	2.00	1580	23.04.07	12:15	1	01	1580	1580	00	15023506	0	0	0	0	0	0	0	0
$1	191	14	2	0	2547	1.00	2850	23.04.07	12:15	4	01	2850	2850	00	17025478	0	0	0	0	0	0	0	0
$1	191	14	3	0	0373	1.00	1790	23.04.07	12:17	1	01	1790	1790	00	5906874565285	0	0	0	0	0	0	0	0
$4	191	14	2	0	0	6220	6220
$1	191	15	1	0	4651	1.00	2850	23.04.07	12:46	1	01	2850	2850	00	10008461	0	0	0	0	0	0	0	0
$4	191	15	1	0	0	10000	10000
$4	191	15	1	0	1	7150	7150
$1	191	16	1	0	2053	1.00	2990	23.04.07	13:02	1	01	2990	2990	00	11020530	0	0	0	0	0	0	0	0
$1	191	16	2	0	4224	1.00	1590	23.04.07	13:03	1	01	1590	1590	00	8691190704162	0	0	0	0	0	0	0	0
$4	191	16	1	0	0	5000	5000
$4	191	16	1	0	1	420	420
$1	191	17	1	0	4652	1.00	4950	23.04.07	13:31	1	01	4950	4950	00	10008447	0	0	0	0	0	0	0	0
$1	191	17	2	0	2333	1.00	1490	23.04.07	13:31	2	01	1490	1490	00	10004265	0	0	0	0	0	0	0	0
$1	191	17	3	0	3901	1.00	1090	23.04.07	13:32	1	01	1090	1090	00	28039013	0	0	0	0	0	0	0	0
$1	191	17	4	0	0225	1.000	600	23.04.07	13:35	1	01	600	600	00		0	0	0	0	0	0	0	0
$4	191	17	1	0	0	9000	9000
$4	191	17	1	0	1	870	870
$1	191	18	1	0	0333	1.00	2150	23.04.07	13:42	1	01	2150	2150	00	5900168907263	0	0	0	0	0	0	0	0
$4	191	18	2	0	0	2150	2150
$1	191	19	1	0	1593	1.00	1590	23.04.07	14:30	1	01	1590	1590	00	7015939	0	0	0	0	0	0	0	0
$1	191	19	2	0	1593	1.00	1590	23.04.07	14:30	1	01	1590	1590	00	7015939	0	0	0	0	0	0	0	0
$1	191	19	3	0	0354	1.00	2790	23.04.07	14:31	1	01	2790	2790	00	5900168907287	0	0	0	0	0	0	0	0
$1	191	19	4	0	0333	1.00	2150	23.04.07	14:31	1	01	2150	2150	00	5900168907263	0	0	0	0	0	0	0	0
$1	191	19	5	0	3100	1.00	2190	23.04.07	14:31	1	01	2190	2190	00	5903760202477	0	0	0	0	0	0	0	0
$1	191	19	6	0	3485	1.00	3000	23.04.07	14:31	1	01	3000	3000	00	5903760201869	0	0	0	0	0	0	0	0
$4	191	19	2	0	0	13310	13310
$1	191	20	1	0	0333	1.00	2150	23.04.07	14:33	1	01	2150	2150	00	5900168907263	0	0	0	0	0	0	0	0
$1	191	20	2	0	4543	1.00	4350	23.04.07	14:33	1	01	4350	4350	00	35027430	0	0	0	0	0	0	0	0
$1	191	20	3	0	1605	1.00	1050	23.04.07	14:33	1	01	1050	1050	00	7016059	0	0	0	0	0	0	0	0
$1	191	20	4	0	2053	1.00	2990	23.04.07	14:33	1	01	2990	2990	00	11020530	0	0	0	0	0	0	0	0
$4	191	20	2	0	0	10540	10540
$1	191	21	1	0	4663	1.00	1750	23.04.07	14:38	2	01	1750	1750	00	10008584	0	0	0	0	0	0	0	0
$4	191	21	2	0	0	1750	1750
$1	191	22	1	0	3901	3.00	3270	23.04.07	14:54	1	01	3270	3270	00	28039013	0	0	0	0	0	0	0	0
$4	191	22	2	0	0	3270	3270
$1	191	23	1	0	2053	1.00	2990	23.04.07	15:16	1	01	2990	2990	00	11020530	0	0	0	0	0	0	0	0
$4	191	23	2	0	0	2990	2990
$1	191	24	1	0	4245	3.00	3015	23.04.07	15:42	2	01	10050	10050	00	680275064213	0	1	0	0	0	0	0	0
$1	191	24	2	0	1190	2.00	390	23.04.07	15:42	2	01	1300	1300	00	5909990021864	0	1	0	0	0	0	0	0
$4	191	24	1	0	0	3405	3405
$1	191	25	1	0	4652	1.00	4950	23.04.07	15:58	1	01	4950	4950	00	10008447	0	0	0	0	0	0	0	0
$1	191	25	2	0	4022	1.00	3090	23.04.07	16:00	1	01	3090	3090	00	8691190375034	0	0	0	0	0	0	0	0
$1	191	25	3	0	3051	1.00	1050	23.04.07	16:00	4	01	1050	1050	00	10004043	0	0	0	0	0	0	0	0
$1	191	25	4	0	1555	1.00	2890	23.04.07	16:00	4	01	2890	2890	00	7015557	0	0	0	0	0	0	0	0
$1	191	25	5	0	3021	1.00	2250	23.04.07	16:01	2	01	2250	2250	00	10004302	0	0	0	0	0	0	0	0
$1	191	25	6	0	0949	1.00	950	23.04.07	16:01	2	01	950	950	00	25065	0	0	0	0	0	0	0	0
$4	191	25	2	0	0	15180	15180
$1	191	26	1	0	2596	1.00	945	23.04.07	17:15	1	01	945	1350	00	17025966	0	0	0	0	0	0	0	1
$1	191	26	2	0	3025	1.00	595	23.04.07	17:15	2	01	595	850	00	10003701	0	0	0	0	0	0	0	1
$4	191	26	1	0	0	1540	1540
$14	01	23.04.08	09:41	4
$13	00	1	23.04.08	09:41	01	0	0	0	0	0	0	0	0	0	             
$1	192	1	1	0	1818	1.00	3190	23.04.08	10:08	1	01	3190	3190	00	8018182	0	0	0	0	0	0	0	0
$1	192	1	2	0	1826	1.00	3190	23.04.08	10:08	1	01	3190	3190	00	8018267	0	0	0	0	0	0	0	0
$1	192	1	3	0	4631	1.00	2790	23.04.08	10:10	1	01	2790	2790	00	10008270	0	0	0	0	0	0	0	0
$4	192	1	2	0	0	9170	9170
$1	192	2	1	0	4600	1.00	5990	23.04.08	10:12	1	01	5990	5990	00	10007969	0	0	0	0	0	0	0	0
$1	192	2	2	0	4622	1.00	1690	23.04.08	10:16	1	01	1690	1690	00	5903760204990	0	0	0	0	0	0	0	0
$4	192	2	2	0	0	7680	7680
$1	192	3	1	0	1191	2.00	1100	23.04.08	11:59	2	01	1100	1100	00	5909990628490	0	0	0	0	0	0	0	0
$1	192	3	2	0	4324	1.00	600	23.04.08	11:59	4	01	600	600	00	5903246864472	0	0	0	0	0	0	0	0
$1	192	3	3	0	3112	1.00	1090	23.04.08	11:59	2	01	1090	1090	00	5903246865301	0	0	0	0	0	0	0	0
$4	192	3	2	0	0	2790	2790
$1	192	4	1	0	0788	1.00	4750	23.04.08	12:07	1	01	4750	4750	00	3007884	0	0	0	0	0	0	0	0
$1	192	4	2	0	4626	1.00	1790	23.04.08	12:09	1	01	1790	1790	00	10008225	0	0	0	0	0	0	0	0
$1	192	4	3	0	4620	1.00	4350	23.04.08	12:11	1	01	4350	4350	00	10008164	0	0	0	0	0	0	0	0
$1	192	4	4	0	4622	1.00	1690	23.04.08	12:12	1	01	1690	1690	00	5903760204990	0	0	0	0	0	0	0	0
$4	192	4	2	0	0	12580	12580
$1	192	5	1	0	3021	1.00	2250	23.04.08	12:23	2	01	2250	2250	00	10004302	0	0	0	0	0	0	0	0
$1	192	5	2	0	1555	1.00	2890	23.04.08	12:23	4	01	2890	2890	00	5906660812258	0	0	0	0	0	0	0	0
$4	192	5	2	0	0	5140	5140
$1	192	6	1	0	3901	2.00	2180	23.04.08	12:39	1	01	2180	2180	00	28039013	0	0	0	0	0	0	0	0
$4	192	6	2	0	0	2180	2180
$1	192	7	1	0	0726	1.00	1537	23.04.08	13:10	1	01	6150	6150	00	3007266	0	1	0	0	0	0	0	0
$1	192	7	2	0	0702	1.00	587	23.04.08	13:10	1	01	2350	2350	00	3007020	0	1	0	0	0	0	0	0
$1	192	7	3	0	0736	1.00	1187	23.04.08	13:10	1	01	4750	4750	00	3007365	0	1	0	0	0	0	0	0
$4	192	7	1	0	0	3311	3311
$14	01	23.04.11	09:37	4
$13	00	1	23.04.11	09:37	01	0	0	0	0	0	0	0	0	0	             
$1	193	1	1	0	3355	1.00	4650	23.04.11	10:12	1	01	4650	4650	00	8033550	0	0	0	0	0	0	0	0
$1	193	1	2	0	3881	1.00	1300	23.04.11	10:13	1	01	1300	1300	00	8691190445058	0	0	0	0	0	0	0	0
$4	193	1	2	0	0	5950	5950
$1	193	2	1	0	2333	1.00	1490	23.04.11	10:22	2	01	1490	1490	00	10004265	0	0	0	0	0	0	0	0
$1	193	2	2	0	4296	1.00	11450	23.04.11	10:22	1	01	11450	11450	00	10005576	0	0	0	0	0	0	0	0
$1	193	2	3	0	0225	1.000	250	23.04.11	10:22	1	01	250	250	00		0	0	0	0	0	0	0	0
$4	193	2	1	0	0	15000	15000
$4	193	2	1	0	1	1810	1810
$1	193	3	1	0	0880	1.00	6850	23.04.11	12:05	1	01	6850	6850	00	4008804	0	0	0	0	0	0	0	0
$1	193	3	2	0	0606	1.00	4590	23.04.11	12:05	1	01	4590	4590	00	5902249011104	0	0	0	0	0	0	0	0
$1	193	3	3	0	2299	1.00	4750	23.04.11	12:05	1	01	4750	4750	00	5902249011128	0	0	0	0	0	0	0	0
$1	193	3	4	0	4621	1.00	1690	23.04.11	12:05	1	01	1690	1690	00	10008171	0	0	0	0	0	0	0	0
$1	193	3	5	0	3740	1.00	1100	23.04.11	12:05	1	01	1100	1100	00	8691190603090	0	0	0	0	0	0	0	0
$4	193	3	2	0	0	18980	18980
$1	193	4	1	0	0066	1.000	1190	23.04.11	12:20	1	01	1190	1190	00		0	0	0	0	0	0	0	0
$4	193	4	1	0	0	1190	1190
$1	193	5	1	0	1928	1.00	1750	23.04.11	13:02	1	01	1750	1750	00	10007471	0	0	0	0	0	0	0	0
$1	193	5	2	0	1949	1.00	1650	23.04.11	13:02	1	01	1650	1650	00	10007457	0	0	0	0	0	0	0	0
$4	193	5	2	0	0	3400	3400
$1	193	6	1	0	4591	1.00	4950	23.04.11	13:29	2	01	4950	4950	00	10003527	0	0	0	0	0	0	0	0
$1	193	6	2	0	0863	1.00	5900	23.04.11	13:29	1	01	5900	5900	00	4008637	0	0	0	0	0	0	0	0
$1	193	6	3	0	2542	1.00	1390	23.04.11	13:29	2	01	1390	1390	00	17025423	0	0	0	0	0	0	0	0
$1	193	6	4	0	0975	1.00	750	23.04.11	13:29	2	01	750	750	00	5905279799035	0	0	0	0	0	0	0	0
$1	193	6	5	0	3900	1.00	4250	23.04.11	13:29	1	01	4250	4250	00	28039006	0	0	0	0	0	0	0	0
$1	193	6	6	0	3901	1.00	1090	23.04.11	13:30	1	01	1090	1090	00	28039013	0	0	0	0	0	0	0	0
$1	193	6	7	0	4621	1.00	1690	23.04.11	13:31	1	01	1690	1690	00	10008171	0	0	0	0	0	0	0	0
$4	193	6	2	0	0	20020	20020
$1	193	7	1	0	2787	1.00	8590	23.04.11	14:30	1	01	8590	8590	00	10004517	0	0	0	0	0	0	0	0
$4	193	7	2	0	0	8590	8590
$1	193	8	1	0	0982	2.00	1180	23.04.11	14:46	2	01	1180	1180	00	5907752643385	0	0	0	0	0	0	0	0
$1	193	8	2	0	1230	6.00	3300	23.04.11	14:46	2	01	3300	3300	00	5909994310766	0	0	0	0	0	0	0	0
$1	193	8	3	0	1179	6.00	4500	23.04.11	14:47	2	01	4500	4500	00	5909994309524	0	0	0	0	0	0	0	0
$4	193	8	1	0	0	10000	10000
$4	193	8	1	0	1	1020	1020
$1	193	9	1	0	0996	6.00	3900	23.04.11	14:48	2	01	3900	3900	00	5906365702076	0	0	0	0	0	0	0	0
$4	193	9	1	0	0	4000	4000
$4	193	9	1	0	1	100	100
$1	193	10	1	0	0975	1.00	750	23.04.11	14:48	2	01	750	750	00	5905279799035	0	0	0	0	0	0	0	0
$4	193	10	1	0	0	2000	2000
$4	193	10	1	0	1	1250	1250
$1	193	11	1	0	1093	1.00	750	23.04.11	14:49	2	01	750	750	00	5906365702212	0	0	0	0	0	0	0	0
$4	193	11	2	0	0	750	750
$1	193	12	1	0	1896	1.00	3450	23.04.11	14:52	1	01	3450	3450	00	23018969	0	0	0	0	0	0	0	0
$4	193	12	2	0	0	3450	3450
$1	193	13	1	0	0473	1.00	1300	23.04.11	15:47	1	01	1300	2600	00	5907502687317	0	0	0	0	0	0	0	1
$4	193	13	1	0	0	1300	1300
$1	193	14	1	0	2053	1.00	2990	23.04.11	15:57	1	01	2990	2990	00	11020530	0	0	0	0	0	0	0	0
$1	193	14	2	0	2050	2.00	5980	23.04.11	15:57	1	01	5980	5980	00	11020509	0	0	0	0	0	0	0	0
$1	193	14	3	0	4028	1.00	1350	23.04.11	15:58	1	01	1350	1350	00	8691190115081	0	0	0	0	0	0	0	0
$4	193	14	2	0	0	10320	10320
$1	193	15	1	0	1507	1.00	6350	23.04.11	16:19	4	01	6350	6350	00	7015076	0	0	0	0	0	0	0	0
$4	193	15	2	0	0	6350	6350
$1	193	16	1	0	4632	1.00	1890	23.04.11	16:37	1	01	1890	1890	00	10008287	0	0	0	0	0	0	0	0
$1	193	16	2	0	4662	1.00	4990	23.04.11	16:37	1	01	4990	4990	00	10008577	0	0	0	0	0	0	0	0
$4	193	16	2	0	0	6880	6880
$14	01	23.04.12	09:40	4
$13	00	1	23.04.12	09:40	01	0	0	0	0	0	0	0	0	0	             
$1	194	1	1	0	1881	1.00	5290	23.04.12	11:02	1	01	5290	5290	00	8018816	0	0	0	0	0	0	0	0
$4	194	1	2	0	0	5290	5290
$1	194	2	1	0	0988	1.00	850	23.04.12	11:04	1	01	850	850	00	5009886	0	0	0	0	0	0	0	0
$1	194	2	2	0	0987	1.00	950	23.04.12	11:04	1	01	950	950	00	5009879	0	0	0	0	0	0	0	0
$4	194	2	2	0	0	1800	1800
$1	194	3	1	0	0666	1.00	1250	23.04.12	11:19	1	01	1250	1250	00	8691190842123	0	0	0	0	0	0	0	0
$1	194	3	2	0	1378	1.00	2550	23.04.12	11:19	1	01	2550	2550	00	7009	0	0	0	0	0	0	0	0
$4	194	3	1	0	0	5000	5000
$4	194	3	1	0	1	1200	1200
$1	194	4	1	0	3736	1.00	1100	23.04.12	12:00	1	01	1100	1100	00	8691190603052	0	0	0	0	0	0	0	0
$4	194	4	1	0	0	1100	1100
$1	194	5	1	0	4593	1.00	4990	23.04.12	12:42	4	01	4990	4990	00	10007907	0	0	0	0	0	0	0	0
$4	194	5	1	0	0	4990	4990
$1	194	6	1	0	1215	1.00	690	23.04.12	13:24	2	01	690	690	00	5909994311213	0	0	0	0	0	0	0	0
$4	194	6	1	0	0	1000	1000
$4	194	6	1	0	1	310	310
$1	194	7	1	0	1133	1.00	1250	23.04.12	13:26	4	01	1250	1250	00	5011339	0	0	0	0	0	0	0	0
$10	194	7	1	0	1252	1.00	1350	23.04.12	13:26	2	01	1350	1350	00	5012527	0	0	0	0	0	0	0	0
$4	194	7	1	0	0	1250	1250
$1	194	8	1	0	4168	1.00	2150	23.04.12	13:51	2	01	2150	2150	00	10000991	0	0	0	0	0	0	0	0
$1	194	8	2	0	3043	1.00	950	23.04.12	13:51	2	01	950	950	00	10003831	0	0	0	0	0	0	0	0
$1	194	8	3	0	3265	1.00	1790	23.04.12	13:51	4	01	1790	1790	00	5032655	0	0	0	0	0	0	0	0
$4	194	8	2	0	0	4890	4890
$1	194	9	1	0	1900	1.00	1650	23.04.12	14:39	1	01	1650	1650	00	10007310	0	0	0	0	0	0	0	0
$1	194	9	2	0	1841	1.00	3190	23.04.12	14:39	1	01	3190	3190	00	10004470	0	0	0	0	0	0	0	0
$4	194	9	1	0	0	5000	5000
$4	194	9	1	0	1	160	160
$12	194	1	1	0	3618	1.00	250	23.04.12	15:03	1	01	250	250	00	13036188	0	0	0	0	0	0	0	0
$12	194	1	2	0	0459	1.00	2690	23.04.12	15:04	1	01	2690	2690	00	5907502687201	0	0	0	0	0	0	0	0
$1	194	10	1	0	3618	1.00	250	23.04.12	15:05	1	01	250	250	00	13036188	0	0	0	0	0	0	0	0
$4	194	10	1	0	0	250	250
$1	194	11	1	0	4508	1.00	450	23.04.12	15:26	2	01	450	450	00	10006726	0	0	0	0	0	0	0	0
$1	194	11	2	0	2383	1.00	2750	23.04.12	15:26	1	01	2750	2750	00	16023833	0	0	0	0	0	0	0	0
$1	194	11	3	0	4155	1.00	2650	23.04.12	15:26	1	01	2650	2650	00	10000885	0	0	0	0	0	0	0	0
$1	194	11	4	0	0972	1.00	450	23.04.12	15:27	4	01	450	450	00	5906365702359	0	0	0	0	0	0	0	0
$1	194	11	5	0	0472	1.00	1400	23.04.12	15:28	1	01	1400	1400	00	5907502687300	0	0	0	0	0	0	0	0
$1	194	11	6	0	1133	1.00	1250	23.04.12	15:28	4	01	1250	1250	00	5011339	0	0	0	0	0	0	0	0
$4	194	11	2	0	0	8950	8950
$1	194	12	1	0	1191	1.00	550	23.04.12	15:48	2	01	550	550	00	5909990628490	0	0	0	0	0	0	0	0
$4	194	12	1	0	0	550	550
$1	194	13	1	0	1133	1.00	1250	23.04.12	16:31	4	01	1250	1250	00	5011339	0	0	0	0	0	0	0	0
$1	194	13	2	0	1437	1.00	2990	23.04.12	16:32	1	01	2990	2990	00	10002957	0	0	0	0	0	0	0	0
$1	194	13	3	0	1462	1.00	1590	23.04.12	16:32	1	01	1590	1590	00	10003176	0	0	0	0	0	0	0	0
$1	194	13	4	0	0225	1.000	150	23.04.12	16:32	1	01	150	150	00		0	0	0	0	0	0	0	0
$1	194	13	5	0	1378	1.00	2550	23.04.12	16:33	1	01	2550	2550	00	7009	0	0	0	0	0	0	0	0
$4	194	13	2	0	0	8530	8530
$1	194	14	1	0	1587	1.00	1650	23.04.12	16:35	1	01	1650	1650	00	7015878	0	0	0	0	0	0	0	0
$1	194	14	2	0	2010	1.00	3590	23.04.12	16:35	1	01	3590	3590	00	10007600	0	0	0	0	0	0	0	0
$1	194	14	3	0	4650	1.00	2450	23.04.12	16:36	1	01	2450	2450	00	10008454	0	0	0	0	0	0	0	0
$4	194	14	1	0	0	10000	10000
$4	194	14	1	0	1	2310	2310
$1	194	15	1	0	2053	1.00	2990	23.04.12	16:40	1	01	2990	2990	00	11020530	0	0	0	0	0	0	0	0
$4	194	15	1	0	0	2990	2990
$1	194	16	1	0	0048	1.000	8090	23.04.12	16:53	1	01	8090	8090	00		0	0	0	0	0	0	0	0
$1	194	16	2	0	3242	1.00	2000	23.04.12	16:53	1	01	2000	2000	00	10003350	0	0	0	0	0	0	0	0
$4	194	16	2	0	0	10090	10090
$1	194	17	1	0	1050	1.00	1390	23.04.12	17:12	4	01	1390	1390	00	5010509	0	0	0	0	0	0	0	0
$1	194	17	2	0	0971	1.00	850	23.04.12	17:13	2	01	850	850	00	5009718	0	0	0	0	0	0	0	0
$4	194	17	2	0	0	2240	2240
$1	194	18	1	0	0973	2.00	980	23.04.12	17:15	2	01	980	980	00	5905279799448	0	0	0	0	0	0	0	0
$4	194	18	2	0	0	980	980
$1	194	19	1	0	0971	1.00	850	23.04.12	17:16	2	01	850	850	00	5009718	0	0	0	0	0	0	0	0
$4	194	19	2	0	0	850	850
$1	194	20	1	0	4575	1.00	2150	23.04.12	17:30	1	01	2150	2150	00	23153	0	0	0	0	0	0	0	0
$4	194	20	2	0	0	2150	2150
$14	01	23.04.15	09:40	4
$13	00	1	23.04.15	09:40	01	0	0	0	0	0	0	0	0	0	             
$1	195	1	1	0	1711	1.00	5990	23.04.15	11:22	1	01	5990	5990	00	5907688710670	0	0	0	0	0	0	0	0
$4	195	1	2	0	0	5990	5990
$1	195	2	1	0	2291	1.00	2150	23.04.15	11:53	1	01	2150	2150	00	5906660352143	0	0	0	0	0	0	0	0
$1	195	2	2	0	2289	1.00	2150	23.04.15	11:53	1	01	2150	2150	00	5906660352273	0	0	0	0	0	0	0	0
$1	195	2	3	0	2289	1.00	2150	23.04.15	11:53	1	01	2150	2150	00	5906660352273	0	0	0	0	0	0	0	0
$4	195	2	2	0	0	6450	6450
$1	195	3	1	0	1035	4.00	2360	23.04.15	12:02	2	01	2360	2360	00	5909994310124	0	0	0	0	0	0	0	0
$4	195	3	1	0	0	2400	2400
$4	195	3	1	0	1	040	040
$1	195	4	1	0	1693	1.00	3100	23.04.15	12:33	1	01	3100	3100	00	7016936	0	0	0	0	0	0	0	0
$4	195	4	1	0	0	5100	5100
$4	195	4	1	0	1	2000	2000
$1	195	5	1	0	2293	1.00	4290	23.04.15	12:38	1	01	4290	4290	00	10000632	0	0	0	0	0	0	0	0
$1	195	5	2	0	1644	1.00	2590	23.04.15	12:38	1	01	2590	2590	00	7016448	0	0	0	0	0	0	0	0
$1	195	5	3	0	0772	1.00	6690	23.04.15	12:40	1	01	6690	6690	00	3007723	0	0	0	0	0	0	0	0
$4	195	5	2	0	0	13570	13570
$14	01	23.04.15	13:42	4
$13	00	1	23.04.15	13:42	01	0	0	0	0	0	0	0	0	0	             
$14	01	23.04.17	10:00	4
$13	00	1	23.04.17	10:00	01	0	0	0	0	0	0	0	0	0	             
$1	196	1	1	0	4657	1.00	3350	23.04.17	10:01	1	01	3350	3350	00	10008522	0	0	0	0	0	0	0	0
$1	196	1	2	0	0851	1.00	2490	23.04.17	10:01	1	01	2490	2490	00	4008514	0	0	0	0	0	0	0	0
$1	196	1	3	0	3487	1.00	1650	23.04.17	10:01	1	01	1650	1650	00	1034875	0	0	0	0	0	0	0	0
$1	196	1	4	0	0294	1.00	8350	23.04.17	10:01	1	01	8350	8350	00	154	0	0	0	0	0	0	0	0
$1	196	1	5	0	3058	1.00	1150	23.04.17	10:01	2	01	1150	1150	00	10003893	0	0	0	0	0	0	0	0
$1	196	1	6	0	1738	1.00	3950	23.04.17	10:08	1	01	3950	3950	00	8017383	0	0	0	0	0	0	0	0
$1	196	1	7	0	2350	1.00	790	23.04.17	10:09	1	01	790	790	00	15023506	0	0	0	0	0	0	0	0
$1	196	1	8	0	0225	1.000	250	23.04.17	10:09	1	01	250	250	00		0	0	0	0	0	0	0	0
$4	196	1	2	0	0	21980	21980
$1	196	2	1	0	1454	1.00	1990	23.04.17	10:21	1	01	1990	1990	00	10003077	0	0	0	0	0	0	0	0
$1	196	2	2	0	0355	1.00	2590	23.04.17	10:21	1	01	2590	2590	00	1003550	0	0	0	0	0	0	0	0
$1	196	2	3	0	1302	1.00	3150	23.04.17	10:22	1	01	3150	3150	00	6013028	0	0	0	0	0	0	0	0
$1	196	2	4	0	1097	1.00	550	23.04.17	10:22	2	01	550	550	00	5909994310568	0	0	0	0	0	0	0	0
$1	196	2	5	0	1232	1.00	490	23.04.17	10:22	2	01	490	490	00	5909990219520	0	0	0	0	0	0	0	0
$1	196	2	6	0	1562	1.00	2690	23.04.17	10:22	4	01	2690	2690	00	7015625	0	0	0	0	0	0	0	0
$1	196	2	7	0	1527	1.00	3650	23.04.17	10:23	4	01	3650	3650	00	7015274	0	0	0	0	0	0	0	0
$1	196	2	8	0	2024	1.00	2490	23.04.17	10:23	1	01	2490	2490	00	10020241	0	0	0	0	0	0	0	0
$4	196	2	2	0	0	17600	17600
$1	196	3	1	0	0371	1.00	1790	23.04.17	11:47	1	01	1790	1790	00	5906874565292	0	0	0	0	0	0	0	0
$1	196	3	2	0	2288	1.00	2450	23.04.17	11:47	1	01	2450	2450	00	14022883	0	0	0	0	0	0	0	0
$10	196	3	1	0	3528	1.00	4850	23.04.17	11:47	1	01	4850	4850	00	10002780	0	0	0	0	0	0	0	0
$1	196	3	3	0	4356	1.00	10922	23.04.17	11:47	1	01	10922	12850	00	5907688710878	0	0	0	0	0	0	0	1
$4	196	3	2	0	0	15162	15162
$1	196	4	1	0	2010	1.00	3590	23.04.17	12:07	1	01	3590	3590	00	10007600	0	0	0	0	0	0	0	0
$4	196	4	2	0	0	3590	3590
$1	196	5	1	0	4613	1.00	3750	23.04.17	12:37	1	01	3750	3750	00	680275064756	0	0	0	0	0	0	0	0
$1	196	5	2	0	3128	1.00	1050	23.04.17	12:37	2	01	1050	1050	00	10004036	0	0	0	0	0	0	0	0
$4	196	5	1	0	0	10000	10000
$4	196	5	1	0	1	5200	5200
$1	196	6	1	0	3300	1.00	693	23.04.17	14:00	1	01	693	990	00	22033000	0	0	0	0	0	0	0	1
$4	196	6	1	0	0	693	693
$1	196	7	1	0	3901	2.00	2180	23.04.17	14:15	1	01	2180	2180	00	28039013	0	0	0	0	0	0	0	0
$4	196	7	2	0	0	2180	2180
$1	196	8	1	0	2024	1.00	1590	23.04.17	14:56	1	01	1590	2490	00	10020241	0	0	0	0	0	0	0	1
$4	196	8	2	0	0	1590	1590
$1	196	9	1	0	4666	2.00	17100	23.04.17	15:49	4	01	17100	17100	00	10008614	0	0	0	0	0	0	0	0
$4	196	9	2	0	0	17100	17100
$1	196	10	1	0	2382	1.00	4250	23.04.17	15:50	1	01	4250	4250	00	16023826	0	0	0	0	0	0	0	0
$4	196	10	2	0	0	4250	4250
$1	196	11	1	0	1543	1.00	5250	23.04.17	16:47	4	01	5250	5250	00	7015434	0	0	0	0	0	0	0	0
$4	196	11	1	0	0	5500	5500
$4	196	11	1	0	1	250	250
$14	01	23.04.18	09:36	4
$13	00	1	23.04.18	09:36	01	0	0	0	0	0	0	0	0	0	             
$1	197	1	1	0	1689	1.00	3190	23.04.18	10:15	1	01	3190	3190	00	7016899	0	0	0	0	0	0	0	0
$4	197	1	2	0	0	3190	3190
$1	197	2	1	0	3901	1.00	1090	23.04.18	11:17	1	01	1090	1090	00	28039013	0	0	0	0	0	0	0	0
$4	197	2	1	0	0	1500	1500
$4	197	2	1	0	1	410	410
$1	197	3	1	0	2050	2.00	5980	23.04.18	11:26	1	01	5980	5980	00	11020509	0	0	0	0	0	0	0	0
$4	197	3	2	0	0	5980	5980
$1	197	4	1	0	2050	1.00	2990	23.04.18	11:27	1	01	2990	2990	00	11020509	0	0	0	0	0	0	0	0
$4	197	4	1	0	0	2990	2990
$1	197	5	1	0	2053	2.00	5980	23.04.18	12:14	1	01	5980	5980	00	11020530	0	0	0	0	0	0	0	0
$4	197	5	2	0	0	5980	5980
$1	197	6	1	0	1587	1.00	1650	23.04.18	12:18	1	01	1650	1650	00	7015878	0	0	0	0	0	0	0	0
$1	197	6	2	0	2433	1.00	2850	23.04.18	12:18	1	01	2850	2850	00	16024335	0	0	0	0	0	0	0	0
$4	197	6	2	0	0	4500	4500
$1	197	7	1	0	1000	1.00	650	23.04.18	13:14	2	01	650	650	00	5906365702922	0	0	0	0	0	0	0	0
$1	197	7	2	0	1007	1.00	750	23.04.18	13:14	2	01	750	750	00	5907752643460	0	0	0	0	0	0	0	0
$1	197	7	3	0	1249	1.00	900	23.04.18	13:14	2	01	900	900	00	5909994310667	0	0	0	0	0	0	0	0
$1	197	7	4	0	1162	1.00	500	23.04.18	13:14	2	01	500	500	00	5909994311763	0	0	0	0	0	0	0	0
$1	197	7	5	0	1008	1.00	550	23.04.18	13:14	2	01	550	550	00	5909994311367	0	0	0	0	0	0	0	0
$1	197	7	6	0	1008	1.00	550	23.04.18	13:15	2	01	550	550	00	5909994311367	0	0	0	0	0	0	0	0
$1	197	7	7	0	1191	1.00	550	23.04.18	13:15	2	01	550	550	00	5909990628490	0	0	0	0	0	0	0	0
$4	197	7	1	0	0	5000	5000
$4	197	7	1	0	1	550	550
$10	197	8	1	0	1797	1.00	2650	23.04.18	14:22	1	01	2650	2650	00	8017970	0	0	0	0	0	0	0	0
$1	197	8	1	0	1801	1.00	2650	23.04.18	14:22	1	01	2650	2650	00	8018014	0	0	0	0	0	0	0	0
$1	197	8	2	0	0774	1.00	4150	23.04.18	14:22	1	01	4150	4150	00	3007747	0	0	0	0	0	0	0	0
$1	197	8	3	0	3159	1.00	3190	23.04.18	14:23	1	01	3190	3190	00	8031594	0	0	0	0	0	0	0	0
$1	197	8	4	0	1574	3.00	1650	23.04.18	14:23	4	01	1650	1650	00	5906660817215	0	0	0	0	0	0	0	0
$1	197	8	5	0	4662	1.00	4990	23.04.18	14:24	1	01	4990	4990	00	10008577	0	0	0	0	0	0	0	0
$4	197	8	2	0	0	16630	16630
$12	197	1	1	0	0602	225.00	672750	23.04.18	15:47	1	01	672750	672750	00	5902249010978	0	0	0	0	0	0	0	0
$1	197	9	1	0	0225	1.000	1190	23.04.18	15:48	1	01	1190	1190	00		0	0	0	0	0	0	0	0
$4	197	9	1	0	0	1190	1190
$1	197	10	1	0	1890	1.00	1290	23.04.18	15:49	1	01	1290	1290	00	8691190069797	0	0	0	0	0	0	0	0
$4	197	10	1	0	0	5000	5000
$4	197	10	1	0	1	3710	3710
$1	197	11	1	0	0031	1.000	4950	23.04.18	15:50	1	01	4950	4950	00		0	0	0	0	0	0	0	0
$4	197	11	2	0	0	4950	4950
$1	197	12	1	0	0971	1.00	850	23.04.18	16:00	2	01	850	850	00	5009718	0	0	0	0	0	0	0	0
$1	197	12	2	0	1049	1.00	1400	23.04.18	16:00	4	01	1400	1400	00	5010493	0	0	0	0	0	0	0	0
$1	197	12	3	0	2665	1.00	1390	23.04.18	16:00	2	01	1390	1390	00	17026659	0	0	0	0	0	0	0	0
$1	197	12	4	0	0987	1.00	950	23.04.18	16:00	1	01	950	950	00	5009879	0	0	0	0	0	0	0	0
$1	197	12	5	0	1527	1.00	3650	23.04.18	16:00	4	01	3650	3650	00	7015274	0	0	0	0	0	0	0	0
$1	197	12	6	0	2648	1.00	1990	23.04.18	16:01	2	01	1990	1990	00	17026482	0	0	0	0	0	0	0	0
$1	197	12	7	0	3125	1.00	990	23.04.18	16:01	2	01	990	990	00	10004005	0	0	0	0	0	0	0	0
$1	197	12	8	0	3580	1.00	900	23.04.18	16:01	2	01	900	900	00	10004029	0	0	0	0	0	0	0	0
$1	197	12	9	0	2328	1.00	900	23.04.18	16:01	2	01	900	900	00	20023287	0	0	0	0	0	0	0	0
$1	197	12	10	0	1019	1.00	1190	23.04.18	16:01	2	01	1190	1190	00	5907752643514	0	0	0	0	0	0	0	0
$1	197	12	11	0	1193	1.00	550	23.04.18	16:01	2	01	550	550	00	5909990195725	0	0	0	0	0	0	0	0
$1	197	12	12	0	1188	1.00	600	23.04.18	16:02	2	01	600	600	00	5909994309425	0	0	0	0	0	0	0	0
$1	197	12	13	0	1159	1.00	550	23.04.18	16:02	2	01	550	550	00	5909994311657	0	0	0	0	0	0	0	0
$1	197	12	14	0	1151	1.00	550	23.04.18	16:02	2	01	550	550	00	5909990468126	0	0	0	0	0	0	0	0
$1	197	12	15	0	1082	1.00	590	23.04.18	16:02	2	01	590	590	00	5907752643392	0	0	0	0	0	0	0	0
$1	197	12	16	0	1088	1.00	1190	23.04.18	16:02	4	01	1190	1190	00	5010882	0	0	0	0	0	0	0	0
$4	197	12	1	0	0	20000	20000
$4	197	12	1	0	1	1760	1760
$1	197	13	1	0	2350	2.00	1580	23.04.18	16:05	1	01	1580	1580	00	15023506	0	0	0	0	0	0	0	0
$4	197	13	1	0	0	1580	1580
$12	197	2	1	0	2053	1.00	2990	23.04.18	16:43	1	01	2990	2990	00	11020530	0	0	0	0	0	0	0	0
$12	197	2	2	0	4616	1.00	1790	23.04.18	16:43	2	01	1790	1790	00	680275060406	0	0	0	0	0	0	0	0
$12	197	2	3	0	2702	1.00	1650	23.04.18	16:43	4	01	1650	1650	00	17027021	0	0	0	0	0	0	0	0
$14	01	23.04.19	09:34	4
$13	00	1	23.04.19	09:34	01	0	0	0	0	0	0	0	0	0	             
$1	198	1	1	0	2350	1.00	790	23.04.19	09:59	1	01	790	790	00	15023506	0	0	0	0	0	0	0	0
$4	198	1	2	0	0	790	790
$1	198	2	1	0	4543	1.00	4350	23.04.19	10:08	1	01	4350	4350	00	35027430	0	0	0	0	0	0	0	0
$4	198	2	2	0	0	4350	4350
$1	198	3	1	0	1573	1.00	550	23.04.19	10:16	4	01	550	550	00	5906660817208	0	0	0	0	0	0	0	0
$1	198	3	2	0	1574	3.00	1650	23.04.19	10:16	4	01	1650	1650	00	5906660817215	0	0	0	0	0	0	0	0
$4	198	3	1	0	0	2200	2200
$1	198	4	1	0	0565	1.00	1090	23.04.19	10:22	1	01	1090	1090	00	8691190891572	0	0	0	0	0	0	0	0
$1	198	4	2	0	1112	1.00	750	23.04.19	10:22	2	01	750	750	00	5906365702267	0	0	0	0	0	0	0	0
$4	198	4	2	0	0	1840	1840
$1	198	5	1	0	2053	1.00	2990	23.04.19	10:24	1	01	2990	2990	00	11020530	0	0	0	0	0	0	0	0
$4	198	5	1	0	0	10000	10000
$4	198	5	1	0	1	7010	7010
$1	198	6	1	0	1734	1.00	2450	23.04.19	10:53	1	01	2450	2450	00	8017345	0	0	0	0	0	0	0	0
$1	198	6	2	0	0355	1.00	2590	23.04.19	10:53	1	01	2590	2590	00	1003550	0	0	0	0	0	0	0	0
$1	198	6	3	0	4366	1.00	2290	23.04.19	10:53	1	01	2290	2290	00	10005033	0	0	0	0	0	0	0	0
$1	198	6	4	0	4137	1.00	3750	23.04.19	10:53	1	01	3750	3750	00	10000670	0	0	0	0	0	0	0	0
$1	198	6	5	0	2024	1.00	2490	23.04.19	10:53	1	01	2490	2490	00	10020241	0	0	0	0	0	0	0	0
$4	198	6	2	0	0	13570	13570
$1	198	7	1	0	0553	1.00	2790	23.04.19	10:56	1	01	2790	2790	00	5902249010435	0	0	0	0	0	0	0	0
$1	198	7	2	0	0586	2.00	1380	23.04.19	10:56	1	01	1380	1380	00	2005867	0	0	0	0	0	0	0	0
$4	198	7	2	0	0	4170	4170
$1	198	8	1	0	3882	1.00	1300	23.04.19	11:22	1	01	1300	1300	00	8691190445041	0	0	0	0	0	0	0	0
$4	198	8	2	0	0	1300	1300
$1	198	9	1	0	3715	1.00	2450	23.04.19	11:50	1	01	2450	2450	00	8691190595067	0	0	0	0	0	0	0	0
$1	198	9	2	0	3550	1.00	3450	23.04.19	11:50	1	01	3450	3450	00	8035509	0	0	0	0	0	0	0	0
$4	198	9	2	0	0	5900	5900
$1	198	10	1	0	2053	1.00	2990	23.04.19	11:57	1	01	2990	2990	00	11020530	0	0	0	0	0	0	0	0
$4	198	10	1	0	0	5000	5000
$4	198	10	1	0	1	2010	2010
$1	198	11	1	0	1179	4.00	3000	23.04.19	13:44	2	01	3000	3000	00	5909994309524	0	0	0	0	0	0	0	0
$1	198	11	2	0	1230	4.00	2200	23.04.19	13:45	2	01	2200	2200	00	5909994310766	0	0	0	0	0	0	0	0
$1	198	11	3	0	0982	8.00	4720	23.04.19	13:45	2	01	4720	4720	00	5907752643385	0	0	0	0	0	0	0	0
$1	198	11	4	0	0996	4.00	2600	23.04.19	13:45	2	01	2600	2600	00	5906365702076	0	0	0	0	0	0	0	0
$4	198	11	1	0	0	20000	20000
$4	198	11	1	0	1	7480	7480
$1	198	12	1	0	4468	1.00	650	23.04.19	13:54	2	01	650	650	00	10006337	0	0	0	0	0	0	0	0
$1	198	12	2	0	3058	1.00	1150	23.04.19	13:54	2	01	1150	1150	00	10003893	0	0	0	0	0	0	0	0
$1	198	12	3	0	2053	1.00	2990	23.04.19	13:54	1	01	2990	2990	00	11020530	0	0	0	0	0	0	0	0
$1	198	12	4	0	0570	1.00	690	23.04.19	13:54	1	01	690	690	00	2005706	0	0	0	0	0	0	0	0
$4	198	12	2	0	0	5480	5480
$1	198	13	1	0	0026	1.000	2350	23.04.19	14:17	1	01	2350	2350	00		0	0	0	0	0	0	0	0
$1	198	13	2	0	0563	1.00	3500	23.04.19	14:17	1	01	3500	3500	00	5902249010947	0	0	0	0	0	0	0	0
$1	198	13	3	0	3776	1.00	990	23.04.19	14:17	1	01	990	990	00	19187	0	0	0	0	0	0	0	0
$1	198	13	4	0	2350	1.00	790	23.04.19	14:17	1	01	790	790	00	15023506	0	0	0	0	0	0	0	0
$4	198	13	1	0	0	10000	10000
$4	198	13	1	0	1	2370	2370
$14	01	23.04.20	09:29	4
$13	00	1	23.04.20	09:29	01	0	0	0	0	0	0	0	0	0	             
$1	199	1	1	0	0048	1.000	2990	23.04.20	10:13	1	01	2990	2990	00		0	0	0	0	0	0	0	0
$4	199	1	1	0	0	2990	2990
$1	199	2	1	0	1068	1.00	650	23.04.20	10:55	2	01	650	650	00	5905279799400	0	0	0	0	0	0	0	0
$4	199	2	2	0	0	650	650
$1	199	3	1	0	2053	1.00	2990	23.04.20	10:58	1	01	2990	2990	00	11020530	0	0	0	0	0	0	0	0
$1	199	3	2	0	2053	1.00	2990	23.04.20	10:59	1	01	2990	2990	00	11020530	0	0	0	0	0	0	0	0
$4	199	3	2	0	0	5980	5980
$1	199	4	1	0	4621	1.00	1690	23.04.20	11:01	1	01	1690	1690	00	10008171	0	0	0	0	0	0	0	0
$4	199	4	1	0	0	1690	1690
$1	199	5	1	0	1111	1.00	590	23.04.20	11:48	2	01	590	590	00	5906365702304	0	0	0	0	0	0	0	0
$4	199	5	1	0	0	590	590
$1	199	6	1	0	1706	1.00	2290	23.04.20	12:18	1	01	2290	2290	00	10003138	0	0	0	0	0	0	0	0
$4	199	6	2	0	0	2290	2290
$1	199	7	1	0	1455	1.00	1990	23.04.20	12:48	1	01	1990	1990	00	10003084	0	0	0	0	0	0	0	0
$4	199	7	2	0	0	1990	1990
$1	199	8	1	0	2024	1.00	1990	23.04.20	13:11	1	01	1990	2490	00	10020241	0	0	0	0	0	0	0	1
$1	199	8	2	0	2024	1.00	1990	23.04.20	13:11	1	01	1990	2490	00	10020241	0	0	0	0	0	0	0	1
$1	199	8	3	0	0297	1.00	2490	23.04.20	13:11	1	01	2490	2490	00	10004340	0	0	0	0	0	0	0	0
$4	199	8	2	0	0	6470	6470
$1	199	9	1	0	1054	1.00	550	23.04.20	13:58	4	01	550	550	00	5907752643873	0	0	0	0	0	0	0	0
$1	199	9	2	0	1014	1.00	550	23.04.20	13:58	2	01	550	550	00	5906365702526	0	0	0	0	0	0	0	0
$1	199	9	3	0	1191	1.00	550	23.04.20	13:58	2	01	550	550	00	5909990628490	0	0	0	0	0	0	0	0
$1	199	9	4	0	0973	2.00	980	23.04.20	13:58	2	01	980	980	00	5905279799448	0	0	0	0	0	0	0	0
$1	199	9	5	0	0976	1.00	1650	23.04.20	13:58	2	01	1650	1650	00	5009763	0	0	0	0	0	0	0	0
$4	199	9	2	0	0	4280	4280
$1	199	10	1	0	2350	2.00	1580	23.04.20	14:05	1	01	1580	1580	00	15023506	0	0	0	0	0	0	0	0
$1	199	10	2	0	3901	2.00	2180	23.04.20	14:05	1	01	2180	2180	00	28039013	0	0	0	0	0	0	0	0
$1	199	10	3	0	2350	1.00	790	23.04.20	14:05	1	01	790	790	00	15023506	0	0	0	0	0	0	0	0
$4	199	10	1	0	0	10000	10000
$4	199	10	1	0	1	5450	5450
$1	199	11	1	0	1503	1.00	2690	23.04.20	14:08	4	01	2690	2690	00	7015038	0	0	0	0	0	0	0	0
$4	199	11	2	0	0	2690	2690
$12	199	1	1	0	2052	1.00	12950	23.04.20	14:10	1	01	12950	12950	00	11020523	0	0	0	0	0	0	0	0
$12	199	1	2	0	1184	1.00	550	23.04.20	14:12	2	01	550	550	00	5909990628377	0	0	0	0	0	0	0	0
$1	199	12	1	0	4218	1.00	390	23.04.20	14:16	1	01	390	390	00	8691190802196	0	0	0	0	0	0	0	0
$4	199	12	2	0	0	390	390
$1	199	13	1	0	2024	1.00	1990	23.04.20	14:50	1	01	1990	2490	00	10020241	0	0	0	0	0	0	0	1
$1	199	13	2	0	0297	1.00	2490	23.04.20	14:50	1	01	2490	2490	00	10004340	0	0	0	0	0	0	0	0
$4	199	13	2	0	0	4480	4480
$1	199	14	1	0	2053	2.00	5980	23.04.20	15:08	1	01	5980	5980	00	11020530	0	0	0	0	0	0	0	0
$4	199	14	2	0	0	5980	5980
$1	199	15	1	0	1302	1.00	3150	23.04.20	15:09	1	01	3150	3150	00	6013028	0	0	0	0	0	0	0	0
$4	199	15	2	0	0	3150	3150
$1	199	16	1	0	1181	1.00	550	23.04.20	15:19	2	01	550	550	00	5909994310964	0	0	0	0	0	0	0	0
$1	199	16	2	0	1012	1.00	950	23.04.20	15:20	2	01	950	950	00	5909994310865	0	0	0	0	0	0	0	0
$1	199	16	3	0	1249	1.00	900	23.04.20	15:20	2	01	900	900	00	5909994310667	0	0	0	0	0	0	0	0
$1	199	16	4	0	1230	1.00	550	23.04.20	15:20	2	01	550	550	00	5909994310766	0	0	0	0	0	0	0	0
$1	199	16	5	0	1187	1.00	500	23.04.20	15:20	2	01	500	500	00	5909990628476	0	0	0	0	0	0	0	0
$1	199	16	6	0	0973	2.00	980	23.04.20	15:20	2	01	980	980	00	5009732	0	0	0	0	0	0	0	0
$1	199	16	7	0	1189	1.00	650	23.04.20	15:20	2	01	650	650	00	5909994310711	0	0	0	0	0	0	0	0
$1	199	16	8	0	1186	1.00	1250	23.04.20	15:20	2	01	1250	1250	00	5909994310810	0	0	0	0	0	0	0	0
$1	199	16	9	0	1212	1.00	690	23.04.20	15:20	2	01	690	690	00	5909994310629	0	0	0	0	0	0	0	0
$1	199	16	10	0	4647	1.00	3650	23.04.20	15:20	1	01	3650	3650	00	10008423	0	0	0	0	0	0	0	0
$1	199	16	11	0	4629	1.00	2790	23.04.20	15:22	1	01	2790	2790	00	10008256	0	0	0	0	0	0	0	0
$4	199	16	1	0	0	14000	14000
$4	199	16	1	0	1	540	540
$1	199	17	1	0	2053	6.00	17940	23.04.20	17:03	1	01	17940	17940	00	11020530	0	0	0	0	0	0	0	0
$1	199	17	2	0	0895	1.00	4400	23.04.20	17:04	1	01	4400	4400	00	4008958	0	0	0	0	0	0	0	0
$1	199	17	3	0	4662	1.00	4990	23.04.20	17:04	1	01	4990	4990	00	10008577	0	0	0	0	0	0	0	0
$1	199	17	4	0	4633	1.00	990	23.04.20	17:05	1	01	990	990	00	10008294	0	0	0	0	0	0	0	0
$1	199	17	5	0	4193	1.00	550	23.04.20	17:06	1	01	550	550	00	8691190643362	0	0	0	0	0	0	0	0
$4	199	17	2	0	0	28870	28870
$1	199	18	1	0	1190	1.00	455	23.04.20	17:28	2	01	455	650	00	5909990021864	0	0	0	0	0	0	0	1
$4	199	18	1	0	0	455	455
$14	01	23.04.21	09:35	4
$13	00	1	23.04.21	09:35	01	0	0	0	0	0	0	0	0	0	             
$1	200	1	1	0	4608	1.00	6900	23.04.21	10:11	1	01	6900	6900	00	10008041	0	0	0	0	0	0	0	0
$1	200	1	2	0	0570	1.00	690	23.04.21	10:11	1	01	690	690	00	2005706	0	0	0	0	0	0	0	0
$1	200	1	3	0	0554	1.00	690	23.04.21	10:11	1	01	690	690	00	2005546	0	0	0	0	0	0	0	0
$4	200	1	2	0	0	8280	8280
$1	200	2	1	0	0971	1.00	850	23.04.21	10:55	2	01	850	850	00	5009718	0	0	0	0	0	0	0	0
$4	200	2	2	0	0	850	850
$1	200	3	1	0	1183	2.00	1380	23.04.21	11:03	2	01	1380	1380	00	5909990628414	0	0	0	0	0	0	0	0
$4	200	3	1	0	0	2000	2000
$4	200	3	1	0	1	620	620
$1	200	4	1	0	1191	1.00	550	23.04.21	11:23	2	01	550	550	00	5909990628490	0	0	0	0	0	0	0	0
$4	200	4	1	0	0	1000	1000
$4	200	4	1	0	1	450	450
$1	200	5	1	0	1822	1.00	2650	23.04.21	12:08	1	01	2650	2650	00	8018229	0	0	0	0	0	0	0	0
$4	200	5	2	0	0	2650	2650
$1	200	6	1	0	1721	1.00	6350	23.04.21	12:36	1	01	6350	6350	00	5711914109622	0	0	0	0	0	0	0	0
$4	200	6	1	0	0	20000	20000
$4	200	6	1	0	1	13650	13650
$1	200	7	1	0	0031	1.000	10950	23.04.21	12:42	1	01	10950	10950	00		0	0	0	0	0	0	0	0
$4	200	7	1	0	0	12000	12000
$4	200	7	1	0	1	1050	1050
$1	200	8	1	0	4628	1.00	1790	23.04.21	12:48	1	01	1790	1790	00	10008249	0	0	0	0	0	0	0	0
$1	200	8	2	0	1821	1.00	2190	23.04.21	12:48	1	01	2190	2190	00	5701278288149	0	0	0	0	0	0	0	0
$1	200	8	3	0	1821	1.00	2190	23.04.21	12:48	1	01	2190	2190	00	5701278288149	0	0	0	0	0	0	0	0
$4	200	8	2	0	0	6170	6170
$1	200	9	1	0	2666	1.00	2550	23.04.21	13:04	2	01	2550	2550	00	17026666	0	0	0	0	0	0	0	0
$4	200	9	1	0	0	2550	2550
$1	200	10	1	0	2053	1.00	2990	23.04.21	13:53	1	01	2990	2990	00	11020530	0	0	0	0	0	0	0	0
$1	200	10	2	0	2050	1.00	2990	23.04.21	13:53	1	01	2990	2990	00	11020509	0	0	0	0	0	0	0	0
$4	200	10	1	0	0	7000	7000
$4	200	10	1	0	1	1020	1020
$1	200	11	1	0	4629	1.00	2790	23.04.21	14:15	1	01	2790	2790	00	10008256	0	0	0	0	0	0	0	0
$1	200	11	2	0	2053	1.00	2990	23.04.21	14:16	1	01	2990	2990	00	11020530	0	0	0	0	0	0	0	0
$1	200	11	3	0	1012	1.00	950	23.04.21	14:18	2	01	950	950	00	5909994310865	0	0	0	0	0	0	0	0
$4	200	11	2	0	0	6730	6730
$1	200	12	1	0	0459	1.00	1345	23.04.21	15:04	1	01	1345	2690	00	5907502687201	0	0	0	0	0	0	0	1
$1	200	12	2	0	0602	1.00	1495	23.04.21	15:06	1	01	1495	2990	00	5902249010978	0	0	0	0	0	0	0	1
$4	200	12	1	0	0	2840	2840
$1	200	13	1	0	2053	1.00	2990	23.04.21	15:24	1	01	2990	2990	00	11020530	0	0	0	0	0	0	0	0
$4	200	13	2	0	0	2990	2990
$1	200	14	1	0	4183	1.00	550	23.04.21	16:16	1	01	550	550	00	8691190643058	0	0	0	0	0	0	0	0
$4	200	14	1	0	0	1000	1000
$4	200	14	1	0	1	450	450
$1	200	15	1	0	2053	1.00	2990	23.04.21	16:24	1	01	2990	2990	00	11020530	0	0	0	0	0	0	0	0
$4	200	15	1	0	0	2990	2990
$1	200	16	1	0	2503	1.00	1350	23.04.21	16:29	1	01	1350	1350	00	10003930	0	0	0	0	0	0	0	0
$1	200	16	2	0	2350	3.00	2370	23.04.21	16:29	1	01	2370	2370	00	15023506	0	0	0	0	0	0	0	0
$1	200	16	3	0	4626	1.00	1790	23.04.21	16:31	1	01	1790	1790	00	10008225	0	0	0	0	0	0	0	0
$1	200	16	4	0	4623	1.00	990	23.04.21	16:33	1	01	990	990	00	5903919640358	0	0	0	0	0	0	0	0
$4	200	16	1	0	0	10000	10000
$4	200	16	1	0	1	3500	3500
$1	200	17	1	0	0727	1.00	8650	23.04.21	16:43	1	01	8650	8650	00	3007273	0	0	0	0	0	0	0	0
$1	200	17	2	0	4628	1.00	1790	23.04.21	16:43	1	01	1790	1790	00	10008249	0	0	0	0	0	0	0	0
$4	200	17	2	0	0	10440	10440
$14	01	23.04.22	09:46	4
$13	00	1	23.04.22	09:46	01	0	0	0	0	0	0	0	0	0	             
$1	201	1	1	0	1097	1.00	550	23.04.22	10:08	2	01	550	550	00	5909994310568	0	0	0	0	0	0	0	0
$4	201	1	1	0	0	550	550
$1	201	2	1	0	2053	1.00	2990	23.04.22	10:39	1	01	2990	2990	00	11020530	0	0	0	0	0	0	0	0
$1	201	2	2	0	4226	1.00	1290	23.04.22	10:42	1	01	1290	1290	00	8691190864156	0	0	0	0	0	0	0	0
$4	201	2	2	0	0	4280	4280
$1	201	3	1	0	3901	1.00	1090	23.04.22	10:48	1	01	1090	1090	00	28039013	0	0	0	0	0	0	0	0
$1	201	3	2	0	3901	1.00	1090	23.04.22	10:49	1	01	1090	1090	00	28039013	0	0	0	0	0	0	0	0
$1	201	3	3	0	3901	1.00	1090	23.04.22	10:49	1	01	1090	1090	00	28039013	0	0	0	0	0	0	0	0
$4	201	3	2	0	0	3270	3270
$1	201	4	1	0	0470	1.00	4400	23.04.22	11:02	1	01	4400	4400	00	5907502687263	0	0	0	0	0	0	0	0
$4	201	4	1	0	0	5000	5000
$4	201	4	1	0	1	600	600
$1	201	5	1	0	3243	1.00	2990	23.04.22	11:11	1	01	2990	2990	00	10002766	0	0	0	0	0	0	0	0
$1	201	5	2	0	3240	1.00	3190	23.04.22	11:11	1	01	3190	3190	00	10002742	0	0	0	0	0	0	0	0
$1	201	5	3	0	2447	1.00	3290	23.04.22	11:11	1	01	3290	3290	00	2024479	0	0	0	0	0	0	0	0
$1	201	5	4	0	1881	1.00	5290	23.04.22	11:13	1	01	5290	5290	00	8018816	0	0	0	0	0	0	0	0
$4	201	5	2	0	0	14760	14760
$1	201	6	1	0	2050	1.00	2990	23.04.22	11:18	1	01	2990	2990	00	11020509	0	0	0	0	0	0	0	0
$4	201	6	2	0	0	2990	2990
$1	201	7	1	0	3947	1.00	1550	23.04.22	11:51	1	01	1550	1550	00	8691190967338	0	0	0	0	0	0	0	0
$1	201	7	2	0	0727	1.00	8650	23.04.22	11:51	1	01	8650	8650	00	3007273	0	0	0	0	0	0	0	0
$1	201	7	3	0	4630	1.00	2790	23.04.22	11:51	1	01	2790	2790	00	10008263	0	0	0	0	0	0	0	0
$1	201	7	4	0	2024	1.00	2490	23.04.22	11:51	1	01	2490	2490	00	10020241	0	0	0	0	0	0	0	0
$4	201	7	2	0	0	15480	15480
$1	201	8	1	0	2053	1.00	2990	23.04.22	12:03	1	01	2990	2990	00	11020530	0	0	0	0	0	0	0	0
$4	201	8	1	0	0	3000	3000
$4	201	8	1	0	1	010	010
$1	201	9	1	0	4614	1.00	1850	23.04.22	12:04	2	01	1850	1850	00	10008102	0	0	0	0	0	0	0	0
$1	201	9	2	0	1903	1.00	1750	23.04.22	12:04	1	01	1750	1750	00	10007419	0	0	0	0	0	0	0	0
$4	201	9	1	0	0	4000	4000
$4	201	9	1	0	1	400	400
$1	201	10	1	0	3528	1.00	4850	23.04.22	12:06	1	01	4850	4850	00	10002780	0	0	0	0	0	0	0	0
$1	201	10	2	0	2053	1.00	2990	23.04.22	12:07	1	01	2990	2990	00	11020530	0	0	0	0	0	0	0	0
$1	201	10	3	0	3167	1.00	5950	23.04.22	12:11	1	01	5950	5950	00	5711914150242	0	0	0	0	0	0	0	0
$4	201	10	2	0	0	13790	13790
$1	201	11	1	0	2053	1.00	2990	23.04.22	12:12	1	01	2990	2990	00	11020530	0	0	0	0	0	0	0	0
$1	201	11	2	0	0457	1.00	1400	23.04.22	12:12	1	01	1400	1400	00	5907502687065	0	0	0	0	0	0	0	0
$1	201	11	3	0	4590	1.00	8990	23.04.22	12:12	1	01	8990	8990	00	10002834	0	0	0	0	0	0	0	0
$1	201	11	4	0	2024	1.00	2490	23.04.22	12:13	1	01	2490	2490	00	10020241	0	0	0	0	0	0	0	0
$4	201	11	2	0	0	15870	15870
$1	201	12	1	0	2704	1.00	1990	23.04.22	12:14	2	01	1990	1990	00	17027045	0	0	0	0	0	0	0	0
$1	201	12	2	0	4314	1.00	590	23.04.22	12:14	2	01	590	590	00	5902741003478	0	0	0	0	0	0	0	0
$4	201	12	1	0	0	5000	5000
$4	201	12	1	0	1	2420	2420
$12	201	1	1	0	1574	1.00	550	23.04.22	12:15	4	01	550	550	00	5906660817215	0	0	0	0	0	0	0	0
$1	201	13	1	0	1237	1.00	1190	23.04.22	12:42	4	01	1190	1190	00	5012374	0	0	0	0	0	0	0	0
$1	201	13	2	0	1178	1.00	550	23.04.22	12:44	2	01	550	550	00	5909990628360	0	0	0	0	0	0	0	0
$4	201	13	2	0	0	1740	1740
$1	201	14	1	0	2350	1.00	790	23.04.22	12:48	1	01	790	790	00	15023506	0	0	0	0	0	0	0	0
$4	201	14	2	0	0	790	790
$1	201	15	1	0	2053	1.00	2700	23.04.22	13:06	1	01	2700	2990	00	11020530	0	0	0	0	0	0	0	1
$4	201	15	2	0	0	2700	2700
$14	01	23.04.24	09:41	4
$13	00	1	23.04.24	09:41	01	0	0	0	0	0	0	0	0	0	             
$1	202	1	1	0	4362	1.00	3250	23.04.24	11:43	2	01	3250	3250	00	10004845	0	0	0	0	0	0	0	0
$1	202	1	2	0	2545	1.00	2750	23.04.24	11:44	2	01	2750	2750	00	17025454	0	0	0	0	0	0	0	0
$4	202	1	1	0	0	10000	10000
$4	202	1	1	0	1	4000	4000
$1	202	2	1	0	1119	3.00	1770	23.04.24	12:28	2	01	1770	1770	00	5906365702892	0	0	0	0	0	0	0	0
$4	202	2	2	0	0	1770	1770
$1	202	3	1	0	2350	3.00	2370	23.04.24	13:34	1	01	2370	2370	00	15023506	0	0	0	0	0	0	0	0
$1	202	3	2	0	2350	1.00	790	23.04.24	13:34	1	01	790	790	00	15023506	0	0	0	0	0	0	0	0
$4	202	3	2	0	0	3160	3160
$1	202	4	1	0	0975	1.00	750	23.04.24	14:42	2	01	750	750	00	5905279799035	0	0	0	0	0	0	0	0
$4	202	4	1	0	0	1000	1000
$4	202	4	1	0	1	250	250
$1	202	5	1	0	2053	1.00	2990	23.04.24	14:52	1	01	2990	2990	00	11020530	0	0	0	0	0	0	0	0
$4	202	5	1	0	0	3000	3000
$4	202	5	1	0	1	010	010
$1	202	6	1	0	1191	4.00	2200	23.04.24	16:27	2	01	2200	2200	00	5909990628490	0	0	0	0	0	0	0	0
$4	202	6	1	0	0	3000	3000
$4	202	6	1	0	1	800	800
$10	202	7	1	0	1444	1.00	1490	23.04.24	16:38	1	01	1490	1490	00	10002971	0	0	0	0	0	0	0	0
$1	202	7	1	0	1442	1.00	2390	23.04.24	16:39	1	01	2390	2390	00	5907688710489	0	0	0	0	0	0	0	0
$4	202	7	1	0	0	5000	5000
$4	202	7	1	0	1	2610	2610
$14	01	23.04.25	09:40	4
$13	00	1	23.04.25	09:40	01	0	0	0	0	0	0	0	0	0	             
$1	203	1	1	0	2350	1.00	790	23.04.25	10:02	1	01	790	790	00	15023506	0	0	0	0	0	0	0	0
$1	203	1	2	0	1713	1.00	2990	23.04.25	10:03	1	01	2990	2990	00	5907688710588	0	0	0	0	0	0	0	0
$4	203	1	1	0	0	5000	5000
$4	203	1	1	0	1	1220	1220
$12	203	1	1	0	0663	1.00	3600	23.04.25	10:38	1	01	3600	3600	00	5902249014945	0	0	0	0	0	0	0	0
$12	203	1	2	0	1097	1.00	550	23.04.25	10:41	2	01	550	550	00	5909994310568	0	0	0	0	0	0	0	0
$1	203	2	1	0	3901	2.00	2180	23.04.25	10:57	1	01	2180	2180	00	28039013	0	0	0	0	0	0	0	0
$1	203	2	2	0	2350	1.00	790	23.04.25	10:57	1	01	790	790	00	15023506	0	0	0	0	0	0	0	0
$4	203	2	2	0	0	2970	2970
$1	203	3	1	0	1887	1.00	550	23.04.25	11:32	4	01	550	550	00	5905279799721	0	0	0	0	0	0	0	0
$4	203	3	2	0	0	550	550
$1	203	4	1	0	4604	1.00	2850	23.04.25	11:57	1	01	2850	2850	00	10008003	0	0	0	0	0	0	0	0
$4	203	4	2	0	0	2850	2850
$1	203	5	1	0	2053	1.00	2990	23.04.25	12:01	1	01	2990	2990	00	11020530	0	0	0	0	0	0	0	0
$4	203	5	2	0	0	2990	2990
$1	203	6	1	0	2478	1.00	1750	23.04.25	12:11	2	01	1750	1750	00	10003633	0	0	0	0	0	0	0	0
$4	203	6	1	0	0	1750	1750
$1	203	7	1	0	0031	1.000	2500	23.04.25	12:23	1	01	2500	2500	00		0	0	0	0	0	0	0	0
$4	203	7	2	0	0	2500	2500
$1	203	8	1	0	0772	1.00	6690	23.04.25	12:41	1	01	6690	6690	00	3007723	0	0	0	0	0	0	0	0
$1	203	8	2	0	0359	1.00	990	23.04.25	12:42	1	01	990	990	00	5905279370104	0	0	0	0	0	0	0	0
$4	203	8	1	0	0	10000	10000
$4	203	8	1	0	1	2320	2320
$1	203	9	1	0	3355	1.00	4650	23.04.25	12:44	1	01	4650	4650	00	8033550	0	0	0	0	0	0	0	0
$4	203	9	1	0	0	5000	5000
$4	203	9	1	0	1	350	350
$1	203	10	1	0	4657	1.00	3350	23.04.25	12:58	1	01	3350	3350	00	10008522	0	0	0	0	0	0	0	0
$1	203	10	2	0	1908	1.00	1750	23.04.25	12:58	1	01	1750	1750	00	10007372	0	0	0	0	0	0	0	0
$1	203	10	3	0	1534	1.00	1250	23.04.25	12:59	1	01	1250	1250	00	7015342	0	0	0	0	0	0	0	0
$4	203	10	2	0	0	6350	6350
$1	203	11	1	0	1219	1.00	700	23.04.25	13:21	2	01	700	700	00	5909994310414	0	0	0	0	0	0	0	0
$4	203	11	1	0	0	2000	2000
$4	203	11	1	0	1	1300	1300
$1	203	12	1	0	0031	1.000	2500	23.04.25	16:03	1	01	2500	2500	00		0	0	0	0	0	0	0	0
$4	203	12	2	0	0	2500	2500
$1	203	13	1	0	3159	1.00	3190	23.04.25	17:09	1	01	3190	3190	00	8031594	0	0	0	0	0	0	0	0
$1	203	13	2	0	4661	1.00	15650	23.04.25	17:09	1	01	15650	15650	00	10008560	0	0	0	0	0	0	0	0
$4	203	13	1	0	0	18840	18840
$1	203	14	1	0	0031	1.000	2600	23.04.25	17:27	1	01	2600	2600	00		0	0	0	0	0	0	0	0
$4	203	14	2	0	0	2600	2600
$14	01	23.04.26	09:36	4
$13	00	1	23.04.26	09:36	01	0	0	0	0	0	0	0	0	0	             
$1	204	1	1	0	2933	1.00	6790	23.04.26	11:15	1	01	6790	6790	00	10003435	0	0	0	0	0	0	0	0
$1	204	1	2	0	2936	1.00	3650	23.04.26	11:15	1	01	3650	3650	00	10003107	0	0	0	0	0	0	0	0
$1	204	1	3	0	1437	1.00	2990	23.04.26	11:15	1	01	2990	2990	00	5907688710243	0	0	0	0	0	0	0	0
$1	204	1	4	0	4541	1.00	4100	23.04.26	11:15	1	01	4100	4100	00	35027416	0	0	0	0	0	0	0	0
$1	204	1	5	0	1589	1.00	1590	23.04.26	11:16	1	01	1590	1590	00	7015892	0	0	0	0	0	0	0	0
$1	204	1	6	0	0066	1.000	1190	23.04.26	11:16	1	01	1190	1190	00		0	0	0	0	0	0	0	0
$4	204	1	2	0	0	20310	20310
$1	204	2	1	0	0048	1.000	2990	23.04.26	11:47	1	01	2990	2990	00		0	0	0	0	0	0	0	0
$4	204	2	2	0	0	2990	2990
$1	204	3	1	0	0702	1.00	2350	23.04.26	12:30	1	01	2350	2350	00	3007020	0	0	0	0	0	0	0	0
$4	204	3	2	0	0	2350	2350
$1	204	4	1	0	3355	1.00	4650	23.04.26	12:42	1	01	4650	4650	00	8033550	0	0	0	0	0	0	0	0
$4	204	4	2	0	0	4650	4650
$1	204	5	1	0	1097	1.00	550	23.04.26	13:59	2	01	550	550	00	5909994310568	0	0	0	0	0	0	0	0
$4	204	5	1	0	0	550	550
$1	204	6	1	0	0016	1.000	3850	23.04.26	14:04	1	01	3850	3850	00		0	0	0	0	0	0	0	0
$1	204	6	2	0	0016	1.000	3150	23.04.26	14:04	1	01	3150	3150	00	10005934	0	0	0	0	0	0	0	0
$1	204	6	3	0	3900	1.00	4250	23.04.26	14:04	1	01	4250	4250	00	28039006	0	0	0	0	0	0	0	0
$1	204	6	4	0	4571	1.00	790	23.04.26	14:05	2	01	790	790	00	22293	0	0	0	0	0	0	0	0
$1	204	6	5	0	2483	1.00	550	23.04.26	14:05	2	01	550	550	00	20024833	0	0	0	0	0	0	0	0
$1	204	6	6	0	3901	3.00	3270	23.04.26	14:05	1	01	3270	3270	00	28039013	0	0	0	0	0	0	0	0
$4	204	6	1	0	0	15860	15860
$1	204	7	1	0	1216	1.00	467	23.04.26	14:59	2	01	467	550	00	5909990668458	0	0	0	0	0	0	0	1
$4	204	7	1	0	0	467	467
$1	204	8	1	0	1068	2.00	1300	23.04.26	15:00	2	01	1300	1300	00	5905279799400	0	0	0	0	0	0	0	0
$4	204	8	1	0	0	2000	2000
$4	204	8	1	0	1	700	700
$1	204	9	1	0	1887	1.00	550	23.04.26	15:08	4	01	550	550	00	5905279799721	0	0	0	0	0	0	0	0
$1	204	9	2	0	1215	1.00	690	23.04.26	15:09	2	01	690	690	00	5909994311213	0	0	0	0	0	0	0	0
$4	204	9	1	0	0	2000	2000
$4	204	9	1	0	1	760	760
$1	204	10	1	0	0534	1.00	2690	23.04.26	15:10	1	01	2690	2690	00	5902249010053	0	0	0	0	0	0	0	0
$1	204	10	2	0	0549	1.00	2700	23.04.26	15:10	1	01	2700	2700	00	5902249010350	0	0	0	0	0	0	0	0
$1	204	10	3	0	0544	1.00	1400	23.04.26	15:11	1	01	1400	1400	00	5902249011159	0	0	0	0	0	0	0	0
$1	204	10	4	0	2053	1.00	2990	23.04.26	15:11	1	01	2990	2990	00	11020530	0	0	0	0	0	0	0	0
$4	204	10	2	0	0	9780	9780
$1	204	11	1	0	4130	1.00	5890	23.04.26	15:32	1	01	5890	5890	00	10000830	0	0	0	0	0	0	0	0
$4	204	11	1	0	0	5890	5890
$1	204	12	1	0	4185	1.00	550	23.04.26	15:35	1	01	550	550	00	8691190643133	0	0	0	0	0	0	0	0
$1	204	12	2	0	4182	1.00	550	23.04.26	15:35	1	01	550	550	00	8691190643041	0	0	0	0	0	0	0	0
$4	204	12	2	0	0	1100	1100
$1	204	13	1	0	2350	3.00	2370	23.04.26	15:46	1	01	2370	2370	00	15023506	0	0	0	0	0	0	0	0
$4	204	13	2	0	0	2370	2370
$1	204	14	1	0	0041	1.000	590	23.04.26	16:45	1	01	590	590	00		0	0	0	0	0	0	0	0
$4	204	14	2	0	0	590	590
$14	01	23.04.27	09:36	4
$13	00	1	23.04.27	09:36	01	0	0	0	0	0	0	0	0	0	             
$1	205	1	1	0	2273	1.00	3325	23.04.27	09:49	1	01	3325	4750	00	5907502687058	0	0	0	0	0	0	0	1
$4	205	1	2	0	0	3325	3325
$1	205	2	1	0	0461	1.00	2800	23.04.27	09:53	1	01	2800	2800	00	5907502687232	0	0	0	0	0	0	0	0
$4	205	2	2	0	0	2800	2800
$1	205	3	1	0	2328	1.00	900	23.04.27	10:27	2	01	900	900	00	20023287	0	0	0	0	0	0	0	0
$4	205	3	1	0	0	5000	5000
$4	205	3	1	0	1	4100	4100
$1	205	4	1	0	0486	2.00	4180	23.04.27	11:15	1	01	4180	4180	00	5902249010688	0	0	0	0	0	0	0	0
$1	205	4	2	0	1149	1.00	550	23.04.27	11:16	2	01	550	550	00	5909994311961	0	0	0	0	0	0	0	0
$1	205	4	3	0	1249	1.00	900	23.04.27	11:16	2	01	900	900	00	5909994310667	0	0	0	0	0	0	0	0
$1	205	4	4	0	1178	1.00	550	23.04.27	11:16	2	01	550	550	00	5909990628360	0	0	0	0	0	0	0	0
$1	205	4	5	0	1174	1.00	490	23.04.27	11:16	2	01	490	490	00	5909990628346	0	0	0	0	0	0	0	0
$1	205	4	6	0	1174	1.00	490	23.04.27	11:16	2	01	490	490	00	5909990628346	0	0	0	0	0	0	0	0
$1	205	4	7	0	1175	1.00	850	23.04.27	11:16	2	01	850	850	00	5909994308626	0	0	0	0	0	0	0	0
$1	205	4	8	0	1054	1.00	550	23.04.27	11:16	4	01	550	550	00	5907752643873	0	0	0	0	0	0	0	0
$4	205	4	1	0	0	10000	10000
$4	205	4	1	0	1	1440	1440
$1	205	5	1	0	4150	1.00	5890	23.04.27	12:06	1	01	5890	5890	00	10006825	0	0	0	0	0	0	0	0
$1	205	5	2	0	4521	1.00	4290	23.04.27	12:06	1	01	4290	4290	00	10006887	0	0	0	0	0	0	0	0
$1	205	5	3	0	3268	1.00	2490	23.04.27	12:06	1	01	2490	2490	00	10000434	0	0	0	0	0	0	0	0
$1	205	5	4	0	0225	1.000	300	23.04.27	12:07	1	01	300	300	00		0	0	0	0	0	0	0	0
$4	205	5	2	0	0	12970	12970
$1	205	6	1	0	1812	1.00	3890	23.04.27	12:22	1	01	3890	3890	00	8018120	0	0	0	0	0	0	0	0
$1	205	6	2	0	1594	1.00	1590	23.04.27	12:22	1	01	1590	1590	00	7015946	0	0	0	0	0	0	0	0
$1	205	6	3	0	1085	1.00	690	23.04.27	12:23	2	01	690	690	00	5906365702779	0	0	0	0	0	0	0	0
$1	205	6	4	0	0225	1.000	300	23.04.27	12:23	1	01	300	300	00		0	0	0	0	0	0	0	0
$4	205	6	2	0	0	6470	6470
$1	205	7	1	0	1035	1.00	590	23.04.27	12:34	2	01	590	590	00	5909994310124	0	0	0	0	0	0	0	0
$1	205	7	2	0	1014	1.00	550	23.04.27	12:34	2	01	550	550	00	5906365702526	0	0	0	0	0	0	0	0
$4	205	7	1	0	0	10000	10000
$4	205	7	1	0	1	8860	8860
$1	205	8	1	0	0346	1.00	2290	23.04.27	12:37	1	01	2290	2290	00	5900168900363	0	0	0	0	0	0	0	0
$1	205	8	2	0	2345	1.00	2350	23.04.27	12:37	1	01	2350	2350	00	10004951	0	0	0	0	0	0	0	0
$4	205	8	2	0	0	4640	4640
$1	205	9	1	0	3901	1.00	1090	23.04.27	12:40	1	01	1090	1090	00	28039013	0	0	0	0	0	0	0	0
$1	205	9	2	0	1122	1.00	1190	23.04.27	12:40	4	01	1190	1190	00	5011223	0	0	0	0	0	0	0	0
$1	205	9	3	0	1574	1.00	550	23.04.27	12:40	4	01	550	550	00	5906660817215	0	0	0	0	0	0	0	0
$1	205	9	4	0	0540	1.00	2700	23.04.27	12:42	1	01	2700	2700	00	5902249010091	0	0	0	0	0	0	0	0
$4	205	9	2	0	0	5530	5530
$1	205	10	1	0	1151	1.00	550	23.04.27	13:09	2	01	550	550	00	5909990468126	0	0	0	0	0	0	0	0
$1	205	10	2	0	1191	1.00	550	23.04.27	13:09	2	01	550	550	00	5909990628490	0	0	0	0	0	0	0	0
$1	205	10	3	0	1181	1.00	550	23.04.27	13:09	2	01	550	550	00	5909994310964	0	0	0	0	0	0	0	0
$1	205	10	4	0	1232	1.00	490	23.04.27	13:09	2	01	490	490	00	5909990219520	0	0	0	0	0	0	0	0
$1	205	10	5	0	1230	2.00	1100	23.04.27	13:09	2	01	1100	1100	00	5909994310766	0	0	0	0	0	0	0	0
$4	205	10	1	0	0	5000	5000
$4	205	10	1	0	1	1760	1760
$1	205	11	1	0	1231	1.00	550	23.04.27	13:15	2	01	550	550	00	5909994310469	0	0	0	0	0	0	0	0
$1	205	11	2	0	0954	1.00	590	23.04.27	13:15	2	01	590	590	00	5905279799394	0	0	0	0	0	0	0	0
$4	205	11	2	0	0	1140	1140
$1	205	12	1	0	2278	1.00	8000	23.04.27	14:34	1	01	8000	8000	00	5902249014853	0	0	0	0	0	0	0	0
$1	205	12	2	0	0355	1.00	2590	23.04.27	14:34	1	01	2590	2590	00	1003550	0	0	0	0	0	0	0	0
$1	205	12	3	0	4621	1.00	1690	23.04.27	14:34	1	01	1690	1690	00	10008171	0	0	0	0	0	0	0	0
$1	205	12	4	0	0297	1.00	2490	23.04.27	14:34	1	01	2490	2490	00	10004340	0	0	0	0	0	0	0	0
$1	205	12	5	0	2024	1.00	1990	23.04.27	14:34	1	01	1990	2490	00	10020241	0	0	0	0	0	0	0	1
$4	205	12	2	0	0	16760	16760
$1	205	13	1	0	0679	1.00	5550	23.04.27	14:52	1	01	5550	5550	00	10002230	0	0	0	0	0	0	0	0
$4	205	13	1	0	0	6000	6000
$4	205	13	1	0	1	450	450
$1	205	14	1	0	2596	1.00	1350	23.04.27	16:07	1	01	1350	1350	00	5907078675183	0	0	0	0	0	0	0	0
$4	205	14	1	0	0	1350	1350
$14	01	23.04.28	09:53	4
$13	00	1	23.04.28	09:53	01	0	0	0	0	0	0	0	0	0	             
$1	206	1	1	0	0963	1.00	2450	23.04.28	09:57	2	01	2450	2450	00	5009633	0	0	0	0	0	0	0	0
$4	206	1	2	0	0	2450	2450
$1	206	2	1	0	4662	1.00	4990	23.04.28	10:05	1	01	4990	4990	00	10008577	0	0	0	0	0	0	0	0
$1	206	2	2	0	0492	1.00	3400	23.04.28	10:05	1	01	3400	3400	00	5902249011449	0	0	0	0	0	0	0	0
$1	206	2	3	0	4149	1.00	4850	23.04.28	10:05	1	01	4850	4850	00	10006948	0	0	0	0	0	0	0	0
$1	206	2	4	0	2053	1.00	2990	23.04.28	10:05	1	01	2990	2990	00	11020530	0	0	0	0	0	0	0	0
$1	206	2	5	0	0608	1.00	850	23.04.28	10:07	1	01	850	850	00	2006086	0	0	0	0	0	0	0	0
$4	206	2	1	0	0	20000	20000
$4	206	2	1	0	1	2920	2920
$1	206	3	1	0	4602	1.00	2850	23.04.28	10:33	1	01	2850	2850	00	10007983	0	0	0	0	0	0	0	0
$1	206	3	2	0	4154	1.00	2650	23.04.28	10:34	1	01	2650	2650	00	10000878	0	0	0	0	0	0	0	0
$4	206	3	2	0	0	5500	5500
$1	206	4	1	0	1574	6.00	3300	23.04.28	10:52	4	01	3300	3300	00	5906660817215	0	0	0	0	0	0	0	0
$4	206	4	2	0	0	3300	3300
$1	206	5	1	0	2702	1.00	1650	23.04.28	11:31	4	01	1650	1650	00	17027021	0	0	0	0	0	0	0	0
$1	206	5	2	0	2479	1.00	1650	23.04.28	11:31	2	01	1650	1650	00	10003657	0	0	0	0	0	0	0	0
$1	206	5	3	0	3051	1.00	1050	23.04.28	11:31	4	01	1050	1050	00	10004043	0	0	0	0	0	0	0	0
$1	206	5	4	0	1603	1.00	850	23.04.28	11:31	1	01	850	850	00	7016035	0	0	0	0	0	0	0	0
$1	206	5	5	0	1606	1.00	890	23.04.28	11:31	1	01	890	890	00	7016066	0	0	0	0	0	0	0	0
$1	206	5	6	0	1534	1.00	1250	23.04.28	11:31	1	01	1250	1250	00	7015342	0	0	0	0	0	0	0	0
$1	206	5	7	0	1574	2.00	1100	23.04.28	11:31	4	01	1100	1100	00	5906660817215	0	0	0	0	0	0	0	0
$1	206	5	8	0	3111	1.00	2190	23.04.28	11:31	2	01	2190	2190	00	20031114	0	0	0	0	0	0	0	0
$1	206	5	9	0	2711	1.00	1890	23.04.28	11:32	2	01	1890	1890	00	17027113	0	0	0	0	0	0	0	0
$1	206	5	10	0	0225	1.000	300	23.04.28	11:32	1	01	300	300	00		0	0	0	0	0	0	0	0
$4	206	5	1	0	0	20000	20000
$4	206	5	1	0	1	7180	7180
$1	206	6	1	0	3779	1.00	1150	23.04.28	11:42	1	01	1150	1150	00	19422	0	0	0	0	0	0	0	0
$4	206	6	2	0	0	1150	1150
$1	206	7	1	0	0093	1.000	4100	23.04.28	11:55	3	01	4100	4100	00		0	0	0	0	0	0	0	0
$1	206	7	2	0	0843	1.00	800	23.04.28	11:55	2	01	800	800	00	10003589	0	0	0	0	0	0	0	0
$1	206	7	3	0	1179	1.00	750	23.04.28	11:55	2	01	750	750	00	5909994309524	0	0	0	0	0	0	0	0
$1	206	7	4	0	1107	1.00	550	23.04.28	11:55	2	01	550	550	00	5909994311466	0	0	0	0	0	0	0	0
$4	206	7	1	0	0	6200	6200
$1	206	8	1	0	1181	2.00	1100	23.04.28	12:47	2	01	1100	1100	00	5909994310964	0	0	0	0	0	0	0	0
$4	206	8	2	0	0	1100	1100
$1	206	9	1	0	4362	1.00	3250	23.04.28	13:04	2	01	3250	3250	00	10004845	0	0	0	0	0	0	0	0
$4	206	9	2	0	0	3250	3250
$1	206	10	1	0	2711	1.00	1890	23.04.28	13:35	2	01	1890	1890	00	17027113	0	0	0	0	0	0	0	0
$1	206	10	2	0	2711	1.00	1890	23.04.28	13:35	2	01	1890	1890	00	17027113	0	0	0	0	0	0	0	0
$4	206	10	1	0	0	5000	5000
$4	206	10	1	0	1	1220	1220
$1	206	11	1	0	4534	1.00	5950	23.04.28	14:51	1	01	5950	5950	00	10007105	0	0	0	0	0	0	0	0
$1	206	11	2	0	4541	1.00	4100	23.04.28	14:51	1	01	4100	4100	00	35027416	0	0	0	0	0	0	0	0
$1	206	11	3	0	2936	1.00	3650	23.04.28	14:51	1	01	3650	3650	00	10003107	0	0	0	0	0	0	0	0
$1	206	11	4	0	2933	1.00	6790	23.04.28	14:52	1	01	6790	6790	00	5907688710854	0	0	0	0	0	0	0	0
$1	206	11	5	0	0066	1.000	1190	23.04.28	14:52	1	01	1190	1190	00		0	0	0	0	0	0	0	0
$4	206	11	2	0	0	21680	21680
$12	206	1	1	0	2053	1.00	2990	23.04.28	15:49	1	01	2990	2990	00	11020530	0	0	0	0	0	0	0	0
$12	206	1	2	0	2055	1.00	6950	23.04.28	15:49	1	01	6950	6950	00	11020554	0	0	0	0	0	0	0	0
$1	206	12	1	0	2053	1.00	2990	23.04.28	15:50	1	01	2990	2990	00	11020530	0	0	0	0	0	0	0	0
$4	206	12	2	0	0	2990	2990
$1	206	13	1	0	0195	1.000	390	23.04.28	15:52	1	01	390	390	00		0	0	0	0	0	0	0	0
$4	206	13	2	0	0	390	390
$1	206	14	1	0	4232	1.00	1290	23.04.28	17:02	1	01	1290	1290	00	18128	0	0	0	0	0	0	0	0
$4	206	14	2	0	0	1290	1290
$1	206	15	1	0	3785	1.00	1190	23.04.28	17:13	1	01	1190	1190	00	2660	0	0	0	0	0	0	0	0
$4	206	15	2	0	0	1190	1190
$14	01	23.04.29	09:23	4
$13	00	1	23.04.29	09:23	01	0	0	0	0	0	0	0	0	0	             
$1	207	1	1	0	4613	1.00	3750	23.04.29	10:11	1	01	3750	3750	00	10008096	0	0	0	0	0	0	0	0
$4	207	1	2	0	0	3750	3750
$1	207	2	1	0	0557	1.00	2800	23.04.29	10:43	1	01	2800	2800	00	5902249010411	0	0	0	0	0	0	0	0
$4	207	2	1	0	0	2800	2800
$1	207	3	1	0	1055	1.00	990	23.04.29	11:23	4	01	990	990	00	5010554	0	0	0	0	0	0	0	0
$4	207	3	1	0	0	990	990
$1	207	4	1	0	4531	1.00	5190	23.04.29	11:37	1	01	5190	5190	00	10007075	0	0	0	0	0	0	0	0
$4	207	4	2	0	0	5190	5190
$1	207	5	1	0	0297	1.00	2490	23.04.29	12:18	1	01	2490	2490	00	10004340	0	0	0	0	0	0	0	0
$1	207	5	2	0	2024	1.00	1990	23.04.29	12:18	1	01	1990	2490	00	10020241	0	0	0	0	0	0	0	1
$4	207	5	1	0	0	4480	4480
$1	207	6	1	0	2826	1.00	11950	23.04.29	13:14	1	01	11950	11950	00	18028263	0	0	0	0	0	0	0	0
$1	207	6	2	0	2828	1.00	14690	23.04.29	13:15	1	01	14690	14690	00	10004371	0	0	0	0	0	0	0	0
$1	207	6	3	0	2870	1.00	4890	23.04.29	13:15	1	01	4890	4890	00	18028706	0	0	0	0	0	0	0	0
$4	207	6	2	0	0	31530	31530
$1	207	7	1	0	0953	1.00	413	23.04.29	13:18	2	01	413	590	00	5009534	0	0	0	0	0	0	0	1
$1	207	7	2	0	1132	1.00	483	23.04.29	13:18	2	01	483	690	00	5907752643491	0	0	0	0	0	0	0	1
$4	207	7	1	0	0	896	896
$14	01	23.05.04	09:34	4
$13	00	1	23.05.04	09:34	01	0	0	0	0	0	0	0	0	0	             
$1	208	1	1	0	1135	1.00	1090	23.05.04	09:39	2	01	1090	1090	00	5011353	0	0	0	0	0	0	0	0
$4	208	1	2	0	0	1090	1090
$1	208	2	1	0	0031	1.000	2600	23.05.04	09:50	1	01	2600	2600	00		0	0	0	0	0	0	0	0
$1	208	2	2	0	0048	1.000	2990	23.05.04	09:50	1	01	2990	2990	00		0	0	0	0	0	0	0	0
$4	208	2	1	0	0	6000	6000
$4	208	2	1	0	1	410	410
$1	208	3	1	0	4616	1.00	1790	23.05.04	10:29	2	01	1790	1790	00	10008126	0	0	0	0	0	0	0	0
$4	208	3	1	0	0	2000	2000
$4	208	3	1	0	1	210	210
$1	208	4	1	0	1495	1.00	7250	23.05.04	10:31	4	01	7250	7250	00	7014956	0	0	0	0	0	0	0	0
$4	208	4	2	0	0	7250	7250
$1	208	5	1	0	2277	1.00	2800	23.05.04	11:58	1	01	2800	2800	00	5902249014808	0	0	0	0	0	0	0	0
$1	208	5	2	0	0525	1.00	4000	23.05.04	11:58	1	01	4000	4000	00	5907502687676	0	0	0	0	0	0	0	0
$1	208	5	3	0	0552	1.00	3650	23.05.04	11:58	1	01	3650	3650	00	5902249010381	0	0	0	0	0	0	0	0
$4	208	5	2	0	0	10450	10450
$1	208	6	1	0	2053	1.00	2990	23.05.04	12:02	1	01	2990	2990	00	11020530	0	0	0	0	0	0	0	0
$4	208	6	1	0	0	2990	2990
$1	208	7	1	0	0031	1.000	2600	23.05.04	12:52	1	01	2600	2600	00		0	0	0	0	0	0	0	0
$4	208	7	1	0	0	2600	2600
$1	208	8	1	0	2651	1.00	2850	23.05.04	14:23	1	01	2850	2850	00	17026512	0	0	0	0	0	0	0	0
$4	208	8	2	0	0	2850	2850
$1	208	9	1	0	0608	2.00	1700	23.05.04	14:25	1	01	1700	1700	00	2006086	0	0	0	0	0	0	0	0
$1	208	9	2	0	0475	1.00	3100	23.05.04	14:32	1	01	3100	3100	00	5907502687331	0	0	0	0	0	0	0	0
$1	208	9	3	0	0456	1.00	4650	23.05.04	14:33	1	01	4650	4650	00	5907502687195	0	0	0	0	0	0	0	0
$4	208	9	2	0	0	9450	9450
$1	208	10	1	0	3089	1.00	950	23.05.04	15:35	2	01	950	950	00	10003961	0	0	0	0	0	0	0	0
$4	208	10	1	0	0	1000	1000
$4	208	10	1	0	1	050	050
$1	208	11	1	0	0041	1.000	6550	23.05.04	15:42	1	01	6550	6550	00		0	0	0	0	0	0	0	0
$4	208	11	2	0	0	6550	6550
$1	208	12	1	0	1881	1.00	5290	23.05.04	15:46	1	01	5290	5290	00	8018816	0	0	0	0	0	0	0	0
$4	208	12	2	0	0	5290	5290
$1	208	13	1	0	3221	1.00	5150	23.05.04	15:53	1	01	5150	5150	00	3032213	0	0	0	0	0	0	0	0
$1	208	13	2	0	0662	1.00	3600	23.05.04	15:53	1	01	3600	3600	00	5902249014952	0	0	0	0	0	0	0	0
$4	208	13	2	0	0	8750	8750
$1	208	14	1	0	2663	1.00	850	23.05.04	16:39	2	01	850	850	00	17026635	0	0	0	0	0	0	0	0
$1	208	14	2	0	2489	1.00	690	23.05.04	16:39	2	01	690	690	00	20024895	0	0	0	0	0	0	0	0
$1	208	14	3	0	0952	2.00	980	23.05.04	16:39	4	01	980	980	00	5009527	0	0	0	0	0	0	0	0
$1	208	14	4	0	1039	1.00	650	23.05.04	16:39	2	01	650	650	00	5906365702823	0	0	0	0	0	0	0	0
$1	208	14	5	0	0982	1.00	590	23.05.04	16:40	2	01	590	590	00	5907752643385	0	0	0	0	0	0	0	0
$4	208	14	2	0	0	3760	3760
$1	208	15	1	0	0457	1.00	1400	23.05.04	16:42	1	01	1400	1400	00	5907502687065	0	0	0	0	0	0	0	0
$4	208	15	2	0	0	1400	1400
$1	208	16	1	0	3240	2.00	6380	23.05.04	17:18	1	01	6380	6380	00	10002742	0	0	0	0	0	0	0	0
$1	208	16	2	0	1719	1.00	4500	23.05.04	17:18	1	01	4500	4500	00	10002896	0	0	0	0	0	0	0	0
$4	208	16	2	0	0	10880	10880
$14	01	23.05.05	09:30	4
$13	00	1	23.05.05	09:30	01	0	0	0	0	0	0	0	0	0	             
$1	209	1	1	0	0496	1.00	3600	23.05.05	09:40	1	01	3600	3600	00	5907502687430	0	0	0	0	0	0	0	0
$1	209	1	2	0	2307	1.00	4190	23.05.05	09:40	1	01	4190	4190	00	10000564	0	0	0	0	0	0	0	0
$4	209	1	2	0	0	7790	7790
$1	209	2	1	0	4341	1.00	15190	23.05.05	10:23	1	01	15190	15190	00	10004623	0	0	0	0	0	0	0	0
$1	209	2	2	0	4335	1.00	7290	23.05.05	10:23	1	01	7290	7290	00	10004364	0	0	0	0	0	0	0	0
$4	209	2	2	0	0	22480	22480
$1	209	3	1	0	1761	1.00	5590	23.05.05	10:35	1	01	5590	5590	00	8017611	0	0	0	0	0	0	0	0
$1	209	3	2	0	2055	1.00	6950	23.05.05	10:35	1	01	6950	6950	00	11020554	0	0	0	0	0	0	0	0
$4	209	3	1	0	0	12540	12540
$1	209	4	1	0	1231	10.00	5500	23.05.05	11:17	2	01	5500	5500	00	5909994310469	0	0	0	0	0	0	0	0
$4	209	4	1	0	0	5500	5500
$1	209	5	1	0	4508	1.00	450	23.05.05	11:25	2	01	450	450	00	10006726	0	0	0	0	0	0	0	0
$1	209	5	2	0	1178	1.00	550	23.05.05	11:25	2	01	550	550	00	5909990628360	0	0	0	0	0	0	0	0
$4	209	5	2	0	0	1000	1000
$1	209	6	1	0	2053	1.00	2990	23.05.05	11:32	1	01	2990	2990	00	11020530	0	0	0	0	0	0	0	0
$4	209	6	2	0	0	2990	2990
$1	209	7	1	0	4604	1.00	2850	23.05.05	12:48	1	01	2850	2850	00	10008003	0	0	0	0	0	0	0	0
$4	209	7	2	0	0	2850	2850
$1	209	8	1	0	2350	2.00	1580	23.05.05	15:11	1	01	1580	1580	00	15023506	0	0	0	0	0	0	0	0
$4	209	8	2	0	0	1580	1580
$1	209	9	1	0	2052	1.00	12950	23.05.05	15:13	1	01	12950	12950	00	11020523	0	0	0	0	0	0	0	0
$4	209	9	2	0	0	12950	12950
$1	209	10	1	0	0987	1.00	950	23.05.05	16:01	1	01	950	950	00	5009879	0	0	0	0	0	0	0	0
$4	209	10	1	0	0	950	950
$1	209	11	1	0	0633	1.00	5450	23.05.05	16:11	1	01	5450	5450	00	5902249011388	0	0	0	0	0	0	0	0
$4	209	11	1	0	0	6000	6000
$4	209	11	1	0	1	550	550
$1	209	12	1	0	4635	1.00	3950	23.05.05	16:44	1	01	3950	3950	00	10008317	0	0	0	0	0	0	0	0
$1	209	12	2	0	3091	1.00	750	23.05.05	16:44	2	01	750	750	00	10003909	0	0	0	0	0	0	0	0
$4	209	12	1	0	0	4700	4700
$1	209	13	1	0	4421	1.00	4690	23.05.05	17:13	1	01	4690	4690	00	10005606	0	0	0	0	0	0	0	0
$1	209	13	2	0	4419	1.00	3690	23.05.05	17:13	1	01	3690	3690	00	10002599	0	0	0	0	0	0	0	0
$4	209	13	2	0	0	8380	8380
$14	01	23.05.06	09:41	4
$13	00	1	23.05.06	09:41	01	0	0	0	0	0	0	0	0	0	             
$1	210	1	1	0	4638	1.00	5150	23.05.06	09:47	1	01	5150	5150	00	5907155480471	0	0	0	0	0	0	0	0
$1	210	1	2	0	4561	1.00	6390	23.05.06	09:47	1	01	6390	6390	00	680275064282	0	0	0	0	0	0	0	0
$4	210	1	2	0	0	11540	11540
$1	210	2	1	0	1543	1.00	5250	23.05.06	10:00	4	01	5250	5250	00	7015434	0	0	0	0	0	0	0	0
$4	210	2	2	0	0	5250	5250
$1	210	3	1	0	2024	2.00	3980	23.05.06	10:05	1	01	3980	4980	00	10020241	0	0	0	0	0	0	0	1
$1	210	3	2	0	4613	1.00	3750	23.05.06	10:12	1	01	3750	3750	00	10008096	0	0	0	0	0	0	0	0
$1	210	3	3	0	3051	1.00	1050	23.05.06	10:12	4	01	1050	1050	00	5903246860641	0	0	0	0	0	0	0	0
$4	210	3	2	0	0	8780	8780
$1	210	4	1	0	4660	1.00	3490	23.05.06	10:22	1	01	3490	3490	00	10008553	0	0	0	0	0	0	0	0
$1	210	4	2	0	1812	1.00	3890	23.05.06	10:22	1	01	3890	3890	00	8018120	0	0	0	0	0	0	0	0
$4	210	4	2	0	0	7380	7380
$1	210	5	1	0	1035	2.00	1180	23.05.06	11:23	2	01	1180	1180	00	5909994310124	0	0	0	0	0	0	0	0
$4	210	5	2	0	0	1180	1180
$1	210	6	1	0	1252	1.00	1350	23.05.06	11:28	2	01	1350	1350	00	5012527	0	0	0	0	0	0	0	0
$4	210	6	2	0	0	1350	1350
$1	210	7	1	0	1446	1.00	1990	23.05.06	11:58	1	01	1990	1990	00	5907688710687	0	0	0	0	0	0	0	0
$1	210	7	2	0	1443	1.00	2000	23.05.06	11:58	1	01	2000	2000	00	10002988	0	0	0	0	0	0	0	0
$1	210	7	3	0	2350	1.00	790	23.05.06	11:58	1	01	790	790	00	15023506	0	0	0	0	0	0	0	0
$4	210	7	2	0	0	4780	4780
$1	210	8	1	0	3539	1.00	1490	23.05.06	12:07	1	01	1490	1490	00	8691190466114	0	0	0	0	0	0	0	0
$1	210	8	2	0	0008	1.000	2000	23.05.06	12:14	1	01	2000	2000	00		0	0	0	0	0	0	0	0
$4	210	8	2	0	0	3490	3490
$1	210	9	1	0	4642	1.00	4700	23.05.06	12:22	1	01	4700	4700	00	208	0	0	0	0	0	0	0	0
$1	210	9	2	0	4638	1.00	5150	23.05.06	12:22	1	01	5150	5150	00	5907155480471	0	0	0	0	0	0	0	0
$1	210	9	3	0	4563	1.00	1990	23.05.06	12:22	1	01	1990	1990	00	10007693	0	0	0	0	0	0	0	0
$1	210	9	4	0	0027	1.000	300	23.05.06	12:23	1	01	300	300	00		0	0	0	0	0	0	0	0
$4	210	9	2	0	0	12140	12140
$14	01	23.05.06	13:49	4
$13	00	1	23.05.08	09:48	01	0	0	0	0	0	0	0	0	0	             
$1	211	1	1	0	2350	1.00	790	23.05.08	10:16	1	01	790	790	00	15023506	0	0	0	0	0	0	0	0
$1	211	1	2	0	1249	1.00	900	23.05.08	10:16	2	01	900	900	00	5909994310667	0	0	0	0	0	0	0	0
$4	211	1	2	0	0	1690	1690
$1	211	2	1	0	4218	1.00	390	23.05.08	11:07	1	01	390	390	00	8691190802196	0	0	0	0	0	0	0	0
$4	211	2	1	0	0	390	390
$1	211	3	1	0	0031	1.000	2600	23.05.08	11:13	1	01	2600	2600	00		0	0	0	0	0	0	0	0
$4	211	3	2	0	0	2600	2600
$10	211	4	1	0	1177	1.00	750	23.05.08	11:52	2	01	750	750	00	5909994311312	0	0	0	0	0	0	0	0
$1	211	4	1	0	1212	1.00	690	23.05.08	11:53	2	01	690	690	00	5909994310629	0	0	0	0	0	0	0	0
$1	211	4	2	0	4325	1.00	900	23.05.08	11:54	2	01	900	900	00	10004180	0	0	0	0	0	0	0	0
$4	211	4	1	0	0	1590	1590
$1	211	5	1	0	2408	1.00	3290	23.05.08	12:14	1	01	3290	3290	00	16024083	0	0	0	0	0	0	0	0
$4	211	5	2	0	0	3290	3290
$1	211	6	1	0	1000	1.00	650	23.05.08	12:24	2	01	650	650	00	5906365702922	0	0	0	0	0	0	0	0
$1	211	6	2	0	1252	1.00	1350	23.05.08	12:24	2	01	1350	1350	00	5012527	0	0	0	0	0	0	0	0
$4	211	6	1	0	0	2000	2000
$1	211	7	1	0	3025	1.00	850	23.05.08	12:33	2	01	850	850	00	10003701	0	0	0	0	0	0	0	0
$1	211	7	2	0	0971	1.00	850	23.05.08	12:33	2	01	850	850	00	5009718	0	0	0	0	0	0	0	0
$4	211	7	1	0	0	2000	2000
$4	211	7	1	0	1	300	300
$1	211	8	1	0	0988	1.00	850	23.05.08	12:35	1	01	850	850	00	5009886	0	0	0	0	0	0	0	0
$1	211	8	2	0	1040	1.00	550	23.05.08	12:35	2	01	550	550	00	5906365702847	0	0	0	0	0	0	0	0
$4	211	8	1	0	0	5000	5000
$4	211	8	1	0	1	3600	3600
$1	211	9	1	0	1012	1.00	950	23.05.08	12:37	2	01	950	950	00	5909994310865	0	0	0	0	0	0	0	0
$1	211	9	2	0	1170	1.00	590	23.05.08	12:37	2	01	590	590	00	5909994311565	0	0	0	0	0	0	0	0
$1	211	9	3	0	1249	1.00	900	23.05.08	12:37	2	01	900	900	00	5909994310667	0	0	0	0	0	0	0	0
$1	211	9	4	0	1230	1.00	550	23.05.08	12:37	2	01	550	550	00	5909994310766	0	0	0	0	0	0	0	0
$4	211	9	1	0	0	2990	2990
$1	211	10	1	0	1220	1.00	1490	23.05.08	12:40	2	01	1490	1490	00	5909994338326	0	0	0	0	0	0	0	0
$1	211	10	2	0	1085	1.00	690	23.05.08	12:40	2	01	690	690	00	5906365702779	0	0	0	0	0	0	0	0
$4	211	10	1	0	0	2180	2180
$1	211	11	1	0	1901	1.00	1750	23.05.08	13:07	1	01	1750	1750	00	10007334	0	0	0	0	0	0	0	0
$1	211	11	2	0	1913	1.00	1750	23.05.08	13:07	1	01	1750	1750	00	10007495	0	0	0	0	0	0	0	0
$1	211	11	3	0	1925	1.00	1750	23.05.08	13:07	1	01	1750	1750	00	10007327	0	0	0	0	0	0	0	0
$4	211	11	1	0	0	6000	6000
$4	211	11	1	0	1	750	750
$1	211	12	1	0	3125	1.00	990	23.05.08	13:13	2	01	990	990	00	10004005	0	0	0	0	0	0	0	0
$1	211	12	2	0	1111	2.00	1180	23.05.08	13:13	2	01	1180	1180	00	5906365702304	0	0	0	0	0	0	0	0
$1	211	12	3	0	1249	1.00	900	23.05.08	13:13	2	01	900	900	00	5909994310667	0	0	0	0	0	0	0	0
$1	211	12	4	0	1097	1.00	550	23.05.08	13:13	2	01	550	550	00	5909994310568	0	0	0	0	0	0	0	0
$1	211	12	5	0	1193	1.00	550	23.05.08	13:13	2	01	550	550	00	5909990195725	0	0	0	0	0	0	0	0
$1	211	12	6	0	2727	1.00	4190	23.05.08	13:13	4	01	4190	4190	00	17027274	0	0	0	0	0	0	0	0
$4	211	12	1	0	0	20000	20000
$4	211	12	1	0	1	11640	11640
$1	211	13	1	0	0031	1.000	2600	23.05.08	13:17	1	01	2600	2600	00		0	0	0	0	0	0	0	0
$4	211	13	2	0	0	2600	2600
$1	211	14	1	0	4629	1.00	2790	23.05.08	15:20	1	01	2790	2790	00	10008256	0	0	0	0	0	0	0	0
$1	211	14	2	0	0472	1.00	1400	23.05.08	15:20	1	01	1400	1400	00	5907502687300	0	0	0	0	0	0	0	0
$1	211	14	3	0	4672	1.00	390	23.05.08	15:20	1	01	390	390	00	10008669	0	0	0	0	0	0	0	0
$1	211	14	4	0	4623	1.00	990	23.05.08	15:21	1	01	990	990	00	10008195	0	0	0	0	0	0	0	0
$4	211	14	2	0	0	5570	5570
$1	211	15	1	0	3902	1.00	1450	23.05.08	16:03	1	01	1450	1450	00	28039020	0	0	0	0	0	0	0	0
$4	211	15	1	0	0	1450	1450
$1	211	16	1	0	2596	1.00	1350	23.05.08	16:05	1	01	1350	1350	00	17025966	0	0	0	0	0	0	0	0
$4	211	16	1	0	0	1350	1350
$14	01	23.05.09	09:37	4
$13	00	1	23.05.09	09:37	01	0	0	0	0	0	0	0	0	0	             
$1	212	1	1	0	1605	1.00	1050	23.05.09	10:10	1	01	1050	1050	00	7016059	0	0	0	0	0	0	0	0
$4	212	1	2	0	0	1050	1050
$1	212	2	1	0	0975	5.00	3750	23.05.09	11:03	2	01	3750	3750	00	5009756	0	0	0	0	0	0	0	0
$1	212	2	2	0	0975	1.00	750	23.05.09	11:04	2	01	750	750	00	5009756	0	0	0	0	0	0	0	0
$4	212	2	1	0	0	10000	10000
$4	212	2	1	0	1	5500	5500
$1	212	3	1	0	2582	1.00	2250	23.05.09	11:48	4	01	2250	2250	00	17025829	0	0	0	0	0	0	0	0
$1	212	3	2	0	2705	1.00	2250	23.05.09	11:49	1	01	2250	2250	00	17027052	0	0	0	0	0	0	0	0
$1	212	3	3	0	0972	1.00	450	23.05.09	11:49	4	01	450	450	00	5009725	0	0	0	0	0	0	0	0
$1	212	3	4	0	4581	1.00	650	23.05.09	11:49	2	01	650	650	00	10007778	0	0	0	0	0	0	0	0
$1	212	3	5	0	0971	1.00	850	23.05.09	11:52	2	01	850	850	00	5009718	0	0	0	0	0	0	0	0
$1	212	3	6	0	3265	1.00	1790	23.05.09	11:52	4	01	1790	1790	00	5032655	0	0	0	0	0	0	0	0
$1	212	3	7	0	4591	1.00	4950	23.05.09	11:52	2	01	4950	4950	00	10003527	0	0	0	0	0	0	0	0
$4	212	3	2	0	0	13190	13190
$1	212	4	1	0	1825	1.00	2350	23.05.09	12:26	1	01	2350	2350	00	10004777	0	0	0	0	0	0	0	0
$1	212	4	2	0	1866	1.00	12850	23.05.09	12:26	1	01	12850	12850	00	8018663	0	0	0	0	0	0	0	0
$1	212	4	3	0	4660	1.00	3490	23.05.09	12:26	1	01	3490	3490	00	10008553	0	0	0	0	0	0	0	0
$4	212	4	2	0	0	18690	18690
$1	212	5	1	0	2053	1.00	2990	23.05.09	12:29	1	01	2990	2990	00	11020530	0	0	0	0	0	0	0	0
$1	212	5	2	0	0031	1.000	2000	23.05.09	12:30	1	01	2000	2000	00		0	0	0	0	0	0	0	0
$4	212	5	1	0	0	10000	10000
$4	212	5	1	0	1	5010	5010
$1	212	6	1	0	4634	1.00	7390	23.05.09	12:52	1	01	7390	7390	00	10008300	0	0	0	0	0	0	0	0
$1	212	6	2	0	0825	1.00	6390	23.05.09	12:52	1	01	6390	6390	00	10002469	0	0	0	0	0	0	0	0
$1	212	6	3	0	0002	1.000	250	23.05.09	12:52	1	01	250	250	00		0	0	0	0	0	0	0	0
$1	212	6	4	0	0508	1.00	2390	23.05.09	12:53	1	01	2390	2390	00	2005089	0	0	0	0	0	0	0	0
$4	212	6	2	0	0	16420	16420
$12	212	1	1	0	3462	1.00	4950	23.05.09	14:53	1	01	4950	4950	00	5903641980425	0	0	0	0	0	0	0	0
$1	212	7	1	0	0502	1.00	2600	23.05.09	15:10	1	01	2600	2600	00	5907502687522	0	0	0	0	0	0	0	0
$1	212	7	2	0	0371	1.00	1790	23.05.09	15:11	1	01	1790	1790	00	5906874565292	0	0	0	0	0	0	0	0
$4	212	7	1	0	0	5000	5000
$4	212	7	1	0	1	610	610
$1	212	8	1	0	0989	1.00	550	23.05.09	15:13	4	01	550	550	00	5009893	0	0	0	0	0	0	0	0
$1	212	8	2	0	1212	1.00	690	23.05.09	15:13	2	01	690	690	00	5909994310629	0	0	0	0	0	0	0	0
$4	212	8	1	0	0	1240	1240
$1	212	9	1	0	1543	1.00	5250	23.05.09	15:22	4	01	5250	5250	00	7015434	0	0	0	0	0	0	0	0
$4	212	9	1	0	0	5250	5250
$1	212	10	1	0	0508	1.00	2390	23.05.09	15:26	1	01	2390	2390	00	5902249010459	0	0	0	0	0	0	0	0
$4	212	10	1	0	0	2400	2400
$4	212	10	1	0	1	010	010
$1	212	11	1	0	3979	1.00	1650	23.05.09	15:32	1	01	1650	1650	00	8691190967260	0	0	0	0	0	0	0	0
$1	212	11	2	0	1271	1.00	1650	23.05.09	15:32	1	01	1650	1650	00	8691190967246	0	0	0	0	0	0	0	0
$1	212	11	3	0	2053	1.00	2990	23.05.09	15:36	1	01	2990	2990	00	11020530	0	0	0	0	0	0	0	0
$1	212	11	4	0	2050	1.00	2990	23.05.09	15:36	1	01	2990	2990	00	11020509	0	0	0	0	0	0	0	0
$4	212	11	2	0	0	9280	9280
$1	212	12	1	0	0353	1.00	2750	23.05.09	15:43	1	01	2750	2750	00	5900168900707	0	0	0	0	0	0	0	0
$1	212	12	2	0	1519	1.00	5350	23.05.09	15:45	4	01	5350	5350	00	7015199	0	0	0	0	0	0	0	0
$4	212	12	2	0	0	8100	8100
$1	212	13	1	0	1466	1.00	1690	23.05.09	16:19	1	01	1690	1690	00	5907688710113	0	0	0	0	0	0	0	0
$1	212	13	2	0	1461	1.00	2850	23.05.09	16:20	1	01	2850	2850	00	5907688710571	0	0	0	0	0	0	0	0
$1	212	13	3	0	4023	1.00	1350	23.05.09	16:20	1	01	1350	1350	00	8691190115050	0	0	0	0	0	0	0	0
$4	212	13	2	0	0	5890	5890
$1	212	14	1	0	3720	1.00	1090	23.05.09	16:35	1	01	1090	1090	00	8691190815523	0	0	0	0	0	0	0	0
$4	212	14	1	0	0	1100	1100
$4	212	14	1	0	1	010	010
$1	212	15	1	0	2350	1.00	790	23.05.09	16:58	1	01	790	790	00	15023506	0	0	0	0	0	0	0	0
$4	212	15	2	0	0	790	790
$14	01	23.05.10	09:27	4
$13	00	1	23.05.10	09:27	01	0	0	0	0	0	0	0	0	0	             
$1	213	1	1	0	1238	1.00	1390	23.05.10	09:33	4	01	1390	1390	00	5012381	0	0	0	0	0	0	0	0
$4	213	1	1	0	0	1390	1390
$1	213	2	1	0	0295	1.00	8350	23.05.10	10:27	1	01	8350	8350	00	6412600834635	0	0	0	0	0	0	0	0
$1	213	2	2	0	4630	1.00	2790	23.05.10	10:27	1	01	2790	2790	00	10008263	0	0	0	0	0	0	0	0
$4	213	2	1	0	0	12000	12000
$4	213	2	1	0	1	860	860
$1	213	3	1	0	2350	1.00	790	23.05.10	10:45	1	01	790	790	00	15023506	0	0	0	0	0	0	0	0
$1	213	3	2	0	0971	1.00	850	23.05.10	10:45	2	01	850	850	00	5009718	0	0	0	0	0	0	0	0
$4	213	3	1	0	0	2000	2000
$4	213	3	1	0	1	360	360
$10	213	4	1	0	1135	1.00	1090	23.05.10	11:24	2	01	1090	1090	00	5011353	0	0	0	0	0	0	0	0
$10	213	4	2	0	1135	1.00	1090	23.05.10	11:24	2	01	1090	1090	00	5011353	0	0	0	0	0	0	0	0
$10	213	4	3	0	0895	1.00	4400	23.05.10	11:29	1	01	4400	4400	00	4008958	0	0	0	0	0	0	0	0
$1	213	4	1	0	0895	1.00	4400	23.05.10	11:30	1	01	4400	4400	00	4008958	0	0	0	0	0	0	0	0
$4	213	4	2	0	0	4400	4400
$1	213	5	1	0	1135	2.00	2180	23.05.10	11:31	2	01	2180	2180	00	5907752643033	0	0	0	0	0	0	0	0
$4	213	5	1	0	0	2200	2200
$4	213	5	1	0	1	020	020
$1	213	6	1	0	1111	1.00	590	23.05.10	11:33	2	01	590	590	00	5906365702304	0	0	0	0	0	0	0	0
$4	213	6	1	0	0	2000	2000
$4	213	6	1	0	1	1410	1410
$1	213	7	1	0	1101	1.00	550	23.05.10	11:34	4	01	550	550	00	5905279799172	0	0	0	0	0	0	0	0
$4	213	7	1	0	0	550	550
$1	213	8	1	0	4338	1.00	7290	23.05.10	11:38	1	01	7290	7290	00	10004579	0	0	0	0	0	0	0	0
$4	213	8	1	0	0	10000	10000
$4	213	8	1	0	1	2710	2710
$1	213	9	1	0	0976	1.00	1650	23.05.10	13:40	2	01	1650	1650	00	5009763	0	0	0	0	0	0	0	0
$4	213	9	2	0	0	1650	1650
$1	213	10	1	0	1055	1.00	990	23.05.10	13:41	4	01	990	990	00	5010554	0	0	0	0	0	0	0	0
$4	213	10	1	0	0	1000	1000
$4	213	10	1	0	1	010	010
$1	213	11	1	0	2663	1.00	850	23.05.10	13:44	2	01	850	850	00	17026635	0	0	0	0	0	0	0	0
$1	213	11	2	0	0971	1.00	850	23.05.10	13:44	2	01	850	850	00	5009718	0	0	0	0	0	0	0	0
$1	213	11	3	0	1133	1.00	1250	23.05.10	13:44	4	01	1250	1250	00	5011339	0	0	0	0	0	0	0	0
$1	213	11	4	0	0956	1.00	950	23.05.10	13:44	4	01	950	950	00	5009565	0	0	0	0	0	0	0	0
$4	213	11	1	0	0	10000	10000
$4	213	11	1	0	1	6100	6100
$1	213	12	1	0	1458	1.00	2090	23.05.10	13:56	1	01	2090	2090	00	10003114	0	0	0	0	0	0	0	0
$4	213	12	2	0	0	2090	2090
$1	213	13	1	0	1817	1.00	2150	23.05.10	14:25	1	01	2150	2150	00	5701278100908	0	0	0	0	0	0	0	0
$4	213	13	2	0	0	2150	2150
$1	213	14	1	0	1877	1.00	2690	23.05.10	14:28	1	01	2690	2690	00	08018779	0	0	0	0	0	0	0	0
$4	213	14	2	0	0	2690	2690
$1	213	15	1	0	2050	1.00	2990	23.05.10	16:24	1	01	2990	2990	00	11020509	0	0	0	0	0	0	0	0
$4	213	15	2	0	0	2990	2990
$1	213	16	1	0	0463	1.00	2700	23.05.10	16:34	1	01	2700	2700	00	5907502687249	0	0	0	0	0	0	0	0
$4	213	16	2	0	0	2700	2700
$1	213	17	1	0	4125	1.00	4190	23.05.10	16:35	1	01	4190	4190	00	10000502	0	0	0	0	0	0	0	0
$1	213	17	2	0	2291	1.00	2150	23.05.10	16:35	1	01	2150	2150	00	5906660352143	0	0	0	0	0	0	0	0
$1	213	17	3	0	0450	1.00	4600	23.05.10	16:35	1	01	4600	4600	00	5907502687157	0	0	0	0	0	0	0	0
$1	213	17	4	0	0468	1.00	2500	23.05.10	16:35	1	01	2500	2500	00	5907502687287	0	0	0	0	0	0	0	0
$1	213	17	5	0	4147	1.00	4850	23.05.10	16:35	1	01	4850	4850	00	10000809	0	0	0	0	0	0	0	0
$4	213	17	2	0	0	18290	18290
$1	213	18	1	0	0463	1.00	2700	23.05.10	16:36	1	01	2700	2700	00	5907502687249	0	0	0	0	0	0	0	0
$4	213	18	2	0	0	2700	2700
$1	213	19	1	0	3640	1.00	5450	23.05.10	16:39	1	01	5450	5450	00	5060237961548	0	0	0	0	0	0	0	0
$1	213	19	2	0	3901	1.00	1090	23.05.10	16:40	1	01	1090	1090	00	28039013	0	0	0	0	0	0	0	0
$4	213	19	2	0	0	6540	6540
$1	213	20	1	0	2505	1.00	1450	23.05.10	16:51	1	01	1450	1450	00	10003954	0	0	0	0	0	0	0	0
$4	213	20	1	0	0	5000	5000
$4	213	20	1	0	1	3550	3550
$12	213	1	1	0	4508	1.00	450	23.05.10	17:04	2	01	450	450	00	5905279799882	0	0	0	0	0	0	0	0
$14	01	23.05.11	09:41	4
$13	00	1	23.05.11	09:41	01	0	0	0	0	0	0	0	0	0	             
$1	214	1	1	0	1182	1.00	790	23.05.11	09:46	2	01	790	790	00	5909990219728	0	0	0	0	0	0	0	0
$1	214	1	2	0	1055	1.00	990	23.05.11	09:46	4	01	990	990	00	5905279799141	0	0	0	0	0	0	0	0
$1	214	1	3	0	0570	1.00	690	23.05.11	09:48	1	01	690	690	00	5902249010503	0	0	0	0	0	0	0	0
$4	214	1	1	0	0	10070	10070
$4	214	1	1	0	1	7600	7600
$1	214	2	1	0	3756	1.00	1100	23.05.11	10:05	1	01	1100	1100	00	8691190603076	0	0	0	0	0	0	0	0
$4	214	2	1	0	0	1100	1100
$1	214	3	1	0	1031	1.00	1850	23.05.11	11:01	4	01	1850	1850	00	5905279799639	0	0	0	0	0	0	0	0
$4	214	3	1	0	0	2000	2000
$4	214	3	1	0	1	150	150
$1	214	4	1	0	1133	1.00	1250	23.05.11	11:55	4	01	1250	1250	00	5011339	0	0	0	0	0	0	0	0
$4	214	4	1	0	0	1250	1250
$1	214	5	1	0	1000	1.00	650	23.05.11	12:21	2	01	650	650	00	5906365702922	0	0	0	0	0	0	0	0
$1	214	5	2	0	1234	1.00	790	23.05.11	12:21	2	01	790	790	00	5909990311910	0	0	0	0	0	0	0	0
$1	214	5	3	0	1008	1.00	550	23.05.11	12:21	2	01	550	550	00	5909994311367	0	0	0	0	0	0	0	0
$1	214	5	4	0	1008	1.00	550	23.05.11	12:22	2	01	550	550	00	5909994311367	0	0	0	0	0	0	0	0
$1	214	5	5	0	1232	1.00	490	23.05.11	12:22	2	01	490	490	00	5909990219520	0	0	0	0	0	0	0	0
$1	214	5	6	0	1232	1.00	490	23.05.11	12:22	2	01	490	490	00	5909990219520	0	0	0	0	0	0	0	0
$4	214	5	1	0	0	10000	10000
$4	214	5	1	0	1	6480	6480
$1	214	6	1	0	0505	1.00	3600	23.05.11	12:39	1	01	3600	3600	00	5907502687515	0	0	0	0	0	0	0	0
$1	214	6	2	0	0504	1.00	3600	23.05.11	12:39	1	01	3600	3600	00	5907502687508	0	0	0	0	0	0	0	0
$4	214	6	2	0	0	7200	7200
$1	214	7	1	0	3907	1.00	10550	23.05.11	12:43	1	01	10550	10550	00	28039075	0	0	0	0	0	0	0	0
$4	214	7	2	0	0	10550	10550
$1	214	8	1	0	3903	1.00	2590	23.05.11	12:47	1	01	2590	2590	00	28039037	0	0	0	0	0	0	0	0
