#1	COM12:57600:MUX0:1	3	2021.08.27	17:52	OPSpRoz4	WIN 13.32.2020	OPSPROZ4IN.txt	OPSPROZ4OUT.txt
#
#Jota E 4095 PLU II gen. ver. 01 (identyfikator odczytany z urzadzenia i pliku ECRTBUF.TXT)
$1	1507	991	1	0	2947	1.00	5800	21.07.29	10:29	1	30	5800	5800	00	0000024029476	0	0	0	0	0	0	0	0
$1	1507	991	2	0	3593	1.00	4190	21.07.29	10:29	1	30	4190	4190	00	0000024035934	0	0	0	0	0	0	0	0
$1	1507	991	3	0	0225	1.000	200	21.07.29	10:29	1	30	200	200	00	0000000000000	0	0	0	0	0	0	0	0
$1	1507	992	1	0	3903	1.00	2150	21.07.29	10:34	1	30	2150	2150	00	0000028039037	0	0	0	0	0	0	0	0
$1	1507	992	2	0	3903	1.00	2150	21.07.29	10:34	1	30	2150	2150	00	0000028039037	0	0	0	0	0	0	0	0
$1	1507	993	1	0	3749	1.00	1790	21.07.29	10:39	1	30	1790	1790	00	0000025037494	0	0	0	0	0	0	0	0
$1	1507	993	2	0	1728	1.00	6350	21.07.29	10:39	1	30	6350	6350	00	0000008017284	0	0	0	0	0	0	0	0
$1	1507	994	1	0	0590	1.00	2890	21.07.29	10:41	1	30	2890	2890	00	5907502687911	0	0	0	0	0	0	0	0
$1	1507	995	1	0	0182	1.000	610	21.07.29	10:44	2	30	610	610	00	0000000000000	0	0	0	0	0	0	0	0
$1	1507	995	2	0	2265	1.00	690	21.07.29	10:44	2	30	690	690	00	0000020022655	0	0	0	0	0	0	0	0
$1	1507	996	1	0	3150	1.00	3290	21.07.29	10:45	1	30	3290	3290	00	0000028031505	0	0	0	0	0	0	0	0
$1	1507	996	2	0	2350	1.00	650	21.07.29	10:45	1	30	650	650	00	0000015023506	0	0	0	0	0	0	0	0
$1	1507	996	3	0	1133	1.00	750	21.07.29	10:45	3	30	750	750	00	0000005011339	0	0	0	0	0	0	0	0
$1	1507	997	1	0	3994	1.00	1950	21.07.29	10:47	1	30	1950	1950	00	8691190121440	0	0	0	0	0	0	0	0
$1	1507	997	2	0	3948	1.00	1950	21.07.29	10:47	1	30	1950	1950	00	8691190967208	0	0	0	0	0	0	0	0
$1	1507	998	1	0	0318	1.00	1850	21.07.29	11:19	1	30	1850	1850	00	5905279370050	0	0	0	0	0	0	0	0
$1	1507	999	1	0	1890	1.00	2990	21.07.29	11:56	1	30	2990	2990	00	0000023018907	0	0	0	0	0	0	0	0
$1	1507	999	2	0	0647	1.00	3090	21.07.29	11:56	1	30	3090	3090	00	5902249012125	0	0	0	0	0	0	0	0
$1	1507	1000	1	0	3593	1.00	4190	21.07.29	12:07	1	30	4190	4190	00	0000024035934	0	0	0	0	0	0	0	0
$1	1507	1000	2	0	2945	1.00	3450	21.07.29	12:07	1	30	3450	3450	00	0000024029452	0	0	0	0	0	0	0	0
$1	1507	1000	3	0	3255	1.00	2750	21.07.29	12:07	1	30	2750	2750	00	0000024032551	0	0	0	0	0	0	0	0
$1	1507	1000	4	0	3256	1.00	2290	21.07.29	12:07	1	30	2290	2290	00	0000024032568	0	0	0	0	0	0	0	0
$1	1507	1001	1	0	0002	1.000	1990	21.07.29	12:10	1	30	1990	1990	00	0000000000000	0	0	0	0	0	0	0	0
$1	1507	1002	1	0	3038	1.00	690	21.07.29	12:17	2	30	690	690	00	0000020030384	0	0	0	0	0	0	0	0
$1	1507	1003	1	0	2702	1.00	1350	21.07.29	12:19	3	30	1350	1350	00	0000017027021	0	0	0	0	0	0	0	0
$1	1507	1004	1	0	0026	1.000	2190	21.07.29	12:27	1	30	2190	2190	00	0000000000000	0	0	0	0	0	0	0	0
$1	1507	1004	2	0	0026	1.000	2290	21.07.29	12:27	1	30	2290	2290	00	0000000000000	0	0	0	0	0	0	0	0
$1	1507	1005	1	0	0822	1.00	4290	21.07.29	12:30	1	30	4290	4290	00	0000024008228	0	0	0	0	0	0	0	0
$1	1507	1005	2	0	1974	1.00	1750	21.07.29	12:30	2	30	1750	1750	00	0000009019744	0	0	0	0	0	0	0	0
$1	1507	1006	1	0	1825	1.00	2350	21.07.29	12:37	1	30	2350	2350	00	0000008018250	0	0	0	0	0	0	0	0
$1	1507	1007	1	0	0583	1.00	3750	21.07.29	13:44	1	30	3750	3750	00	5902249010589	0	0	0	0	0	0	0	0
$1	1507	1008	1	0	3036	1.00	390	21.07.29	13:54	2	30	390	390	00	0000020030360	0	0	0	0	0	0	0	0
$1	1507	1008	2	0	3033	1.00	450	21.07.29	13:54	3	30	450	450	00	0000020030339	0	0	0	0	0	0	0	0
$1	1507	1009	1	0	3740	1.00	490	21.07.29	14:04	1	30	490	490	00	0000025037401	0	0	0	0	0	0	0	0
$1	1507	1010	1	0	0463	1.00	2250	21.07.29	14:54	1	30	2250	2250	00	5907502687249	0	0	0	0	0	0	0	0
$1	1507	1011	1	0	3776	1.00	1990	21.07.29	15:19	1	30	1990	1990	00	0000025037760	0	0	0	0	0	0	0	0
$1	1507	1012	1	0	1824	2.00	3800	21.07.29	15:25	1	30	3800	3800	00	0000008018243	0	0	0	0	0	0	0	0
$1	1507	1013	1	0	2272	1.00	4390	21.07.29	15:46	1	30	4390	4390	00	0000014022722	0	0	0	0	0	0	0	0
$1	1507	1013	2	0	1292	1.00	2690	21.07.29	15:46	3	30	2690	2690	00	5902596671167	0	0	0	0	0	0	0	0
$1	1507	1014	1	0	1593	1.00	1290	21.07.29	15:59	1	30	1290	1290	00	0000007015939	0	0	0	0	0	0	0	0
$1	1507	1014	2	0	3202	1.00	290	21.07.29	15:59	1	30	290	290	00	0000021032028	0	0	0	0	0	0	0	0
$1	1507	1015	1	0	2289	1.00	1850	21.07.29	16:57	1	30	1850	1850	00	0000014022890	0	0	0	0	0	0	0	0
$1	1507	1015	2	0	2092	1.00	7050	21.07.29	16:57	1	30	7050	7050	00	0000012020928	0	0	0	0	0	0	0	0
$1	1507	1016	1	0	1032	1.00	950	21.07.29	17:08	3	30	950	950	00	0000005010325	0	0	0	0	0	0	0	0
$1	1508	1018	1	0	0191	1.000	2390	21.07.30	10:08	1	30	2390	2390	00	0000000000000	0	0	0	0	0	0	0	0
$1	1508	1019	1	0	3901	1.00	950	21.07.30	10:15	1	30	950	950	00	0000028039013	0	0	0	0	0	0	0	0
$1	1508	1019	2	0	2053	1.00	2550	21.07.30	10:15	1	30	2550	2550	00	0000011020530	0	0	0	0	0	0	0	0
$1	1508	1020	1	0	1181	1.00	390	21.07.30	10:19	2	30	390	390	00	5909994310964	0	0	0	0	0	0	0	0
$1	1508	1020	2	0	1111	1.00	450	21.07.30	10:19	2	30	450	450	00	5906365702304	0	0	0	0	0	0	0	0
$1	1508	1021	1	0	0736	1.00	4390	21.07.30	10:25	1	30	4390	4390	00	0000003007365	0	0	0	0	0	0	0	0
$1	1508	1021	2	0	0026	1.000	2790	21.07.30	10:25	1	30	2790	2790	00	0000000000000	0	0	0	0	0	0	0	0
$1	1508	1022	1	0	0203	1.000	1550	21.07.30	10:33	1	30	1550	1550	00	0000000000000	0	0	0	0	0	0	0	0
$1	1508	1022	2	0	0203	1.000	990	21.07.30	10:33	1	30	990	990	00	0000000000000	0	0	0	0	0	0	0	0
$1	1508	1022	3	0	0065	3.000	300	21.07.30	10:33	1	30	300	300	00	0000000000000	0	0	0	0	0	0	0	0
$1	1508	1022	4	0	0313	1.00	1890	21.07.30	10:33	1	30	1890	1890	00	5900168907249	0	0	0	0	0	0	0	0
$1	1508	1023	1	0	1185	1.00	450	21.07.30	10:53	2	30	450	450	00	5909990628391	0	0	0	0	0	0	0	0
$1	1508	1024	1	0	3903	1.00	2150	21.07.30	11:46	1	30	2150	2150	00	0000028039037	0	0	0	0	0	0	0	0
$1	1508	1025	1	0	4001	1.00	890	21.07.30	11:55	1	30	890	890	00	0000031040013	0	0	0	0	0	0	0	0
$1	1508	1026	1	0	1179	1.00	490	21.07.30	11:58	2	30	490	490	00	5909994309524	0	0	0	0	0	0	0	0
$1	1508	1026	2	0	1179	1.00	490	21.07.30	11:58	2	30	490	490	00	5909994309524	0	0	0	0	0	0	0	0
$1	1508	1026	3	0	0951	1.00	450	21.07.30	11:58	3	30	450	450	00	5907752643569	0	0	0	0	0	0	0	0
$1	1508	1026	4	0	0951	1.00	450	21.07.30	11:58	3	30	450	450	00	5907752643569	0	0	0	0	0	0	0	0
$1	1508	1026	5	0	1234	1.00	650	21.07.30	11:58	2	30	650	650	00	5909990311910	0	0	0	0	0	0	0	0
$1	1508	1027	1	0	0182	1.000	1890	21.07.30	12:24	2	30	1890	1890	00	0000000000000	0	0	0	0	0	0	0	0
$12	1508	1	1	0	0600	1.00	2390	21.07.30	12:51	1	30	2390	2390	00	5902249010985	0	0	0	0	0	0	0	0
$1	1508	1029	1	0	0600	1.00	2390	21.07.30	12:55	1	30	2390	2390	00	5902249010985	0	0	0	0	0	0	0	0
$1	1508	1029	2	0	0586	1.00	690	21.07.30	12:55	1	30	690	690	00	5902249010527	0	0	0	0	0	0	0	0
$1	1508	1029	3	0	0586	1.00	690	21.07.30	12:55	1	30	690	690	00	5902249010527	0	0	0	0	0	0	0	0
$1	1508	1030	1	0	1845	1.00	2790	21.07.30	13:03	1	30	2790	2790	00	0000008018458	0	0	0	0	0	0	0	0
$1	1508	1031	1	0	4007	2.00	2300	21.07.30	14:32	1	30	2300	2300	00	0000031040075	0	0	0	0	0	0	0	0
$1	1508	1032	1	0	3782	1.00	1350	21.07.30	14:38	1	30	1350	1350	00	0000025037821	0	0	0	0	0	0	0	0
$1	1508	1032	2	0	0038	1.000	1360	21.07.30	14:38	1	30	1360	1360	00	0000000000000	0	0	0	0	0	0	0	0
$1	1508	1033	1	0	1910	1.00	1650	21.07.30	15:16	1	30	1650	1650	00	0000009019102	0	0	0	0	0	0	0	0
$1	1508	1033	2	0	1910	1.00	1650	21.07.30	15:16	1	30	1650	1650	00	0000009019102	0	0	0	0	0	0	0	0
$1	1508	1034	1	0	0893	1.00	3990	21.07.30	15:18	1	30	3990	3990	00	5902596416287	0	0	0	0	0	0	0	0
$1	1508	1034	2	0	0041	1.000	990	21.07.30	15:18	1	30	990	990	00	0000000000000	0	0	0	0	0	0	0	0
$1	1508	1035	1	0	0869	1.00	5490	21.07.30	15:20	1	30	5490	5490	00	0000004008699	0	0	0	0	0	0	0	0
$1	1508	1035	2	0	0895	1.00	3890	21.07.30	15:20	1	30	3890	3890	00	5902596416294	0	0	0	0	0	0	0	0
$1	1508	1035	3	0	0880	1.00	6450	21.07.30	15:20	1	30	6450	6450	00	5906395235001	0	0	0	0	0	0	0	0
$1	1508	1036	1	0	2024	2.00	3980	21.07.30	15:41	1	30	3980	4980	00	0000010020241	0	0	0	0	0	0	0	1
$1	1508	1037	1	0	2350	2.00	1300	21.07.30	16:43	1	30	1300	1300	00	0000015023506	0	0	0	0	0	0	0	0
$1	1508	1038	1	0	1436	1.00	2850	21.07.30	16:56	1	30	2850	2850	00	5907688710250	0	0	0	0	0	0	0	0
$1	1508	1038	2	0	0001	1.000	4590	21.07.30	16:56	1	30	4590	4590	00	0000000000000	0	0	0	0	0	0	0	0
$1	1508	1038	3	0	2471	1.00	390	21.07.30	16:56	2	30	390	390	00	0000020024710	0	0	0	0	0	0	0	0
$1	1508	1039	1	0	1859	1.00	11990	21.07.30	17:27	1	30	11990	11990	00	0000008018595	0	0	0	0	0	0	0	0
$1	1508	1039	2	0	2053	2.00	5100	21.07.30	17:27	1	30	5100	5100	00	0000011020530	0	0	0	0	0	0	0	0
$1	1508	1039	3	0	2050	1.00	2550	21.07.30	17:27	1	30	2550	2550	00	0000011020509	0	0	0	0	0	0	0	0
$12	1509	1	1	0	3847	1.00	3550	21.07.31	11:29	1	30	3550	3550	00	8806334370435	0	0	0	0	0	0	0	0
$1	1510	1044	1	0	4088	1.00	1990	21.08.04	10:23	1	30	1990	1990	00	0000032040883	0	0	0	0	0	0	0	0
$1	1510	1045	1	0	1203	1.00	550	21.08.04	10:26	2	30	550	550	00	0000005012039	0	0	0	0	0	0	0	0
$1	1510	1045	2	0	2612	1.00	1450	21.08.04	10:26	2	30	1450	1450	00	0000017026123	0	0	0	0	0	0	0	0
$1	1510	1046	1	0	0508	1.00	1990	21.08.04	10:38	1	30	1990	1990	00	5902249010459	0	0	0	0	0	0	0	0
$1	1510	1047	1	0	1529	1.00	5590	21.08.04	10:41	3	30	5590	5590	00	5906660817086	0	0	0	0	0	0	0	0
$1	1510	1048	1	0	0002	1.000	820	21.08.04	11:01	1	30	820	820	00	0000000000000	0	0	0	0	0	0	0	0
$1	1510	1048	2	0	0987	1.00	890	21.08.04	11:01	1	30	890	890	00	0000005009879	0	0	0	0	0	0	0	0
$1	1510	1049	1	0	1841	1.00	638	21.08.04	11:04	1	30	3190	3190	00	0000008018410	0	1	0	0	0	0	0	0
$1	1510	1049	2	0	1891	1.00	590	21.08.04	11:04	1	30	2950	2950	00	0000023018914	0	1	0	0	0	0	0	0
$1	1510	1049	3	0	1891	1.00	590	21.08.04	11:04	1	30	2950	2950	00	0000023018914	0	1	0	0	0	0	0	0
$1	1510	1049	4	0	0066	1.000	238	21.08.04	11:04	1	30	1190	1190	00	0000000000000	0	1	0	0	0	0	0	0
$1	1510	1049	5	0	2024	1.00	498	21.08.04	11:04	1	30	2490	2490	00	0000010020241	0	1	0	0	0	0	0	0
$1	1510	1049	6	0	2713	1.00	200	21.08.04	11:04	3	30	1000	1000	00	0000017027137	0	1	0	0	0	0	0	0
$1	1510	1049	7	0	1237	1.00	170	21.08.04	11:04	3	30	850	850	00	0000005012374	0	1	0	0	0	0	0	0
$1	1510	1049	8	0	0627	1.00	538	21.08.04	11:04	1	30	2690	2690	00	5902249011319	0	1	0	0	0	0	0	0
$1	1510	1050	1	0	0325	1.00	1950	21.08.04	11:04	1	30	1950	1950	00	5905279370319	0	0	0	0	0	0	0	0
$1	1510	1051	1	0	2350	2.00	1300	21.08.04	11:18	1	30	1300	1300	00	0000015023506	0	0	0	0	0	0	0	0
$1	1510	1051	2	0	2024	1.00	2490	21.08.04	11:18	1	30	2490	2490	00	0000010020241	0	0	0	0	0	0	0	0
$1	1510	1052	1	0	4007	1.00	1150	21.08.04	11:49	1	30	1150	1150	00	0000031040075	0	0	0	0	0	0	0	0
$1	1510	1053	1	0	0972	1.00	390	21.08.04	11:50	3	30	390	390	00	0000005009725	0	0	0	0	0	0	0	0
$1	1510	1053	2	0	1016	1.00	400	21.08.04	11:50	3	30	400	400	00	5906365702380	0	0	0	0	0	0	0	0
$1	1510	1054	1	0	0038	2.000	2620	21.08.04	12:20	1	30	2620	2620	00	0000000000000	0	0	0	0	0	0	0	0
$1	1510	1055	1	0	2053	1.00	2550	21.08.04	13:22	1	30	2550	2550	00	0000011020530	0	0	0	0	0	0	0	0
$1	1510	1056	1	0	1892	1.00	2750	21.08.04	13:24	1	30	2750	2750	00	0000023018921	0	0	0	0	0	0	0	0
$1	1510	1057	1	0	1823	1.00	2650	21.08.04	14:09	1	30	2650	2650	00	0000008018236	0	0	0	0	0	0	0	0
$1	1510	1057	2	0	1831	1.00	2150	21.08.04	14:09	1	30	2150	2150	00	0000008018311	0	0	0	0	0	0	0	0
$1	1510	1058	1	0	2438	1.00	2950	21.08.04	14:19	1	30	2950	2950	00	0000016024380	0	0	0	0	0	0	0	0
$1	1510	1058	2	0	0565	1.00	2390	21.08.04	14:19	1	30	2390	2390	00	5902249010473	0	0	0	0	0	0	0	0
$1	1510	1059	1	0	3009	1.00	2090	21.08.04	14:23	1	30	2090	2090	00	0000019030098	0	0	0	0	0	0	0	0
$1	1510	1060	1	0	2053	1.00	2550	21.08.04	14:35	1	30	2550	2550	00	0000011020530	0	0	0	0	0	0	0	0
$1	1510	1060	2	0	3901	1.00	950	21.08.04	14:35	1	30	950	950	00	0000028039013	0	0	0	0	0	0	0	0
$1	1510	1061	1	0	2053	3.00	7650	21.08.04	14:38	1	30	7650	7650	00	0000011020530	0	0	0	0	0	0	0	0
$1	1510	1062	1	0	3393	1.00	590	21.08.04	14:47	1	30	2950	2950	00	0000023033931	0	1	0	0	0	0	0	0
$1	1510	1062	2	0	3393	1.00	590	21.08.04	14:47	1	30	2950	2950	00	0000023033931	0	1	0	0	0	0	0	0
$1	1510	1062	3	0	1043	1.00	210	21.08.04	14:47	2	30	1050	1050	00	0000005010431	0	1	0	0	0	0	0	0
$1	1510	1062	4	0	1115	1.00	90	21.08.04	14:47	2	30	450	450	00	5905279799615	0	1	0	0	0	0	0	0
$1	1510	1062	5	0	2259	1.00	298	21.08.04	14:47	2	30	1490	1490	00	0000020022594	0	1	0	0	0	0	0	0
$1	1510	1062	6	0	2350	3.00	390	21.08.04	14:47	1	30	1950	1950	00	0000015023506	0	1	0	0	0	0	0	0
$1	1510	1063	1	0	2053	1.00	2550	21.08.04	14:54	1	30	2550	2550	00	0000011020530	0	0	0	0	0	0	0	0
$1	1511	1066	1	0	2382	1.00	3800	21.08.05	09:39	1	30	3800	3800	00	0000016023826	0	0	0	0	0	0	0	0
$1	1511	1067	1	0	0037	1.000	5000	21.08.05	10:20	1	30	5000	5000	00	0000000000000	0	0	0	0	0	0	0	0
$1	1511	1068	1	0	0501	1.00	2290	21.08.05	10:33	1	30	2290	2290	00	5907502687577	0	0	0	0	0	0	0	0
$1	1511	1069	1	0	3847	1.00	3550	21.08.05	11:04	1	30	3550	3550	00	8806334370435	0	0	0	0	0	0	0	0
$1	1511	1069	2	0	0340	1.00	2990	21.08.05	11:04	1	30	2990	2990	00	5900168902367	0	0	0	0	0	0	0	0
$1	1511	1070	1	0	3942	1.00	1690	21.08.05	11:14	1	30	1690	1690	00	0000031039420	0	0	0	0	0	0	0	0
$1	1511	1070	2	0	0614	1.00	3190	21.08.05	11:14	1	30	3190	3190	00	0000002006147	0	0	0	0	0	0	0	0
$1	1511	1070	3	0	0498	1.00	2290	21.08.05	11:14	1	30	2290	2290	00	5907502687546	0	0	0	0	0	0	0	0
$1	1511	1070	4	0	2298	1.00	4850	21.08.05	11:14	1	30	4850	4850	00	0000014022982	0	0	0	0	0	0	0	0
$1	1511	1070	5	0	0371	1.00	1450	21.08.05	11:14	1	30	1450	1450	00	5906874565292	0	0	0	0	0	0	0	0
$1	1511	1070	6	0	0366	1.00	1150	21.08.05	11:14	1	30	1150	1150	00	5905279370159	0	0	0	0	0	0	0	0
$1	1511	1071	1	0	0013	1.000	2490	21.08.05	11:17	3	30	2490	2490	00	0000000000000	0	0	0	0	0	0	0	0
$1	1511	1072	1	0	0511	1.00	2090	21.08.05	13:26	1	30	2090	2090	00	5907502687775	0	0	0	0	0	0	0	0
$1	1511	1072	2	0	2297	1.00	4850	21.08.05	13:26	1	30	4850	4850	00	0000014022975	0	0	0	0	0	0	0	0
$1	1511	1073	1	0	2440	1.00	2590	21.08.05	13:43	1	30	2590	2590	00	0000016024403	0	0	0	0	0	0	0	0
$10	1511	1074	1	0	2024	1.00	1490	21.08.05	14:05	1	30	1490	2490	00	0000010020241	0	0	0	0	0	0	0	1
$1	1511	1074	1	0	2024	1.00	1990	21.08.05	14:05	1	30	1990	2490	00	0000010020241	0	0	0	0	0	0	0	1
$1	1511	1074	2	0	2024	1.00	1990	21.08.05	14:05	1	30	1990	2490	00	0000010020241	0	0	0	0	0	0	0	1
$1	1511	1074	3	0	1736	1.00	3490	21.08.05	14:05	1	30	3490	3490	00	0000008017369	0	0	0	0	0	0	0	0
$1	1511	1075	1	0	2665	1.00	1090	21.08.05	14:52	3	30	1090	1090	00	0000017026659	0	0	0	0	0	0	0	0
$1	1511	1076	1	0	0976	1.00	1590	21.08.05	15:14	2	30	1590	1590	00	0000005009763	0	0	0	0	0	0	0	0
$1	1511	1077	1	0	3203	1.00	290	21.08.05	15:18	1	30	290	290	00	0000021032035	0	0	0	0	0	0	0	0
$1	1511	1077	2	0	3203	1.00	290	21.08.05	15:18	1	30	290	290	00	0000021032035	0	0	0	0	0	0	0	0
$1	1511	1077	3	0	3203	1.00	290	21.08.05	15:18	1	30	290	290	00	0000021032035	0	0	0	0	0	0	0	0
$1	1511	1077	4	0	2356	1.00	4950	21.08.05	15:18	1	30	4950	4950	00	0000001023565	0	0	0	0	0	0	0	0
$1	1511	1077	5	0	3163	1.00	11050	21.08.05	15:18	1	30	11050	11050	00	0000018031638	0	0	0	0	0	0	0	0
$1	1511	1077	6	0	2350	1.00	650	21.08.05	15:18	1	30	650	650	00	0000015023506	0	0	0	0	0	0	0	0
$1	1511	1078	1	0	1803	1.00	2650	21.08.05	15:19	1	30	2650	2650	00	5711914104924	0	0	0	0	0	0	0	0
$1	1511	1079	1	0	1191	1.00	450	21.08.05	15:38	2	30	450	450	00	5909990628490	0	0	0	0	0	0	0	0
$1	1511	1080	1	0	0459	1.00	2290	21.08.05	16:47	1	30	2290	2290	00	5907502687201	0	0	0	0	0	0	0	0
$1	1511	1080	2	0	2283	1.00	1850	21.08.05	16:47	1	30	1850	1850	00	0000014022838	0	0	0	0	0	0	0	0
$1	1512	1082	1	0	1162	1.00	450	21.08.06	10:50	2	30	450	450	00	5909994311763	0	0	0	0	0	0	0	0
$1	1512	1083	1	0	3859	1.00	1090	21.08.06	11:20	1	30	1090	1090	00	0000026038599	0	0	0	0	0	0	0	0
$1	1512	1084	1	0	1249	1.00	750	21.08.06	11:21	2	30	750	750	00	5909994310667	0	0	0	0	0	0	0	0
$1	1512	1085	1	0	1224	1.00	490	21.08.06	11:28	2	30	490	490	00	5909990628643	0	0	0	0	0	0	0	0
$1	1512	1085	2	0	1165	1.00	450	21.08.06	11:28	2	30	450	450	00	0000005011650	0	0	0	0	0	0	0	0
$1	1512	1085	3	0	0996	1.00	490	21.08.06	11:28	2	30	490	490	00	5906365702076	0	0	0	0	0	0	0	0
$1	1512	1085	4	0	0965	1.00	450	21.08.06	11:28	2	30	450	450	00	5906365702038	0	0	0	0	0	0	0	0
$1	1512	1085	5	0	1188	1.00	490	21.08.06	11:28	2	30	490	490	00	5909994309425	0	0	0	0	0	0	0	0
$1	1512	1085	6	0	1081	1.00	450	21.08.06	11:28	3	30	450	450	00	5906365702816	0	0	0	0	0	0	0	0
$1	1512	1085	7	0	1012	1.00	790	21.08.06	11:28	2	30	790	790	00	5909994310865	0	0	0	0	0	0	0	0
$1	1512	1085	8	0	1094	1.00	450	21.08.06	11:28	2	30	450	450	00	5906365702229	0	0	0	0	0	0	0	0
$1	1512	1086	1	0	0026	1.000	2290	21.08.06	11:47	1	30	2290	2290	00	0000000000000	0	0	0	0	0	0	0	0
$1	1512	1086	2	0	0557	1.00	2290	21.08.06	11:47	1	30	2290	2290	00	5902249010411	0	0	0	0	0	0	0	0
$1	1512	1086	3	0	2350	2.00	1300	21.08.06	11:47	1	30	1300	1300	00	0000015023506	0	0	0	0	0	0	0	0
$1	1512	1087	1	0	3858	1.00	250	21.08.06	12:26	1	30	250	250	00	0000026038582	0	0	0	0	0	0	0	0
$1	1512	1088	1	0	3235	1.00	5550	21.08.06	14:14	1	30	5550	5550	00	0000024032353	0	0	0	0	0	0	0	0
$1	1512	1088	2	0	3251	1.00	5090	21.08.06	14:14	1	30	5090	5090	00	0000024032513	0	0	0	0	0	0	0	0
$1	1512	1088	3	0	3231	1.00	3850	21.08.06	14:14	1	30	3850	3850	00	0000024032315	0	0	0	0	0	0	0	0
$1	1512	1088	4	0	0681	1.00	3890	21.08.06	14:14	1	30	3890	3890	00	0000024006811	0	0	0	0	0	0	0	0
$1	1512	1088	5	0	2360	1.00	2950	21.08.06	14:14	1	30	2950	2950	00	0000016023604	0	0	0	0	0	0	0	0
$1	1512	1088	6	0	0790	1.00	7900	21.08.06	14:14	1	30	7900	7900	00	0000003007907	0	0	0	0	0	0	0	0
$1	1512	1088	7	0	2272	1.00	4390	21.08.06	14:14	1	30	4390	4390	00	0000014022722	0	0	0	0	0	0	0	0
$1	1512	1088	8	0	2274	1.00	3450	21.08.06	14:14	1	30	3450	3450	00	0000014022746	0	0	0	0	0	0	0	0
$1	1512	1088	9	0	2437	1.00	2590	21.08.06	14:14	1	30	2590	2590	00	0000016024373	0	0	0	0	0	0	0	0
$1	1512	1089	1	0	2433	1.00	2590	21.08.06	14:16	1	30	2590	2590	00	0000016024335	0	0	0	0	0	0	0	0
$1	1512	1090	1	0	0041	1.000	1990	21.08.06	15:24	1	30	1990	1990	00	0000000000000	0	0	0	0	0	0	0	0
$1	1512	1091	1	0	2732	1.00	650	21.08.06	15:35	2	30	650	650	00	0000020027322	0	0	0	0	0	0	0	0
$1	1512	1092	1	0	0863	1.00	5500	21.08.06	15:44	1	30	5500	5500	00	0000004008637	0	0	0	0	0	0	0	0
$1	1512	1092	2	0	2053	1.00	2550	21.08.06	15:44	1	30	2550	2550	00	0000011020530	0	0	0	0	0	0	0	0
$1	1512	1093	1	0	0002	1.000	890	21.08.06	15:58	1	30	890	890	00	0000000000000	0	0	0	0	0	0	0	0
$1	1512	1093	2	0	0002	1.000	1090	21.08.06	15:58	1	30	1090	1090	00	0000000000000	0	0	0	0	0	0	0	0
$1	1512	1093	3	0	3290	1.00	800	21.08.06	15:58	1	30	800	800	00	0000022032904	0	0	0	0	0	0	0	0
$1	1512	1094	1	0	0319	1.00	1850	21.08.06	16:22	1	30	1850	1850	00	5900168902664	0	0	0	0	0	0	0	0
$1	1512	1095	1	0	1185	1.00	450	21.08.06	16:54	2	30	450	450	00	5909990628391	0	0	0	0	0	0	0	0
$1	1512	1096	1	0	0762	1.00	3450	21.08.06	17:23	1	30	3450	3450	00	0000003007624	0	0	0	0	0	0	0	0
$1	1512	1096	2	0	0644	1.00	3090	21.08.06	17:23	1	30	3090	3090	00	5902249012088	0	0	0	0	0	0	0	0
$1	1513	1098	1	0	2289	1.00	1850	21.08.07	10:15	1	30	1850	1850	00	0000014022890	0	0	0	0	0	0	0	0
$1	1513	1099	1	0	1303	1.00	3850	21.08.07	10:22	1	30	3850	3850	00	0000006013035	0	0	0	0	0	0	0	0
$1	1513	1100	1	0	0182	1.000	1090	21.08.07	10:46	2	30	1090	1090	00	0000000000000	0	0	0	0	0	0	0	0
$1	1513	1100	2	0	0002	1.000	1090	21.08.07	10:46	1	30	1090	1090	00	0000000000000	0	0	0	0	0	0	0	0
$1	1513	1101	1	0	1068	1.00	490	21.08.07	10:53	2	30	490	490	00	5905279799400	0	0	0	0	0	0	0	0
$1	1513	1102	1	0	2350	2.00	1300	21.08.07	11:15	1	30	1300	1300	00	0000015023506	0	0	0	0	0	0	0	0
$1	1513	1103	1	0	0182	1.000	660	21.08.07	11:18	2	30	660	660	00	0000000000000	0	0	0	0	0	0	0	0
$1	1513	1104	1	0	2053	1.00	2550	21.08.07	11:25	1	30	2550	2550	00	0000011020530	0	0	0	0	0	0	0	0
$1	1513	1104	2	0	3985	1.00	1250	21.08.07	11:25	1	30	1250	1250	00	0000031039857	0	0	0	0	0	0	0	0
$1	1513	1105	1	0	3009	1.00	2090	21.08.07	11:40	1	30	2090	2090	00	0000019030098	0	0	0	0	0	0	0	0
$1	1513	1106	1	0	0182	1.000	470	21.08.07	12:40	2	30	470	470	00	0000000000000	0	0	0	0	0	0	0	0
$1	1513	1106	2	0	0182	1.000	660	21.08.07	12:40	2	30	660	660	00	0000000000000	0	0	0	0	0	0	0	0
$1	1513	1106	3	0	0976	1.00	1590	21.08.07	12:40	2	30	1590	1590	00	0000005009763	0	0	0	0	0	0	0	0
$1	1513	1106	4	0	1216	1.00	450	21.08.07	12:40	2	30	450	450	00	5909990668458	0	0	0	0	0	0	0	0
$1	1513	1106	5	0	1165	1.00	450	21.08.07	12:40	2	30	450	450	00	5909994311169	0	0	0	0	0	0	0	0
$1	1513	1106	6	0	1232	1.00	400	21.08.07	12:40	2	30	400	400	00	5909990219520	0	0	0	0	0	0	0	0
$1	1513	1106	7	0	1097	1.00	400	21.08.07	12:40	2	30	400	400	00	5909994310568	0	0	0	0	0	0	0	0
$1	1513	1106	8	0	0342	1.00	1890	21.08.07	12:40	1	30	1890	1890	00	5900168900028	0	0	0	0	0	0	0	0
$1	1513	1107	1	0	0182	1.000	1890	21.08.07	12:45	2	30	1890	1890	00	0000000000000	0	0	0	0	0	0	0	0
$1	1513	1108	1	0	2291	1.00	1950	21.08.07	12:57	1	30	1950	1950	00	0000014022913	0	0	0	0	0	0	0	0
$1	1513	1109	1	0	2309	1.00	3950	21.08.07	12:59	1	30	3950	3950	00	0000014023095	0	0	0	0	0	0	0	0
$1	1514	1111	1	0	2988	1.00	2090	21.08.10	09:41	2	30	2090	2090	00	0000019029887	0	0	0	0	0	0	0	0
$1	1514	1112	1	0	1841	1.00	3190	21.08.10	09:52	1	30	3190	3190	00	0000008018410	0	0	0	0	0	0	0	0
$1	1514	1112	2	0	1866	1.00	12050	21.08.10	09:52	1	30	12050	12050	00	0000008018663	0	0	0	0	0	0	0	0
$1	1514	1112	3	0	2348	1.00	3950	21.08.10	09:52	1	30	3950	3950	00	0000004023487	0	0	0	0	0	0	0	0
$1	1514	1113	1	0	0354	1.00	2750	21.08.10	10:42	1	30	2750	2750	00	5900168907287	0	0	0	0	0	0	0	0
$10	1514	1113	1	0	0300	1.00	2190	21.08.10	10:42	1	30	2190	2190	00	5900168901490	0	0	0	0	0	0	0	0
$1	1514	1113	2	0	3157	1.00	2990	21.08.10	10:42	1	30	2990	2990	00	5902249015782	0	0	0	0	0	0	0	0
$1	1514	1114	1	0	0300	1.00	2190	21.08.10	10:43	1	30	2190	2190	00	5900168901490	0	0	0	0	0	0	0	0
$1	1514	1115	1	0	2350	1.00	650	21.08.10	10:46	1	30	650	650	00	0000015023506	0	0	0	0	0	0	0	0
$1	1514	1116	1	0	3722	1.00	790	21.08.10	10:48	1	30	790	790	00	0000025037227	0	0	0	0	0	0	0	0
$1	1514	1116	2	0	3724	1.00	1150	21.08.10	10:48	1	30	1150	1150	00	0000025037241	0	0	0	0	0	0	0	0
$1	1514	1117	1	0	0529	1.00	2190	21.08.10	11:06	1	30	2190	2190	00	5907502687904	0	0	0	0	0	0	0	0
$1	1514	1117	2	0	0203	1.000	2850	21.08.10	11:06	1	30	2850	2850	00	0000000000000	0	0	0	0	0	0	0	0
$1	1514	1118	1	0	4007	1.00	1150	21.08.10	11:09	1	30	1150	1150	00	0000031040075	0	0	0	0	0	0	0	0
$1	1514	1119	1	0	1432	1.00	1490	21.08.10	11:13	1	30	1490	1490	00	5903760200091	0	0	0	0	0	0	0	0
$1	1514	1119	2	0	3739	1.00	650	21.08.10	11:13	1	30	650	650	00	0000025037395	0	0	0	0	0	0	0	0
$1	1514	1120	1	0	3740	1.00	490	21.08.10	11:14	1	30	490	490	00	0000025037401	0	0	0	0	0	0	0	0
$1	1514	1121	1	0	0373	1.00	1450	21.08.10	11:43	1	30	1450	1450	00	5906874565285	0	0	0	0	0	0	0	0
$1	1514	1122	1	0	3213	1.00	5390	21.08.10	12:12	1	30	5390	5390	00	0000024032131	0	0	0	0	0	0	0	0
$1	1514	1122	2	0	2024	1.00	1940	21.08.10	12:12	1	30	1940	2490	00	0000010020241	0	0	0	0	0	0	0	1
$1	1514	1123	1	0	0498	1.00	2290	21.08.10	12:35	1	30	2290	2290	00	5907502687546	0	0	0	0	0	0	0	0
$1	1514	1123	2	0	0514	1.00	2590	21.08.10	12:35	1	30	2590	2590	00	5907502687744	0	0	0	0	0	0	0	0
$1	1514	1123	3	0	3740	1.00	490	21.08.10	12:35	1	30	490	490	00	0000025037401	0	0	0	0	0	0	0	0
$1	1514	1123	4	0	0608	1.00	850	21.08.10	12:35	1	30	850	850	00	5902249011050	0	0	0	0	0	0	0	0
$1	1514	1124	1	0	1238	1.00	650	21.08.10	12:37	3	30	650	650	00	0000005012381	0	0	0	0	0	0	0	0
$1	1514	1125	1	0	0345	1.00	1890	21.08.10	15:38	1	30	1890	1890	00	5900168900387	0	0	0	0	0	0	0	0
$1	1514	1126	1	0	1459	1.00	3550	21.08.10	15:45	1	30	3550	3550	00	0000034014592	0	0	0	0	0	0	0	0
$1	1514	1127	1	0	0988	1.00	690	21.08.10	16:21	1	30	690	690	00	0000005009886	0	0	0	0	0	0	0	0
$1	1514	1128	1	0	0988	1.00	690	21.08.10	16:23	1	30	690	690	00	0000005009886	0	0	0	0	0	0	0	0
$1	1514	1129	1	0	0541	1.00	2690	21.08.10	17:00	1	30	2690	2690	00	5902249010107	0	0	0	0	0	0	0	0
$1	1514	1129	2	0	0531	1.00	2490	21.08.10	17:00	1	30	2490	2490	00	5907502687898	0	0	0	0	0	0	0	0
$1	1514	1129	3	0	1043	1.00	1050	21.08.10	17:00	2	30	1050	1050	00	0000005010431	0	0	0	0	0	0	0	0
$1	1514	1129	4	0	0952	1.00	390	21.08.10	17:00	3	30	390	390	00	5906365702472	0	0	0	0	0	0	0	0
$1	1514	1129	5	0	0952	1.00	390	21.08.10	17:00	3	30	390	390	00	5906365702472	0	0	0	0	0	0	0	0
$1	1514	1129	6	0	0982	1.00	450	21.08.10	17:00	2	30	450	450	00	5907752643385	0	0	0	0	0	0	0	0
$1	1514	1129	7	0	1178	1.00	390	21.08.10	17:00	2	30	390	390	00	5909990628360	0	0	0	0	0	0	0	0
$1	1514	1130	1	0	1162	1.00	450	21.08.10	17:01	2	30	450	450	00	5909994311763	0	0	0	0	0	0	0	0
$1	1514	1131	1	0	0492	1.00	2850	21.08.10	17:11	1	30	3050	3050	00	0000002004921	0	1	0	0	0	0	0	0
$1	1514	1132	1	0	1044	2.00	780	21.08.10	17:29	3	30	780	780	00	5907752643552	0	0	0	0	0	0	0	0
$1	1515	1134	1	0	0988	2.00	1380	21.08.11	10:34	1	30	1380	1380	00	0000005009886	0	0	0	0	0	0	0	0
$1	1515	1135	1	0	0048	1.000	1990	21.08.11	11:11	1	30	1990	1990	00	0000000000000	0	0	0	0	0	0	0	0
$1	1515	1136	1	0	2050	1.00	2550	21.08.11	12:41	1	30	2550	2550	00	0000011020509	0	0	0	0	0	0	0	0
$1	1515	1136	2	0	0038	1.000	1350	21.08.11	12:41	1	30	1350	1350	00	0000000000000	0	0	0	0	0	0	0	0
$1	1515	1136	3	0	1055	1.00	790	21.08.11	12:41	3	30	790	790	00	5905279799141	0	0	0	0	0	0	0	0
$1	1515	1136	4	0	1537	1.00	1690	21.08.11	12:41	3	30	1690	1690	00	5907804205035	0	0	0	0	0	0	0	0
$1	1515	1136	5	0	4038	1.00	2990	21.08.11	12:41	1	30	2990	2990	00	0000031040389	0	0	0	0	0	0	0	0
$1	1515	1137	1	0	1185	1.00	450	21.08.11	12:46	2	30	450	450	00	5909990628391	0	0	0	0	0	0	0	0
$1	1515	1137	2	0	1185	1.00	450	21.08.11	12:46	2	30	450	450	00	5909990628391	0	0	0	0	0	0	0	0
$1	1515	1137	3	0	1185	1.00	450	21.08.11	12:46	2	30	450	450	00	5909990628391	0	0	0	0	0	0	0	0
$1	1515	1137	4	0	1185	1.00	450	21.08.11	12:46	2	30	450	450	00	5909990628391	0	0	0	0	0	0	0	0
$1	1515	1138	1	0	1574	6.00	2940	21.08.11	14:59	2	30	2940	2940	00	5906660817215	0	0	0	0	0	0	0	0
$1	1515	1139	1	0	1643	1.00	2190	21.08.11	15:26	1	30	2190	2190	00	0000007016431	0	0	0	0	0	0	0	0
$1	1515	1140	1	0	2053	1.00	2550	21.08.11	15:53	1	30	2550	2550	00	0000011020530	0	0	0	0	0	0	0	0
$1	1515	1140	2	0	2050	1.00	2550	21.08.11	15:53	1	30	2550	2550	00	0000011020509	0	0	0	0	0	0	0	0
$1	1515	1140	3	0	0586	1.00	690	21.08.11	15:53	1	30	690	690	00	5902249010527	0	0	0	0	0	0	0	0
$1	1515	1141	1	0	0855	1.00	7400	21.08.11	16:02	1	30	7400	7400	00	0000004008552	0	0	0	0	0	0	0	0
$1	1515	1142	1	0	2343	1.00	1990	21.08.11	16:19	1	30	1990	1990	00	5900168907706	0	0	0	0	0	0	0	0
$1	1515	1142	2	0	0570	1.00	690	21.08.11	16:19	1	30	690	690	00	5902249010503	0	0	0	0	0	0	0	0
$1	1515	1142	3	0	0586	1.00	690	21.08.11	16:19	1	30	690	690	00	5902249010527	0	0	0	0	0	0	0	0
$1	1515	1142	4	0	0628	1.00	690	21.08.11	16:19	1	30	690	690	00	5902249011326	0	0	0	0	0	0	0	0
$1	1515	1142	5	0	0026	1.000	590	21.08.11	16:19	1	30	590	590	00	0000000000000	0	0	0	0	0	0	0	0
$1	1515	1142	6	0	0227	3.000	2220	21.08.11	16:19	1	30	2220	2220	00	0000000000000	0	0	0	0	0	0	0	0
$1	1515	1142	7	0	0557	1.00	2290	21.08.11	16:19	1	30	2290	2290	00	5902249010411	0	0	0	0	0	0	0	0
$1	1515	1143	1	0	2342	1.00	1990	21.08.11	16:21	1	30	1990	1990	00	5903760200558	0	0	0	0	0	0	0	0
$1	1515	1144	1	0	1007	3.10	2015	21.08.11	16:37	2	30	2015	2015	00	5907752643460	0	0	0	0	0	0	0	0
$1	1515	1145	1	0	1007	1.00	310	21.08.11	16:37	2	30	310	310	00	5907752643460	0	0	0	0	0	0	0	0
$1	1515	1146	1	0	0563	1.00	2890	21.08.11	16:47	1	30	2890	2890	00	5902249010947	0	0	0	0	0	0	0	0
$12	1515	1	1	0	2350	3.00	1950	21.08.11	17:43	1	30	1950	1950	00	0000015023506	0	0	0	0	0	0	0	0
$12	1515	1	2	0	2298	1.00	4850	21.08.11	17:43	1	30	4850	4850	00	0000014022982	0	0	0	0	0	0	0	0
$1	1516	1149	1	0	3952	1.00	3750	21.08.12	09:40	1	30	3750	3750	00	0000031039529	0	0	0	0	0	0	0	0
$1	1516	1150	1	0	1164	1.00	550	21.08.12	10:05	2	30	550	550	00	5909994311121	0	0	0	0	0	0	0	0
$1	1516	1150	2	0	2053	1.00	2550	21.08.12	10:05	1	30	2550	2550	00	0000011020530	0	0	0	0	0	0	0	0
$1	1516	1151	1	0	2748	1.00	3250	21.08.12	10:29	1	30	3250	3250	00	0000035027485	0	0	0	0	0	0	0	0
$1	1516	1151	2	0	0862	1.00	4590	21.08.12	10:29	1	30	4590	4590	00	0000004008620	0	0	0	0	0	0	0	0
$1	1516	1151	3	0	0244	1.000	990	21.08.12	10:29	1	30	990	990	00	0000000000000	0	0	0	0	0	0	0	0
$1	1516	1152	1	0	1529	1.00	5590	21.08.12	10:51	3	30	5590	5590	00	0000007015298	0	0	0	0	0	0	0	0
$1	1516	1152	2	0	0086	1.000	490	21.08.12	10:51	1	30	490	490	00	0000000000000	0	0	0	0	0	0	0	0
$1	1516	1152	3	0	1049	1.00	1350	21.08.12	10:51	3	30	1350	1350	00	0000005010493	0	0	0	0	0	0	0	0
$1	1516	1152	4	0	3172	1.00	2390	21.08.12	10:51	1	30	2390	2390	00	0000021031724	0	0	0	0	0	0	0	0
$1	1516	1153	1	0	2024	1.00	1990	21.08.12	11:05	1	30	2490	2490	00	0000010020241	0	1	0	0	0	0	0	0
$1	1516	1153	2	0	2024	1.00	1990	21.08.12	11:05	1	30	2490	2490	00	0000010020241	0	1	0	0	0	0	0	0
$1	1516	1154	1	0	1031	1.00	590	21.08.12	11:29	3	30	590	590	00	5905279799639	0	0	0	0	0	0	0	0
$1	1516	1154	2	0	1191	1.00	450	21.08.12	11:29	2	30	450	450	00	5909990628490	0	0	0	0	0	0	0	0
$1	1516	1154	3	0	1230	1.00	450	21.08.12	11:29	2	30	450	450	00	5909994310766	0	0	0	0	0	0	0	0
$1	1516	1154	4	0	1232	1.00	400	21.08.12	11:29	2	30	400	400	00	5909990219520	0	0	0	0	0	0	0	0
$1	1516	1154	5	0	1232	1.00	400	21.08.12	11:29	2	30	400	400	00	5909990219520	0	0	0	0	0	0	0	0
$1	1516	1154	6	0	1116	1.00	590	21.08.12	11:29	2	30	590	590	00	5906365702335	0	0	0	0	0	0	0	0
$1	1516	1154	7	0	1168	1.00	390	21.08.12	11:29	2	30	390	390	00	5909994310261	0	0	0	0	0	0	0	0
$1	1516	1154	8	0	1165	1.00	450	21.08.12	11:29	2	30	450	450	00	5909994311169	0	0	0	0	0	0	0	0
$1	1516	1154	9	0	2350	1.00	650	21.08.12	11:29	1	30	650	650	00	0000015023506	0	0	0	0	0	0	0	0
$1	1516	1155	1	0	2497	1.00	750	21.08.12	11:58	2	30	750	750	00	0000020024970	0	0	0	0	0	0	0	0
$1	1516	1155	2	0	3027	1.00	350	21.08.12	11:58	2	30	350	350	00	5902741001931	0	0	0	0	0	0	0	0
$1	1516	1155	3	0	2465	1.00	550	21.08.12	11:58	2	30	550	550	00	0000020024659	0	0	0	0	0	0	0	0
$1	1516	1155	4	0	1292	1.00	2690	21.08.12	11:58	3	30	2690	2690	00	0000006012922	0	0	0	0	0	0	0	0
$1	1516	1155	5	0	0317	1.00	1850	21.08.12	11:58	1	30	1850	1850	00	5905279370043	0	0	0	0	0	0	0	0
$1	1516	1156	1	0	1359	1.00	2690	21.08.12	12:04	3	30	2690	2690	00	0000006013592	0	0	0	0	0	0	0	0
$1	1516	1157	1	0	2024	1.00	1990	21.08.12	12:32	1	30	1990	2490	00	0000010020241	0	0	0	0	0	0	0	1
$1	1516	1157	2	0	2024	1.00	1990	21.08.12	12:32	1	30	1990	2490	00	0000010020241	0	0	0	0	0	0	0	1
$1	1516	1157	3	0	2024	1.00	1990	21.08.12	12:32	1	30	1990	2490	00	0000010020241	0	0	0	0	0	0	0	1
$1	1516	1157	4	0	2022	1.00	2350	21.08.12	12:32	1	30	2350	2350	00	4752208006730	0	0	0	0	0	0	0	0
$1	1516	1158	1	0	3970	1.00	1090	21.08.12	12:42	1	30	1090	1090	00	0000031039703	0	0	0	0	0	0	0	0
$1	1516	1158	2	0	1451	1.00	1490	21.08.12	12:42	1	30	1490	1490	00	5907688710205	0	0	0	0	0	0	0	0
$1	1516	1159	1	0	1437	1.00	2850	21.08.12	12:46	1	30	2850	2850	00	0000034014370	0	0	0	0	0	0	0	0
$1	1516	1160	1	0	0898	1.00	3100	21.08.12	12:48	1	30	3100	3100	00	5902596416324	0	0	0	0	0	0	0	0
$1	1516	1161	1	0	0353	1.00	2750	21.08.12	12:52	1	30	2750	2750	00	5900168900707	0	0	0	0	0	0	0	0
$1	1516	1162	1	0	1132	1.00	550	21.08.12	13:37	2	30	550	550	00	5907752643491	0	0	0	0	0	0	0	0
$1	1516	1162	2	0	3312	1.00	890	21.08.12	13:37	1	30	890	890	00	0000022033123	0	0	0	0	0	0	0	0
$1	1516	1162	3	0	2713	1.00	1000	21.08.12	13:37	3	30	1000	1000	00	0000017027137	0	0	0	0	0	0	0	0
$1	1516	1163	1	0	3793	1.00	350	21.08.12	13:44	1	30	350	350	00	0000025037937	0	0	0	0	0	0	0	0
$1	1516	1163	2	0	0226	1.000	1240	21.08.12	13:44	1	30	1240	1240	00	0000000000000	0	0	0	0	0	0	0	0
$1	1516	1164	1	0	0366	1.00	1150	21.08.12	13:55	1	30	1150	1150	00	5905279370159	0	0	0	0	0	0	0	0
$1	1516	1164	2	0	2053	1.00	2550	21.08.12	13:55	1	30	2550	2550	00	0000011020530	0	0	0	0	0	0	0	0
$1	1516	1165	1	0	2335	1.00	2990	21.08.12	13:56	1	30	2990	2990	00	0000028023357	0	0	0	0	0	0	0	0
$1	1516	1166	1	0	0354	1.00	2750	21.08.12	13:56	1	30	2750	2750	00	5900168907287	0	0	0	0	0	0	0	0
$1	1516	1167	1	0	1713	1.00	3190	21.08.12	14:30	1	30	3190	3190	00	5907688710588	0	0	0	0	0	0	0	0
$1	1516	1168	1	0	1629	1.00	2690	21.08.12	14:48	1	30	2690	2690	00	5906660815969	0	0	0	0	0	0	0	0
$1	1516	1169	1	0	0182	1.000	1890	21.08.12	14:59	2	30	1890	1890	00	0000000000000	0	0	0	0	0	0	0	0
$1	1516	1170	1	0	0608	1.00	850	21.08.12	15:01	1	30	850	850	00	5902249011050	0	0	0	0	0	0	0	0
$1	1516	1170	2	0	0628	1.00	690	21.08.12	15:01	1	30	690	690	00	5902249011326	0	0	0	0	0	0	0	0
$1	1516	1171	1	0	2934	1.00	2950	21.08.12	15:14	1	30	2950	2950	00	0000024029346	0	0	0	0	0	0	0	0
$1	1516	1171	2	0	3243	1.00	2750	21.08.12	15:14	1	30	2750	2750	00	0000024032438	0	0	0	0	0	0	0	0
$1	1516	1171	3	0	3740	1.00	490	21.08.12	15:14	1	30	490	490	00	0000025037401	0	0	0	0	0	0	0	0
$12	1516	1	1	0	0026	1.000	2390	21.08.12	15:53	1	30	2390	2390	00	0000000000000	0	0	0	0	0	0	0	0
$1	1516	1173	1	0	0026	1.000	1390	21.08.12	15:53	1	30	1390	1390	00	0000000000000	0	0	0	0	0	0	0	0
$1	1516	1174	1	0	1208	1.00	550	21.08.12	16:01	2	30	550	550	00	5909990312016	0	0	0	0	0	0	0	0
$1	1516	1174	2	0	1172	1.00	450	21.08.12	16:01	2	30	450	450	00	5909994308725	0	0	0	0	0	0	0	0
$10	1516	1175	1	0	1543	1.00	4750	21.08.12	16:23	3	30	4750	4750	00	5907804205073	0	0	0	0	0	0	0	0
$1	1516	1175	1	0	3940	1.00	1790	21.08.12	16:23	1	30	1790	1790	00	0000031039406	0	0	0	0	0	0	0	0
$1	1516	1176	1	0	0301	1.00	1690	21.08.12	16:39	1	30	1690	1690	00	5900168908536	0	0	0	0	0	0	0	0
$1	1516	1176	2	0	2053	1.00	2550	21.08.12	16:39	1	30	2550	2550	00	0000011020530	0	0	0	0	0	0	0	0
$1	1516	1176	3	0	1949	1.00	1450	21.08.12	16:39	2	30	1450	1450	00	0000009019492	0	0	0	0	0	0	0	0
$1	1516	1176	4	0	2024	1.00	2490	21.08.12	16:39	1	30	2490	2490	00	0000010020241	0	0	0	0	0	0	0	0
$1	1516	1176	5	0	3160	1.00	1890	21.08.12	16:39	1	30	1890	1890	00	0000008031600	0	0	0	0	0	0	0	0
$1	1516	1177	1	0	1821	1.00	1890	21.08.12	16:41	1	30	1890	1890	00	0000008018212	0	0	0	0	0	0	0	0
$11	1516	2	1	0	3160	1.00	1890	21.08.12	17:21	1	30	1890	1890	00	0000008031600	0	0	0	0	0	0	0	0
$11	1516	2	2	0	0038	1.000	1450	21.08.12	17:21	1	30	1450	1450	00	0000000000000	0	0	0	0	0	0	0	0
$1	1516	1179	1	0	1165	1.00	450	21.08.12	17:42	2	30	450	450	00	5909994311169	0	0	0	0	0	0	0	0
$1	1517	1182	1	0	1181	1.00	390	21.08.13	10:18	2	30	390	390	00	5909994310964	0	0	0	0	0	0	0	0
$1	1517	1182	2	0	1085	1.00	590	21.08.13	10:18	2	30	590	590	00	5906365702779	0	0	0	0	0	0	0	0
$1	1517	1182	3	0	1068	1.00	490	21.08.13	10:18	2	30	490	490	00	5905279799400	0	0	0	0	0	0	0	0
$1	1517	1183	1	0	0498	1.00	2290	21.08.13	10:42	1	30	2290	2290	00	5907502687546	0	0	0	0	0	0	0	0
$1	1517	1183	2	0	0471	1.00	3050	21.08.13	10:42	1	30	3050	3050	00	5907502687270	0	0	0	0	0	0	0	0
$1	1517	1184	1	0	0550	1.00	2290	21.08.13	10:59	1	30	2290	2290	00	5902249010367	0	0	0	0	0	0	0	0
$1	1517	1185	1	0	0038	1.000	1890	21.08.13	11:22	1	30	1890	1890	00	0000000000000	0	0	0	0	0	0	0	0
$1	1517	1186	1	0	2938	1.00	4490	21.08.13	11:45	1	30	4490	4490	00	0000024029384	0	0	0	0	0	0	0	0
$1	1517	1186	2	0	2938	1.00	4490	21.08.13	11:45	1	30	4490	4490	00	0000024029384	0	0	0	0	0	0	0	0
$1	1517	1186	3	0	0608	1.00	850	21.08.13	11:45	1	30	850	850	00	5902249011050	0	0	0	0	0	0	0	0
$1	1517	1186	4	0	0026	1.000	590	21.08.13	11:45	1	30	590	590	00	0000000000000	0	0	0	0	0	0	0	0
$1	1517	1187	1	0	3793	1.00	350	21.08.13	11:48	1	30	350	350	00	0000025037937	0	0	0	0	0	0	0	0
$1	1517	1188	1	0	2024	1.00	1990	21.08.13	11:51	1	30	1990	2490	00	0000010020241	0	0	0	0	0	0	0	1
$1	1517	1188	2	0	2024	1.00	1990	21.08.13	11:51	1	30	1990	2490	00	0000010020241	0	0	0	0	0	0	0	1
$1	1517	1189	1	0	1183	1.00	590	21.08.13	12:02	2	30	590	590	00	5909990628414	0	0	0	0	0	0	0	0
$1	1517	1190	1	0	1068	1.00	490	21.08.13	12:24	2	30	490	490	00	5905279799400	0	0	0	0	0	0	0	0
$1	1517	1191	1	0	1206	1.00	490	21.08.13	12:43	2	30	490	490	00	5909990903115	0	0	0	0	0	0	0	0
$1	1517	1191	2	0	1232	1.00	400	21.08.13	12:43	2	30	400	400	00	5909990219520	0	0	0	0	0	0	0	0
$1	1517	1191	3	0	1230	1.00	450	21.08.13	12:43	2	30	450	450	00	5909994310766	0	0	0	0	0	0	0	0
$1	1517	1191	4	0	1233	1.00	650	21.08.13	12:43	2	30	650	650	00	5909990628223	0	0	0	0	0	0	0	0
$1	1517	1191	5	0	1226	1.00	450	21.08.13	12:43	2	30	450	450	00	5909990219025	0	0	0	0	0	0	0	0
$1	1517	1191	6	0	1181	1.00	390	21.08.13	12:43	2	30	390	390	00	5909994310964	0	0	0	0	0	0	0	0
$1	1517	1191	7	0	1097	1.00	400	21.08.13	12:43	2	30	400	400	00	5909994310568	0	0	0	0	0	0	0	0
$1	1517	1191	8	0	1193	1.00	450	21.08.13	12:43	2	30	450	450	00	5909990195725	0	0	0	0	0	0	0	0
$1	1517	1191	9	0	1168	1.00	390	21.08.13	12:43	2	30	390	390	00	5909994310261	0	0	0	0	0	0	0	0
$1	1517	1191	10	0	0955	1.00	390	21.08.13	12:43	3	30	390	390	00	0000005009558	0	0	0	0	0	0	0	0
$1	1517	1192	1	0	0987	1.00	890	21.08.13	12:55	1	30	890	890	00	0000005009879	0	0	0	0	0	0	0	0
$1	1517	1193	1	0	2053	1.00	2550	21.08.13	13:05	1	30	2550	2550	00	0000011020530	0	0	0	0	0	0	0	0
$1	1517	1194	1	0	1039	1.00	550	21.08.13	13:16	2	30	550	550	00	5906365702823	0	0	0	0	0	0	0	0
$1	1517	1195	1	0	2392	1.00	2890	21.08.13	13:43	1	30	2890	2890	00	0000016023925	0	0	0	0	0	0	0	0
$1	1517	1195	2	0	1574	1.00	490	21.08.13	13:43	2	30	490	490	00	5906660817215	0	0	0	0	0	0	0	0
$1	1517	1196	1	0	2702	1.00	1350	21.08.13	13:45	3	30	1350	1350	00	0000017027021	0	0	0	0	0	0	0	0
$1	1517	1197	1	0	0313	1.00	1890	21.08.13	13:49	1	30	1890	1890	00	5900168907249	0	0	0	0	0	0	0	0
$1	1517	1198	1	0	0486	1.00	1990	21.08.13	13:59	1	30	1990	1990	00	5902249010688	0	0	0	0	0	0	0	0
$1	1517	1199	1	0	3554	1.00	7950	21.08.13	14:52	1	30	7950	7950	00	0000024035545	0	0	0	0	0	0	0	0
$1	1517	1200	1	0	0002	1.000	820	21.08.13	15:18	1	30	820	820	00	0000000000000	0	0	0	0	0	0	0	0
$1	1517	1200	2	0	1112	1.00	490	21.08.13	15:18	2	30	490	490	00	5906365702267	0	0	0	0	0	0	0	0
$1	1517	1200	3	0	1203	1.00	550	21.08.13	15:18	2	30	550	550	00	5909990219612	0	0	0	0	0	0	0	0
$1	1517	1200	4	0	1055	1.00	790	21.08.13	15:18	3	30	790	790	00	5905279799141	0	0	0	0	0	0	0	0
$1	1517	1200	5	0	0971	1.00	790	21.08.13	15:18	2	30	790	790	00	5905279799516	0	0	0	0	0	0	0	0
$1	1517	1200	6	0	1543	1.00	4750	21.08.13	15:18	3	30	4750	4750	00	5907804205073	0	0	0	0	0	0	0	0
$1	1517	1201	1	0	0012	1.000	1490	21.08.13	15:27	1	30	1490	1490	00	0000000000000	0	0	0	0	0	0	0	0
$1	1517	1202	1	0	0342	1.00	1890	21.08.13	15:29	1	30	1890	1890	00	5900168900028	0	0	0	0	0	0	0	0
$1	1517	1203	1	0	2024	1.00	2490	21.08.13	16:23	1	30	2490	2490	00	0000010020241	0	0	0	0	0	0	0	0
$1	1517	1204	1	0	2344	1.00	1990	21.08.13	17:00	1	30	1990	1990	00	5900168907690	0	0	0	0	0	0	0	0
$1	1517	1204	2	0	3009	1.00	2090	21.08.13	17:00	1	30	2090	2090	00	0000019030098	0	0	0	0	0	0	0	0
$1	1517	1204	3	0	3906	1.00	3850	21.08.13	17:00	1	30	3850	3850	00	0000028039068	0	0	0	0	0	0	0	0
$1	1517	1205	1	0	0342	1.00	1890	21.08.13	17:01	1	30	1890	1890	00	5900168900028	0	0	0	0	0	0	0	0
$1	1517	1206	1	0	1461	1.00	2850	21.08.13	17:22	1	30	2850	2850	00	5907688710571	0	0	0	0	0	0	0	0
$1	1518	1209	1	0	1181	1.00	390	21.08.14	10:01	2	30	390	390	00	5909994310964	0	0	0	0	0	0	0	0
$1	1518	1210	1	0	0372	1.00	1450	21.08.14	10:23	1	30	1450	1450	00	5906874565278	0	0	0	0	0	0	0	0
$1	1518	1211	1	0	3442	1.00	1250	21.08.14	10:27	1	30	1250	1250	00	0000023034426	0	0	0	0	0	0	0	0
$1	1518	1211	2	0	2009	1.00	2950	21.08.14	10:27	1	30	2950	2950	00	0000009020092	0	0	0	0	0	0	0	0
$1	1518	1211	3	0	0351	1.00	2750	21.08.14	10:27	1	30	2750	2750	00	5900168900219	0	0	0	0	0	0	0	0
$12	1518	1	1	0	1233	1.00	650	21.08.14	10:33	2	30	650	650	00	5909990628223	0	0	0	0	0	0	0	0
$1	1518	1213	1	0	0026	1.000	1112	21.08.14	10:35	1	30	1390	1390	00	0000000000000	0	1	0	0	0	0	0	0
$1	1518	1213	2	0	0226	1.000	2280	21.08.14	10:35	1	30	2850	2850	00	0000000000000	0	1	0	0	0	0	0	0
$12	1518	2	1	0	0163	1.000	260	21.08.14	10:37	1	30	260	260	00	0000000000000	0	0	0	0	0	0	0	0
$1	1518	1215	1	0	0120	1.000	260	21.08.14	10:38	1	30	260	260	00	0000000000000	0	0	0	0	0	0	0	0
$1	1518	1215	2	0	0120	1.000	1690	21.08.14	10:38	1	30	1690	1690	00	0000000000000	0	0	0	0	0	0	0	0
$1	1518	1216	1	0	0002	1.000	1290	21.08.14	10:47	1	30	1290	1290	00	0000000000000	0	0	0	0	0	0	0	0
$1	1518	1216	2	0	1112	1.00	490	21.08.14	10:47	2	30	490	490	00	5906365702267	0	0	0	0	0	0	0	0
$1	1518	1217	1	0	1032	1.00	950	21.08.14	10:53	3	30	950	950	00	0000005010325	0	0	0	0	0	0	0	0
$1	1518	1218	1	0	2350	1.00	650	21.08.14	10:55	1	30	650	650	00	0000015023506	0	0	0	0	0	0	0	0
$1	1518	1219	1	0	2293	1.00	3590	21.08.14	11:18	1	30	3590	3590	00	0000014022937	0	0	0	0	0	0	0	0
$1	1518	1220	1	0	1230	1.00	450	21.08.14	11:36	2	30	450	450	00	5909994310766	0	0	0	0	0	0	0	0
$1	1518	1220	2	0	1191	1.00	450	21.08.14	11:36	2	30	450	450	00	5909990628490	0	0	0	0	0	0	0	0
$1	1518	1220	3	0	1097	1.00	400	21.08.14	11:36	2	30	400	400	00	5909994310568	0	0	0	0	0	0	0	0
$1	1518	1221	1	0	1187	1.00	390	21.08.14	11:42	2	30	390	390	00	5909990628476	0	0	0	0	0	0	0	0
$1	1518	1222	1	0	3790	1.00	2850	21.08.14	11:49	1	30	2850	2850	00	0000025037906	0	0	0	0	0	0	0	0
$1	1518	1222	2	0	3937	1.00	1490	21.08.14	11:49	1	30	1490	1490	00	0000031039376	0	0	0	0	0	0	0	0
$1	1518	1222	3	0	3901	1.00	950	21.08.14	11:49	1	30	950	950	00	0000028039013	0	0	0	0	0	0	0	0
$1	1518	1222	4	0	2024	1.00	1990	21.08.14	11:49	1	30	1990	2490	00	0000010020241	0	0	0	0	0	0	0	1
$1	1518	1222	5	0	2024	1.00	1850	21.08.14	11:49	1	30	1850	2490	00	0000010020241	0	0	0	0	0	0	0	1
$1	1518	1223	1	0	3793	1.00	350	21.08.14	12:00	1	30	350	350	00	0000025037937	0	0	0	0	0	0	0	0
$1	1518	1223	2	0	0086	1.000	490	21.08.14	12:00	1	30	490	490	00	0000000000000	0	0	0	0	0	0	0	0
$1	1518	1224	1	0	0103	1.000	590	21.08.14	12:10	1	30	590	590	00	0000000000000	0	0	0	0	0	0	0	0
$1	1518	1225	1	0	3393	1.00	2950	21.08.14	12:29	1	30	2950	2950	00	0000023033931	0	0	0	0	0	0	0	0
$1	1518	1225	2	0	2429	1.00	2590	21.08.14	12:29	1	30	2590	2590	00	0000016024298	0	0	0	0	0	0	0	0
$1	1518	1226	1	0	2053	1.00	2550	21.08.14	12:39	1	30	2550	2550	00	0000011020530	0	0	0	0	0	0	0	0
$1	1518	1227	1	0	0502	1.00	2090	21.08.14	12:42	1	30	2090	2090	00	5907502687522	0	0	0	0	0	0	0	0
$1	1518	1227	2	0	0503	1.00	2090	21.08.14	12:42	1	30	2090	2090	00	5907502687539	0	0	0	0	0	0	0	0
$1	1519	1229	1	0	0002	1.000	510	21.08.17	10:05	1	30	510	510	00	0000000000000	0	0	0	0	0	0	0	0
$1	1519	1230	1	0	3740	3.00	1470	21.08.17	10:24	1	30	1470	1470	00	0000025037401	0	0	0	0	0	0	0	0
$1	1519	1230	2	0	3793	1.00	350	21.08.17	10:24	1	30	350	350	00	0000025037937	0	0	0	0	0	0	0	0
$1	1519	1230	3	0	3793	1.00	350	21.08.17	10:24	1	30	350	350	00	0000025037937	0	0	0	0	0	0	0	0
$1	1519	1231	1	0	1191	3.00	1350	21.08.17	10:52	2	30	1350	1350	00	5909990628490	0	0	0	0	0	0	0	0
$1	1519	1231	2	0	1181	4.00	1560	21.08.17	10:52	2	30	1560	1560	00	5909994310964	0	0	0	0	0	0	0	0
$1	1519	1231	3	0	1083	2.00	900	21.08.17	10:52	2	30	900	900	00	5906365702182	0	0	0	0	0	0	0	0
$1	1519	1231	4	0	1085	2.00	1180	21.08.17	10:52	2	30	1180	1180	00	5906365702779	0	0	0	0	0	0	0	0
$1	1519	1231	5	0	1232	4.00	1600	21.08.17	10:52	2	30	1600	1600	00	5909990219520	0	0	0	0	0	0	0	0
$1	1519	1232	1	0	0048	1.000	15	21.08.17	11:22	1	30	1450	1450	00	0000000000000	0	1	0	0	0	0	0	0
$1	1519	1232	2	0	0038	1.000	26	21.08.17	11:22	1	30	2550	2550	00	0000000000000	0	1	0	0	0	0	0	0
$1	1519	1232	3	0	0026	1.000	6	21.08.17	11:22	1	30	590	590	00	0000000000000	0	1	0	0	0	0	0	0
$1	1519	1233	1	0	2448	1.00	7390	21.08.17	11:25	1	30	7390	7390	00	5902249015164	0	0	0	0	0	0	0	0
$1	1519	1233	2	0	2053	1.00	2550	21.08.17	11:25	1	30	2550	2550	00	0000011020530	0	0	0	0	0	0	0	0
$1	1519	1234	1	0	3009	1.00	2090	21.08.17	11:34	1	30	2090	2090	00	0000019030098	0	0	0	0	0	0	0	0
$1	1519	1235	1	0	0625	1.00	2990	21.08.17	11:41	1	30	2990	2990	00	5902249011302	0	0	0	0	0	0	0	0
$1	1519	1235	2	0	0480	1.00	3190	21.08.17	11:41	1	30	3190	3190	00	5902249010428	0	0	0	0	0	0	0	0
$1	1519	1236	1	0	0451	2.00	7500	21.08.17	11:50	1	30	7500	7500	00	5907502687102	0	0	0	0	0	0	0	0
$1	1519	1236	2	0	0472	1.00	1290	21.08.17	11:50	1	30	1290	1290	00	5907502687300	0	0	0	0	0	0	0	0
$1	1519	1237	1	0	3934	1.00	1090	21.08.17	12:17	1	30	1090	1090	00	8691190967178	0	0	0	0	0	0	0	0
$1	1519	1237	2	0	3948	1.00	1950	21.08.17	12:17	1	30	1950	1950	00	8691190967208	0	0	0	0	0	0	0	0
$1	1519	1238	1	0	0895	1.00	3890	21.08.17	13:03	1	30	3890	3890	00	5902596416294	0	0	0	0	0	0	0	0
$1	1519	1238	2	0	0599	1.00	2350	21.08.17	13:03	1	30	2350	2350	00	5902249010961	0	0	0	0	0	0	0	0
$1	1519	1239	1	0	1197	1.00	117	21.08.17	13:21	2	30	390	390	00	5909994309128	0	1	0	0	0	0	0	0
$1	1519	1239	2	0	1179	1.00	147	21.08.17	13:21	2	30	490	490	00	5909994309524	0	1	0	0	0	0	0	0
$1	1519	1239	3	0	0965	1.00	135	21.08.17	13:21	2	30	450	450	00	5906365702038	0	1	0	0	0	0	0	0
$1	1519	1239	4	0	1231	1.00	135	21.08.17	13:21	2	30	450	450	00	5909994310469	0	1	0	0	0	0	0	0
$1	1519	1240	1	0	0048	1.000	6490	21.08.17	14:06	1	30	6490	6490	00	0000000000000	0	0	0	0	0	0	0	0
$1	1519	1241	1	0	0583	1.00	3750	21.08.17	14:35	1	30	3750	3750	00	5902249010589	0	0	0	0	0	0	0	0
$1	1519	1242	1	0	2347	1.00	3950	21.08.17	14:51	1	30	3950	3950	00	0000004023470	0	0	0	0	0	0	0	0
$1	1519	1242	2	0	2348	1.00	3950	21.08.17	14:51	1	30	3950	3950	00	0000004023487	0	0	0	0	0	0	0	0
$1	1519	1243	1	0	0868	1.00	5490	21.08.17	14:59	1	30	5490	5490	00	0000004008682	0	0	0	0	0	0	0	0
$1	1519	1243	2	0	0893	1.00	3990	21.08.17	14:59	1	30	3990	3990	00	0000004008934	0	0	0	0	0	0	0	0
$1	1519	1243	3	0	0903	1.00	2990	21.08.17	14:59	1	30	2990	2990	00	0000004009030	0	0	0	0	0	0	0	0
$1	1519	1244	1	0	2024	2.00	3980	21.08.17	15:42	1	30	3980	4980	00	0000010020241	0	0	0	0	0	0	0	1
$1	1519	1245	1	0	2427	1.00	2590	21.08.17	16:12	1	30	2590	2590	00	0000016024274	0	0	0	0	0	0	0	0
$1	1520	1247	1	0	2138	1.00	1150	21.08.18	10:23	1	30	1150	1150	00	5901887000136	0	0	0	0	0	0	0	0
$1	1520	1248	1	0	0066	1.000	1190	21.08.18	10:56	1	30	1190	1190	00	0000000000000	0	0	0	0	0	0	0	0
$1	1520	1249	1	0	1574	4.00	1960	21.08.18	10:59	2	30	1960	1960	00	0000007015748	0	0	0	0	0	0	0	0
$1	1520	1250	1	0	0041	1.000	4990	21.08.18	11:11	1	30	4990	4990	00	0000000000000	0	0	0	0	0	0	0	0
$12	1520	1	1	0	2829	1.00	13550	21.08.18	11:34	1	30	13550	13550	00	0000018028294	0	0	0	0	0	0	0	0
$12	1520	1	2	0	2837	1.00	10950	21.08.18	11:34	1	30	10950	10950	00	0000018028379	0	0	0	0	0	0	0	0
$12	1520	2	1	0	2357	1.00	11850	21.08.18	11:34	1	30	11850	11850	00	5903760200336	0	0	0	0	0	0	0	0
$12	1520	2	2	0	2355	1.00	9850	21.08.18	11:34	1	30	9850	9850	00	0000001023558	0	0	0	0	0	0	0	0
$12	1520	2	3	0	0304	1.00	2250	21.08.18	11:34	1	30	2250	2250	00	5900168908451	0	0	0	0	0	0	0	0
$1	1520	1253	1	0	0304	1.00	2250	21.08.18	11:35	1	30	2250	2250	00	5900168908451	0	0	0	0	0	0	0	0
$1	1520	1254	1	0	2829	1.00	13550	21.08.18	11:37	1	30	13550	13550	00	0000018028294	0	0	0	0	0	0	0	0
$1	1520	1254	2	0	0048	1.000	6490	21.08.18	11:37	1	30	6490	6490	00	0000000000000	0	0	0	0	0	0	0	0
$1	1520	1255	1	0	0665	1.00	2690	21.08.18	11:39	1	30	2690	2690	00	5902249015041	0	0	0	0	0	0	0	0
$1	1520	1256	1	0	0182	1.000	1250	21.08.18	11:56	2	30	1250	1250	00	0000000000000	0	0	0	0	0	0	0	0
$1	1520	1257	1	0	1237	2.00	1700	21.08.18	11:57	3	30	1700	1700	00	0000005012374	0	0	0	0	0	0	0	0
$1	1520	1258	1	0	0038	1.000	890	21.08.18	12:00	1	30	890	890	00	0000000000000	0	0	0	0	0	0	0	0
$1	1520	1259	1	0	2507	1.00	1090	21.08.18	12:08	2	30	1090	1090	00	0000020025076	0	0	0	0	0	0	0	0
$1	1520	1259	2	0	1715	1.00	2290	21.08.18	12:08	1	30	2290	2290	00	5907688710649	0	0	0	0	0	0	0	0
$1	1520	1259	3	0	0519	1.00	2490	21.08.18	12:08	1	30	2490	2490	00	5907502687720	0	0	0	0	0	0	0	0
$1	1520	1259	4	0	0041	1.000	920	21.08.18	12:08	1	30	920	920	00	0000000000000	0	0	0	0	0	0	0	0
$1	1520	1260	1	0	3052	1.00	7	21.08.18	12:12	2	30	7	650	00	0000020030520	0	0	0	0	0	0	0	1
$1	1520	1261	1	0	2350	2.00	1300	21.08.18	12:13	1	30	1300	1300	00	0000015023506	0	0	0	0	0	0	0	0
$1	1520	1261	2	0	3901	1.00	950	21.08.18	12:13	1	30	950	950	00	0000028039013	0	0	0	0	0	0	0	0
$1	1520	1262	1	0	0048	1.000	3590	21.08.18	12:21	1	30	3590	3590	00	0000000000000	0	0	0	0	0	0	0	0
$1	1520	1263	1	0	1573	1.00	490	21.08.18	12:21	2	30	490	490	00	5906660817208	0	0	0	0	0	0	0	0
$1	1520	1264	1	0	2719	1.00	750	21.08.18	12:28	2	30	750	750	00	0000017027199	0	0	0	0	0	0	0	0
$1	1520	1265	1	0	1319	1.00	3850	21.08.18	12:30	1	30	3850	3850	00	0000006013196	0	0	0	0	0	0	0	0
$1	1520	1266	1	0	3219	1.00	3550	21.08.18	12:43	1	30	3550	3550	00	0000024032193	0	0	0	0	0	0	0	0
$1	1520	1266	2	0	3219	1.00	3550	21.08.18	12:43	1	30	3550	3550	00	0000024032193	0	0	0	0	0	0	0	0
$1	1520	1266	3	0	1268	2.00	7180	21.08.18	12:43	1	30	7180	7180	00	0000024012683	0	0	0	0	0	0	0	0
$1	1520	1266	4	0	2929	1.00	3150	21.08.18	12:43	1	30	3150	3150	00	0000024029292	0	0	0	0	0	0	0	0
$1	1520	1266	5	0	0814	1.00	3150	21.08.18	12:43	1	30	3150	3150	00	0000024008143	0	0	0	0	0	0	0	0
$1	1520	1267	1	0	0662	1.00	3190	21.08.18	13:12	1	30	3190	3190	00	5902249014952	0	0	0	0	0	0	0	0
$1	1520	1267	2	0	0555	1.00	2390	21.08.18	13:12	1	30	2390	2390	00	5902249010398	0	0	0	0	0	0	0	0
$1	1520	1267	3	0	0012	1.000	1490	21.08.18	13:12	1	30	1490	1490	00	0000000000000	0	0	0	0	0	0	0	0
$1	1520	1267	4	0	0502	1.00	2090	21.08.18	13:12	1	30	2090	2090	00	5907502687522	0	0	0	0	0	0	0	0
$1	1520	1267	5	0	0642	1.00	3090	21.08.18	13:12	1	30	3090	3090	00	5902249011562	0	0	0	0	0	0	0	0
$1	1520	1268	1	0	0345	1.00	1890	21.08.18	13:40	1	30	1890	1890	00	5900168900387	0	0	0	0	0	0	0	0
$1	1520	1268	2	0	0342	1.00	1890	21.08.18	13:40	1	30	1890	1890	00	5900168900028	0	0	0	0	0	0	0	0
$1	1520	1268	3	0	2307	1.00	3750	21.08.18	13:40	1	30	3750	3750	00	0000014023071	0	0	0	0	0	0	0	0
$1	1520	1268	4	0	0606	1.00	3990	21.08.18	13:40	1	30	3990	3990	00	5902249011104	0	0	0	0	0	0	0	0
$1	1520	1269	1	0	3533	1.00	8850	21.08.18	13:46	1	30	8850	8850	00	0000024035330	0	0	0	0	0	0	0	0
$1	1520	1269	2	0	1703	1.00	1990	21.08.18	13:46	1	30	1990	1990	00	0000007017032	0	0	0	0	0	0	0	0
$1	1520	1269	3	0	4020	1.00	1150	21.08.18	13:46	1	30	1150	1150	00	8691190864019	0	0	0	0	0	0	0	0
$1	1520	1270	1	0	0537	1.00	2490	21.08.18	13:55	1	30	2490	2490	00	5902249010121	0	0	0	0	0	0	0	0
$1	1520	1270	2	0	2024	2.00	3980	21.08.18	13:55	1	30	3980	4980	00	0000010020241	0	0	0	0	0	0	0	1
$1	1520	1271	1	0	0082	1.000	890	21.08.18	14:08	1	30	890	890	00	0000000000000	0	0	0	0	0	0	0	0
$1	1520	1272	1	0	1010	1.00	350	21.08.18	14:38	2	30	350	350	00	5906365702908	0	0	0	0	0	0	0	0
$1	1520	1273	1	0	3574	1.00	2450	21.08.18	15:16	1	30	2450	2450	00	0000024035743	0	0	0	0	0	0	0	0
$1	1520	1274	1	0	1479	1.00	3350	21.08.18	15:56	3	30	3350	3350	00	5907804205332	0	0	0	0	0	0	0	0
$1	1520	1275	1	0	0653	1.00	3990	21.08.18	16:48	1	30	3990	3990	00	0000002006536	0	0	0	0	0	0	0	0
$10	1520	1276	1	0	0655	1.00	3990	21.08.18	17:19	1	30	3990	3990	00	5902249011630	0	0	0	0	0	0	0	0
$1	1520	1276	1	0	0038	2.000	2900	21.08.18	17:19	1	30	2900	2900	00	0000000000000	0	0	0	0	0	0	0	0
$1	1520	1276	2	0	0038	1.000	810	21.08.18	17:19	1	30	810	810	00	0000000000000	0	0	0	0	0	0	0	0
$1	1521	1278	1	0	3794	1.00	1350	21.08.19	10:18	1	30	1350	1350	00	0000025037944	0	0	0	0	0	0	0	0
$1	1521	1278	2	0	2666	1.00	1850	21.08.19	10:18	2	30	1850	1850	00	0000017026666	0	0	0	0	0	0	0	0
$1	1521	1279	1	0	3214	1.00	3750	21.08.19	10:43	1	30	3750	3750	00	0000024032148	0	0	0	0	0	0	0	0
$1	1521	1279	2	0	1974	1.00	1750	21.08.19	10:43	2	30	1750	1750	00	0000009019744	0	0	0	0	0	0	0	0
$1	1521	1279	3	0	3903	1.00	2150	21.08.19	10:43	1	30	2150	2150	00	0000028039037	0	0	0	0	0	0	0	0
$1	1521	1279	4	0	3909	1.00	5350	21.08.19	10:43	1	30	5350	5350	00	0000028039099	0	0	0	0	0	0	0	0
$1	1521	1280	1	0	0182	1.000	780	21.08.19	10:49	2	30	780	780	00	0000000000000	0	0	0	0	0	0	0	0
$1	1521	1280	2	0	0973	1.00	390	21.08.19	10:49	2	30	390	390	00	5905279799448	0	0	0	0	0	0	0	0
$1	1521	1280	3	0	0002	1.000	820	21.08.19	10:49	1	30	820	820	00	0000000000000	0	0	0	0	0	0	0	0
$1	1521	1281	1	0	0666	1.00	2290	21.08.19	11:20	1	30	2290	2290	00	5902249014808	0	0	0	0	0	0	0	0
$1	1521	1281	2	0	1450	1.00	1850	21.08.19	11:20	1	30	1850	1850	00	0000034014509	0	0	0	0	0	0	0	0
$1	1521	1282	1	0	2814	1.00	6990	21.08.19	11:34	1	30	6990	6990	00	0000009019546	0	0	0	0	0	0	0	0
$1	1521	1282	2	0	0531	1.00	2490	21.08.19	11:34	1	30	2490	2490	00	5907502687898	0	0	0	0	0	0	0	0
$1	1521	1282	3	0	2354	1.00	9850	21.08.19	11:34	1	30	9850	9850	00	5903760200305	0	0	0	0	0	0	0	0
$1	1521	1283	1	0	2090	1.00	7450	21.08.19	11:44	1	30	7450	7450	00	5906874538876	0	0	0	0	0	0	0	0
$1	1521	1284	1	0	2009	1.00	2950	21.08.19	11:49	1	30	2950	2950	00	0680275060864	0	0	0	0	0	0	0	0
$1	1521	1285	1	0	3945	1.00	1490	21.08.19	11:53	1	30	1490	1490	00	8691190967253	0	0	0	0	0	0	0	0
$1	1521	1285	2	0	3943	1.00	3950	21.08.19	11:53	1	30	3950	3950	00	8691190967499	0	0	0	0	0	0	0	0
$1	1521	1285	3	0	3942	1.00	1690	21.08.19	11:53	1	30	1690	1690	00	8691190967482	0	0	0	0	0	0	0	0
$1	1521	1285	4	0	3932	1.00	1590	21.08.19	11:53	1	30	1590	1590	00	0000031039321	0	0	0	0	0	0	0	0
$1	1521	1285	5	0	3793	1.00	350	21.08.19	11:53	1	30	350	350	00	0000025037937	0	0	0	0	0	0	0	0
$1	1521	1285	6	0	0374	1.00	450	21.08.19	11:53	1	30	450	450	00	5900168902107	0	0	0	0	0	0	0	0
$1	1521	1286	1	0	3348	4.00	1560	21.08.19	12:19	3	30	1560	1560	00	0000005033485	0	0	0	0	0	0	0	0
$1	1521	1286	2	0	1313	1.00	3850	21.08.19	12:19	1	30	3850	3850	00	0000006013134	0	0	0	0	0	0	0	0
$1	1521	1286	3	0	0035	1.000	1250	21.08.19	12:19	1	30	1250	1250	00	0000000000000	0	0	0	0	0	0	0	0
$1	1521	1287	1	0	0906	1.00	5450	21.08.19	12:23	1	30	5450	5450	00	5902596416157	0	0	0	0	0	0	0	0
$1	1521	1287	2	0	0893	1.00	3990	21.08.19	12:23	1	30	3990	3990	00	5902596416287	0	0	0	0	0	0	0	0
$1	1521	1288	1	0	2834	1.00	2685	21.08.19	12:38	1	30	8950	8950	00	0000018028348	0	1	0	0	0	0	0	0
$1	1521	1289	1	0	3237	1.00	4400	21.08.19	12:43	1	30	4400	4400	00	0000024032377	0	0	0	0	0	0	0	0
$1	1521	1289	2	0	0816	1.00	3150	21.08.19	12:43	1	30	3150	3150	00	0000024008167	0	0	0	0	0	0	0	0
$1	1521	1289	3	0	1977	1.00	2390	21.08.19	12:43	1	30	2390	2390	00	0000009019775	0	0	0	0	0	0	0	0
$1	1521	1290	1	0	0504	1.00	3190	21.08.19	13:41	1	30	3190	3190	00	5907502687508	0	0	0	0	0	0	0	0
$1	1521	1290	2	0	1376	1.00	1850	21.08.19	13:41	1	30	1850	1850	00	0000006013769	0	0	0	0	0	0	0	0
$1	1521	1290	3	0	0983	2.00	1580	21.08.19	13:41	3	30	1580	1580	00	5905279799103	0	0	0	0	0	0	0	0
$1	1521	1291	1	0	0008	1.000	713	21.08.19	14:21	1	30	2850	2850	00	0000000000000	0	1	0	0	0	0	0	0
$1	1521	1291	2	0	0004	1.000	303	21.08.19	14:21	1	30	1210	1210	00	0000000000000	0	1	0	0	0	0	0	0
$1	1521	1291	3	0	0004	1.000	738	21.08.19	14:21	1	30	2950	2950	00	0000000000000	0	1	0	0	0	0	0	0
$1	1521	1292	1	0	3269	1.00	5900	21.08.19	14:58	1	30	5900	5900	00	0000014032691	0	0	0	0	0	0	0	0
$1	1521	1292	2	0	0774	1.00	3700	21.08.19	14:58	1	30	3700	3700	00	0000003007747	0	0	0	0	0	0	0	0
$1	1521	1293	1	0	2501	1.00	1250	21.08.19	14:59	2	30	1250	1250	00	0000020025014	0	0	0	0	0	0	0	0
$1	1521	1294	1	0	2009	1.00	2950	21.08.19	15:09	1	30	2950	2950	00	0000009020092	0	0	0	0	0	0	0	0
$1	1521	1294	2	0	4025	1.00	2650	21.08.19	15:09	1	30	2650	2650	00	0000031040259	0	0	0	0	0	0	0	0
$1	1521	1295	1	0	2692	1.00	1050	21.08.19	15:15	3	30	1050	1050	00	0000017026925	0	0	0	0	0	0	0	0
$1	1521	1296	1	0	2052	1.00	9800	21.08.19	15:24	1	30	9800	9800	00	0000011020523	0	0	0	0	0	0	0	0
$1	1521	1297	1	0	0002	1.000	1350	21.08.19	16:22	1	30	1350	1350	00	0000000000000	0	0	0	0	0	0	0	0
$1	1521	1298	1	0	2959	1.00	5950	21.08.19	17:04	1	30	5950	5950	00	0000035029595	0	0	0	0	0	0	0	0
$1	1521	1299	1	0	2111	1.00	4090	21.08.19	17:18	2	30	4090	4090	00	0000006021115	0	0	0	0	0	0	0	0
$1	1521	1299	2	0	0975	1.00	700	21.08.19	17:18	2	30	700	700	00	5905279799035	0	0	0	0	0	0	0	0
$1	1521	1299	3	0	0094	1.000	1190	21.08.19	17:18	2	30	1190	1190	00	0000000000000	0	0	0	0	0	0	0	0
$1	1521	1299	4	0	3074	1.00	790	21.08.19	17:18	2	30	790	790	00	0000020030742	0	0	0	0	0	0	0	0
$1	1521	1299	5	0	1119	1.00	490	21.08.19	17:18	2	30	490	490	00	5906365702892	0	0	0	0	0	0	0	0
$1	1521	1299	6	0	1119	1.00	490	21.08.19	17:18	2	30	490	490	00	5906365702892	0	0	0	0	0	0	0	0
$1	1521	1299	7	0	2108	1.00	2190	21.08.19	17:18	2	30	2190	2190	00	0000006021085	0	0	0	0	0	0	0	0
$1	1521	1299	8	0	0361	1.00	1150	21.08.19	17:18	1	30	1150	1150	00	5905279370128	0	0	0	0	0	0	0	0
$1	1521	1299	9	0	0364	1.00	1290	21.08.19	17:18	1	30	1290	1290	00	5900168907720	0	0	0	0	0	0	0	0
$1	1521	1299	10	0	0364	1.00	1290	21.08.19	17:18	1	30	1290	1290	00	5900168907720	0	0	0	0	0	0	0	0
$1	1521	1299	11	0	2960	1.00	2690	21.08.19	17:18	2	30	2690	2690	00	0000019029603	0	0	0	0	0	0	0	0
$1	1521	1299	12	0	1398	1.00	2950	21.08.19	17:18	2	30	2950	2950	00	0000006013981	0	0	0	0	0	0	0	0
$1	1521	1299	13	0	2963	1.00	3750	21.08.19	17:18	2	30	3750	3750	00	0000019029634	0	0	0	0	0	0	0	0
$1	1521	1299	14	0	1399	1.00	2950	21.08.19	17:18	2	30	2950	2950	00	0000006013998	0	0	0	0	0	0	0	0
$1	1521	1300	1	0	0502	2.00	4180	21.08.19	17:20	1	30	4180	4180	00	5907502687522	0	0	0	0	0	0	0	0
$1	1521	1301	1	0	3095	1.00	590	21.08.19	17:32	2	30	590	590	00	0000020030957	0	0	0	0	0	0	0	0
$1	1521	1301	2	0	2736	1.00	790	21.08.19	17:32	2	30	790	790	00	0000020027360	0	0	0	0	0	0	0	0
$1	1521	1301	3	0	3214	1.00	3750	21.08.19	17:32	1	30	3750	3750	00	0000024032148	0	0	0	0	0	0	0	0
$1	1521	1301	4	0	2938	1.00	4490	21.08.19	17:32	1	30	4490	4490	00	0000024029384	0	0	0	0	0	0	0	0
$1	1521	1301	5	0	0182	1.000	520	21.08.19	17:32	2	30	520	520	00	0000000000000	0	0	0	0	0	0	0	0
$1	1521	1301	6	0	0182	1.000	490	21.08.19	17:32	2	30	490	490	00	0000000000000	0	0	0	0	0	0	0	0
$1	1521	1301	7	0	0002	1.000	690	21.08.19	17:32	1	30	690	690	00	0000000000000	0	0	0	0	0	0	0	0
$1	1521	1301	8	0	0182	1.000	460	21.08.19	17:32	2	30	460	460	00	0000000000000	0	0	0	0	0	0	0	0
$1	1521	1301	9	0	0002	1.000	690	21.08.19	17:32	1	30	690	690	00	0000000000000	0	0	0	0	0	0	0	0
$1	1521	1301	10	0	0002	1.000	650	21.08.19	17:32	1	30	650	650	00	0000000000000	0	0	0	0	0	0	0	0
$1	1521	1301	11	0	0182	1.000	470	21.08.19	17:32	2	30	470	470	00	0000000000000	0	0	0	0	0	0	0	0
$1	1521	1301	12	0	0182	1.000	470	21.08.19	17:32	2	30	470	470	00	0000000000000	0	0	0	0	0	0	0	0
$1	1521	1301	13	0	3223	1.00	3050	21.08.19	17:32	1	30	3050	3050	00	0000024032230	0	0	0	0	0	0	0	0
$1	1521	1301	14	0	3246	1.00	3750	21.08.19	17:32	1	30	3750	3750	00	0000024032469	0	0	0	0	0	0	0	0
$1	1521	1301	15	0	1947	1.00	1450	21.08.19	17:32	2	30	1450	1450	00	0000009019478	0	0	0	0	0	0	0	0
$1	1521	1301	16	0	1945	1.00	1450	21.08.19	17:32	2	30	1450	1450	00	0000009019454	0	0	0	0	0	0	0	0
$1	1521	1302	1	0	0333	1.00	1850	21.08.19	17:34	1	30	1850	1850	00	5900168907263	0	0	0	0	0	0	0	0
$1	1521	1302	2	0	2346	1.00	1890	21.08.19	17:34	1	30	1890	1890	00	5900168904323	0	0	0	0	0	0	0	0
$1	1521	1302	3	0	0337	1.00	3250	21.08.19	17:34	1	30	3250	3250	00	5900168902329	0	0	0	0	0	0	0	0
$1	1521	1302	4	0	2530	1.00	1690	21.08.19	17:34	2	30	1690	1690	00	0000017025300	0	0	0	0	0	0	0	0
$1	1521	1303	1	0	2729	1.00	763	21.08.19	17:39	2	30	2542	2990	00	0000017027298	0	1	0	0	0	0	0	1
$10	1521	1304	1	0	3072	1.00	690	21.08.19	17:48	2	30	690	690	00	5902741000965	0	0	0	0	0	0	0	0
$10	1521	1304	2	0	3115	1.00	2000	21.08.19	17:48	3	30	2000	2000	00	0000020031152	0	0	0	0	0	0	0	0
$1	1521	1304	1	0	0041	1.000	920	21.08.19	17:48	1	30	920	920	00	0000000000000	0	0	0	0	0	0	0	0
$1	1521	1304	2	0	1901	1.00	1650	21.08.19	17:48	1	30	1650	1650	00	0000009019010	0	0	0	0	0	0	0	0
$1	1522	1306	1	0	2408	1.00	2950	21.08.20	09:47	1	30	2950	2950	00	0000016024083	0	0	0	0	0	0	0	0
$1	1522	1307	1	0	2293	1.00	3590	21.08.20	12:16	1	30	3590	3590	00	0000014022937	0	0	0	0	0	0	0	0
$1	1522	1308	1	0	1519	1.00	4950	21.08.20	12:45	3	30	4950	4950	00	5907804205318	0	0	0	0	0	0	0	0
$1	1522	1308	2	0	3305	1.00	600	21.08.20	12:45	1	30	600	600	00	0000022033055	0	0	0	0	0	0	0	0
$1	1522	1309	1	0	2052	1.00	9800	21.08.20	13:06	1	30	9800	9800	00	0000011020523	0	0	0	0	0	0	0	0
$1	1522	1309	2	0	0893	1.00	3990	21.08.20	13:06	1	30	3990	3990	00	0000004008934	0	0	0	0	0	0	0	0
$1	1522	1309	3	0	2053	5.00	12750	21.08.20	13:06	1	30	12750	12750	00	0000011020530	0	0	0	0	0	0	0	0
$1	1522	1310	1	0	0038	1.000	810	21.08.20	13:06	1	30	810	810	00	0000000000000	0	0	0	0	0	0	0	0
$1	1522	1311	1	0	2055	1.00	2650	21.08.20	13:22	1	30	2650	5650	00	0000011020554	0	0	0	0	0	0	0	1
$1	1522	1311	2	0	3740	1.00	490	21.08.20	13:22	1	30	490	490	00	0000025037401	0	0	0	0	0	0	0	0
$1	1522	1312	1	0	1216	2.00	900	21.08.20	13:23	2	30	900	900	00	5909990668458	0	0	0	0	0	0	0	0
$1	1522	1313	1	0	0551	1.00	3190	21.08.20	14:04	1	30	3190	3190	00	5902249010374	0	0	0	0	0	0	0	0
$1	1522	1314	1	0	0013	1.000	1490	21.08.20	14:22	3	30	1490	1490	00	0000000000000	0	0	0	0	0	0	0	0
$1	1522	1315	1	0	0038	1.000	1490	21.08.20	14:23	1	30	1490	1490	00	0000000000000	0	0	0	0	0	0	0	0
$1	1522	1316	1	0	2009	1.00	2950	21.08.20	14:28	1	30	2950	2950	00	0680275060864	0	0	0	0	0	0	0	0
$1	1522	1316	2	0	2746	1.00	2650	21.08.20	14:28	1	30	2650	2650	00	0000035027461	0	0	0	0	0	0	0	0
$1	1522	1317	1	0	0117	1.000	1190	21.08.20	15:16	1	30	1190	1190	00	0000000000000	0	0	0	0	0	0	0	0
$1	1522	1317	2	0	0117	1.000	1550	21.08.20	15:16	1	30	1550	1550	00	0000000000000	0	0	0	0	0	0	0	0
$1	1522	1318	1	0	2814	1.00	6990	21.08.20	15:48	1	30	6990	6990	00	0000018028140	0	0	0	0	0	0	0	0
$1	1522	1318	2	0	1715	1.00	2290	21.08.20	15:48	1	30	2290	2290	00	5907688710649	0	0	0	0	0	0	0	0
$1	1522	1318	3	0	2024	1.00	1850	21.08.20	15:48	1	30	1850	2490	00	0000010020241	0	0	0	0	0	0	0	1
$1	1522	1319	1	0	2350	3.00	1950	21.08.20	15:59	1	30	1950	1950	00	0000015023506	0	0	0	0	0	0	0	0
$1	1522	1319	2	0	3285	1.00	850	21.08.20	15:59	1	30	850	850	00	0000022032850	0	0	0	0	0	0	0	0
$1	1522	1320	1	0	2069	1.00	2690	21.08.20	16:29	1	30	2690	2690	00	5906874538593	0	0	0	0	0	0	0	0
$1	1522	1321	1	0	3148	1.00	2590	21.08.20	16:44	1	30	2590	2590	00	0000016031487	0	0	0	0	0	0	0	0
$1	1522	1321	2	0	2438	1.00	2950	21.08.20	16:44	1	30	2950	2950	00	0000016024380	0	0	0	0	0	0	0	0
$1	1522	1321	3	0	1573	1.00	490	21.08.20	16:44	2	30	490	490	00	5906660817208	0	0	0	0	0	0	0	0
$1	1523	1323	1	0	0182	1.000	780	21.08.21	10:00	2	30	780	780	00	0000000000000	0	0	0	0	0	0	0	0
$1	1523	1323	2	0	1111	1.00	450	21.08.21	10:00	2	30	450	450	00	5906365702304	0	0	0	0	0	0	0	0
$1	1523	1324	1	0	0537	1.00	2490	21.08.21	10:02	1	30	2490	2490	00	5902249010121	0	0	0	0	0	0	0	0
$1	1523	1325	1	0	3793	1.00	350	21.08.21	10:03	1	30	350	350	00	0000025037937	0	0	0	0	0	0	0	0
$1	1523	1326	1	0	3159	1.00	3190	21.08.21	10:05	1	30	3190	3190	00	0000008031594	0	0	0	0	0	0	0	0
$1	1523	1327	1	0	1821	1.00	1890	21.08.21	10:06	1	30	1890	1890	00	0000008018212	0	0	0	0	0	0	0	0
$1	1523	1328	1	0	3904	1.00	3450	21.08.21	10:51	1	30	3450	3450	00	0000028039044	0	0	0	0	0	0	0	0
$1	1523	1328	2	0	3315	1.00	4850	21.08.21	10:51	1	30	4850	4850	00	0000014033155	0	0	0	0	0	0	0	0
$1	1523	1329	1	0	2350	1.00	650	21.08.21	11:37	1	30	650	650	00	0000015023506	0	0	0	0	0	0	0	0
$1	1523	1329	2	0	2350	1.00	650	21.08.21	11:37	1	30	650	650	00	0000015023506	0	0	0	0	0	0	0	0
$1	1523	1330	1	0	2053	1.00	2550	21.08.21	12:05	1	30	2550	2550	00	0000011020530	0	0	0	0	0	0	0	0
$1	1523	1331	1	0	0048	1.000	7590	21.08.21	12:14	1	30	7590	7590	00	0000000000000	0	0	0	0	0	0	0	0
$1	1523	1332	1	0	1573	1.00	490	21.08.21	12:15	2	30	490	490	00	0000007015731	0	0	0	0	0	0	0	0
$1	1523	1333	1	0	3019	1.00	2650	21.08.21	12:35	1	30	2650	2650	00	0000016030190	0	0	0	0	0	0	0	0
$1	1524	1335	1	0	0503	1.00	2090	21.08.24	10:10	1	30	2090	2090	00	5907502687539	0	0	0	0	0	0	0	0
$1	1524	1335	2	0	0647	1.00	3090	21.08.24	10:10	1	30	3090	3090	00	5902249012125	0	0	0	0	0	0	0	0
$1	1524	1335	3	0	0608	1.00	850	21.08.24	10:10	1	30	850	850	00	5902249011050	0	0	0	0	0	0	0	0
$1	1524	1335	4	0	0586	1.00	690	21.08.24	10:10	1	30	690	690	00	5902249010527	0	0	0	0	0	0	0	0
$1	1524	1336	1	0	1605	1.00	790	21.08.24	10:20	1	30	790	790	00	0000007016059	0	0	0	0	0	0	0	0
$1	1524	1336	2	0	3150	1.00	3290	21.08.24	10:20	1	30	3290	3290	00	0000028031505	0	0	0	0	0	0	0	0
$1	1524	1336	3	0	2350	1.00	7	21.08.24	10:20	1	30	7	650	00	0000015023506	0	0	0	0	0	0	0	1
$1	1524	1337	1	0	0997	2.00	900	21.08.24	10:36	2	30	900	900	00	5906365702083	0	0	0	0	0	0	0	0
$1	1524	1338	1	0	2010	1.00	2890	21.08.24	12:32	2	30	2890	2890	00	0680275060871	0	0	0	0	0	0	0	0
$1	1524	1339	1	0	2350	1.00	650	21.08.24	12:35	1	30	650	650	00	0000015023506	0	0	0	0	0	0	0	0
$1	1524	1340	1	0	2053	1.00	2550	21.08.24	12:43	1	30	2550	2550	00	0000011020530	0	0	0	0	0	0	0	0
$1	1524	1341	1	0	0815	1.00	3150	21.08.24	13:06	1	30	3150	3150	00	0000024008150	0	0	0	0	0	0	0	0
$1	1524	1341	2	0	0815	1.00	3150	21.08.24	13:06	1	30	3150	3150	00	0000024008150	0	0	0	0	0	0	0	0
$1	1524	1341	3	0	0002	1.000	820	21.08.24	13:06	1	30	820	820	00	0000000000000	0	0	0	0	0	0	0	0
$1	1524	1341	4	0	1342	1.00	1350	21.08.24	13:06	3	30	1350	1350	00	0000006013424	0	0	0	0	0	0	0	0
$1	1524	1342	1	0	0035	1.000	890	21.08.24	13:09	1	30	890	890	00	0000000000000	0	0	0	0	0	0	0	0
$1	1524	1342	2	0	3143	1.00	2650	21.08.24	13:09	1	30	2650	2650	00	0000016031432	0	0	0	0	0	0	0	0
$1	1524	1342	3	0	1574	1.00	490	21.08.24	13:09	2	30	490	490	00	5906660817215	0	0	0	0	0	0	0	0
$1	1524	1343	1	0	2131	1.00	288	21.08.24	13:13	1	30	1150	1150	00	0000013021313	0	1	0	0	0	0	0	0
$1	1524	1343	2	0	0145	1.000	123	21.08.24	13:13	1	30	490	490	00	0000000000000	0	1	0	0	0	0	0	0
$1	1524	1343	3	0	2814	1.00	1748	21.08.24	13:13	1	30	6990	6990	00	0000009019546	0	1	0	0	0	0	0	0
$1	1524	1343	4	0	0026	2.000	295	21.08.24	13:13	1	30	1180	1180	00	0000000000000	0	1	0	0	0	0	0	0
$1	1524	1344	1	0	0330	1.00	463	21.08.24	13:14	1	30	1850	1850	00	5906874565674	0	1	0	0	0	0	0	0
$1	1524	1344	2	0	2344	1.00	498	21.08.24	13:14	1	30	1990	1990	00	5900168907690	0	1	0	0	0	0	0	0
$1	1524	1345	1	0	3288	1.00	1190	21.08.24	13:18	1	30	1190	1190	00	0000022032881	0	0	0	0	0	0	0	0
$1	1524	1345	2	0	3312	1.00	890	21.08.24	13:18	1	30	890	890	00	0000022033123	0	0	0	0	0	0	0	0
$1	1524	1345	3	0	2737	1.00	690	21.08.24	13:18	2	30	690	690	00	0000020027377	0	0	0	0	0	0	0	0
$1	1524	1345	4	0	2350	1.00	650	21.08.24	13:18	1	30	650	650	00	0000015023506	0	0	0	0	0	0	0	0
$1	1524	1345	5	0	2350	1.00	650	21.08.24	13:18	1	30	650	650	00	0000015023506	0	0	0	0	0	0	0	0
$1	1524	1345	6	0	2545	1.00	2350	21.08.24	13:18	2	30	2350	2350	00	0000017025454	0	0	0	0	0	0	0	0
$1	1524	1346	1	0	3159	1.00	3190	21.08.24	14:29	1	30	3190	3190	00	0000008031594	0	0	0	0	0	0	0	0
$1	1524	1346	2	0	1867	1.00	7950	21.08.24	14:29	1	30	7950	7950	00	0000008018670	0	0	0	0	0	0	0	0
$1	1524	1347	1	0	3240	1.00	2250	21.08.24	14:31	1	30	2250	2250	00	0000024032407	0	0	0	0	0	0	0	0
$1	1524	1348	1	0	0002	1.000	1250	21.08.24	14:33	1	30	1250	1250	00	0000000000000	0	0	0	0	0	0	0	0
$1	1524	1349	1	0	1218	1.00	550	21.08.24	14:49	2	30	550	550	00	5909994310513	0	0	0	0	0	0	0	0
$1	1524	1349	2	0	0557	1.00	2290	21.08.24	14:49	1	30	2290	2290	00	5902249010411	0	0	0	0	0	0	0	0
$1	1524	1350	1	0	0702	1.00	2150	21.08.24	14:51	1	30	2150	2150	00	0000003007020	0	0	0	0	0	0	0	0
$1	1524	1351	1	0	2050	1.00	2550	21.08.24	14:53	1	30	2550	2550	00	0000011020509	0	0	0	0	0	0	0	0
$1	1524	1352	1	0	2329	1.00	690	21.08.24	15:04	2	30	690	690	00	0000020023294	0	0	0	0	0	0	0	0
$1	1524	1352	2	0	1203	1.00	550	21.08.24	15:04	2	30	550	550	00	5909990219612	0	0	0	0	0	0	0	0
$1	1524	1352	3	0	1212	1.00	550	21.08.24	15:04	2	30	550	550	00	0000005012121	0	0	0	0	0	0	0	0
$1	1524	1353	1	0	2968	1.00	2490	21.08.24	15:08	2	30	2490	2490	00	0000019029689	0	0	0	0	0	0	0	0
$1	1524	1354	1	0	1055	1.00	790	21.08.24	15:25	3	30	790	790	00	5905279799141	0	0	0	0	0	0	0	0
$1	1524	1355	1	0	3063	1.00	590	21.08.24	15:26	2	30	590	590	00	0000020030636	0	0	0	0	0	0	0	0
$1	1524	1356	1	0	1754	1.00	7950	21.08.24	15:40	1	30	7950	7950	00	5711914164416	0	0	0	0	0	0	0	0
$1	1525	1358	1	0	2055	1.00	1413	21.08.25	09:53	1	30	5650	5650	00	0000011020554	0	1	0	0	0	0	0	0
$1	1525	1359	1	0	0471	1.00	3050	21.08.25	09:55	1	30	3050	3050	00	5907502687270	0	0	0	0	0	0	0	0
$1	1525	1359	2	0	0453	1.00	3990	21.08.25	09:55	1	30	3990	3990	00	5907502687027	0	0	0	0	0	0	0	0
$1	1525	1360	1	0	3068	1.00	1150	21.08.25	10:31	1	30	1150	1150	00	0000020030681	0	0	0	0	0	0	0	0
$1	1525	1360	2	0	0603	1.00	3850	21.08.25	10:31	1	30	3850	3850	00	5902249011074	0	0	0	0	0	0	0	0
$1	1525	1361	1	0	3157	1.00	2990	21.08.25	10:32	1	30	2990	2990	00	0000002031576	0	0	0	0	0	0	0	0
$1	1525	1361	2	0	3152	2.00	4980	21.08.25	10:32	1	30	4980	4980	00	5902249015775	0	0	0	0	0	0	0	0
$1	1525	1362	1	0	4033	1.00	1090	21.08.25	10:51	1	30	1090	1090	00	0000031040334	0	0	0	0	0	0	0	0
$1	1525	1362	2	0	3741	1.00	2350	21.08.25	10:51	1	30	2350	2350	00	0000025037418	0	0	0	0	0	0	0	0
$1	1525	1362	3	0	3722	1.00	790	21.08.25	10:51	1	30	790	790	00	0000025037227	0	0	0	0	0	0	0	0
$1	1525	1363	1	0	3793	1.00	350	21.08.25	10:54	1	30	350	350	00	0000025037937	0	0	0	0	0	0	0	0
$1	1525	1364	1	0	0026	1.000	1590	21.08.25	11:53	1	30	1590	1590	00	0000000000000	0	0	0	0	0	0	0	0
$1	1525	1365	1	0	3009	1.00	2090	21.08.25	12:00	1	30	2090	2090	00	0000019030098	0	0	0	0	0	0	0	0
$1	1525	1365	2	0	3345	1.00	2290	21.08.25	12:00	1	30	2290	2290	00	5902249015966	0	0	0	0	0	0	0	0
$1	1525	1365	3	0	0628	1.00	690	21.08.25	12:00	1	30	690	690	00	5902249011326	0	0	0	0	0	0	0	0
$1	1525	1365	4	0	0628	1.00	690	21.08.25	12:00	1	30	690	690	00	5902249011326	0	0	0	0	0	0	0	0
$1	1525	1366	1	0	1468	1.00	3890	21.08.25	12:10	1	30	3890	3890	00	5907688710366	0	0	0	0	0	0	0	0
$1	1525	1366	2	0	1708	1.00	1590	21.08.25	12:10	1	30	1590	1590	00	5907688710076	0	0	0	0	0	0	0	0
$1	1525	1366	3	0	2053	2.00	5100	21.08.25	12:10	1	30	5100	5100	00	0000011020530	0	0	0	0	0	0	0	0
$1	1525	1366	4	0	0026	1.000	590	21.08.25	12:10	1	30	590	590	00	0000000000000	0	0	0	0	0	0	0	0
$1	1525	1367	1	0	2053	1.00	2550	21.08.25	12:10	1	30	2550	2550	00	0000011020530	0	0	0	0	0	0	0	0
$1	1525	1368	1	0	0026	1.000	2350	21.08.25	12:48	1	30	2350	2350	00	0000000000000	0	0	0	0	0	0	0	0
$1	1525	1369	1	0	0026	1.000	2350	21.08.25	13:02	1	30	2350	2350	00	0000000000000	0	0	0	0	0	0	0	0
$1	1525	1369	2	0	0477	1.00	3350	21.08.25	13:02	1	30	3350	3350	00	5907502687362	0	0	0	0	0	0	0	0
$1	1525	1370	1	0	0182	1.000	670	21.08.25	13:34	2	30	670	670	00	0000000000000	0	0	0	0	0	0	0	0
$1	1525	1371	1	0	2460	4.00	800	21.08.25	13:45	2	30	800	800	00	0000033002996	0	0	0	0	0	0	0	0
$1	1525	1371	2	0	2009	1.00	2950	21.08.25	13:45	1	30	2950	2950	00	0000009020092	0	0	0	0	0	0	0	0
$1	1525	1372	1	0	0026	2.000	2380	21.08.25	14:13	1	30	2380	2380	00	0000000000000	0	0	0	0	0	0	0	0
$1	1525	1373	1	0	0450	1.00	3750	21.08.25	14:15	1	30	3750	3750	00	5907502687157	0	0	0	0	0	0	0	0
$1	1525	1374	1	0	1097	1.00	400	21.08.25	14:37	2	30	400	400	00	5909994310568	0	0	0	0	0	0	0	0
$1	1525	1374	2	0	1097	1.00	400	21.08.25	14:37	2	30	400	400	00	5909994310568	0	0	0	0	0	0	0	0
$1	1525	1375	1	0	2359	1.00	1250	21.08.25	15:06	1	30	5950	5950	00	0000001023596	0	1	0	0	0	0	0	0
$1	1525	1375	2	0	2445	1.00	2489	21.08.25	15:06	1	30	11850	11850	00	0000001024456	0	1	0	0	0	0	0	0
$1	1525	1375	3	0	0726	1.00	1239	21.08.25	15:06	1	30	5900	5900	00	0000003007266	0	1	0	0	0	0	0	0
$1	1525	1376	1	0	2360	1.00	2950	21.08.25	15:31	1	30	2950	2950	00	0000016023604	0	0	0	0	0	0	0	0
$1	1525	1376	2	0	2437	1.00	2590	21.08.25	15:31	1	30	2590	2590	00	0000016024373	0	0	0	0	0	0	0	0
$1	1525	1377	1	0	0086	1.000	540	21.08.25	15:41	1	30	540	540	00	0000000000000	0	0	0	0	0	0	0	0
$1	1525	1377	2	0	2024	1.00	1850	21.08.25	15:41	1	30	1850	2490	00	0000010020241	0	0	0	0	0	0	0	1
$1	1525	1377	3	0	2024	3.00	5970	21.08.25	15:41	1	30	5970	7470	00	0000010020241	0	0	0	0	0	0	0	1
$1	1525	1378	1	0	1887	1.00	490	21.08.25	16:04	3	30	490	490	00	5905279799721	0	0	0	0	0	0	0	0
$1	1525	1378	2	0	1068	1.00	5	21.08.25	16:04	2	30	5	490	00	5905279799400	0	0	0	0	0	0	0	1
$1	1525	1379	1	0	2064	1.00	3250	21.08.25	17:24	1	30	3250	3250	00	0000012020645	0	0	0	0	0	0	0	0
$1	1525	1379	2	0	2281	1.00	1950	21.08.25	17:24	1	30	1950	1950	00	0000014022814	0	0	0	0	0	0	0	0
$1	1525	1379	3	0	2311	1.00	3900	21.08.25	17:24	1	30	3900	3900	00	0000014023118	0	0	0	0	0	0	0	0
$1	1525	1379	4	0	2740	1.00	1950	21.08.25	17:24	1	30	1950	1950	00	0000014027406	0	0	0	0	0	0	0	0
$1	1525	1380	1	0	3175	1.00	2390	21.08.25	17:48	1	30	2390	2390	00	0000021031755	0	0	0	0	0	0	0	0
$1	1525	1380	2	0	0026	1.000	2290	21.08.25	17:48	1	30	2290	2290	00	0000000000000	0	0	0	0	0	0	0	0
$1	1526	1382	1	0	0605	1.00	3950	21.08.26	09:58	1	30	3950	3950	00	5902249011098	0	0	0	0	0	0	0	0
$1	1526	1383	1	0	0145	2.000	980	21.08.26	10:02	1	30	980	980	00	0000000000000	0	0	0	0	0	0	0	0
$1	1526	1383	2	0	0002	1.000	820	21.08.26	10:02	1	30	820	820	00	0000000000000	0	0	0	0	0	0	0	0
$1	1526	1383	3	0	3339	1.00	1990	21.08.26	10:02	1	30	1990	1990	00	5902249015829	0	0	0	0	0	0	0	0
$1	1526	1384	1	0	0371	1.00	1450	21.08.26	10:41	1	30	1450	1450	00	5906874565292	0	0	0	0	0	0	0	0
$1	1526	1384	2	0	0333	1.00	1850	21.08.26	10:41	1	30	1850	1850	00	5900168907263	0	0	0	0	0	0	0	0
$1	1526	1384	3	0	0327	1.00	1850	21.08.26	10:41	1	30	1850	1850	00	5906874565032	0	0	0	0	0	0	0	0
$1	1526	1385	1	0	1215	2.00	11	21.08.26	11:22	2	30	1100	1100	00	0000005012152	0	1	0	0	0	0	0	0
$1	1526	1386	1	0	1039	1.00	550	21.08.26	11:29	2	30	550	550	00	5906365702823	0	0	0	0	0	0	0	0
$1	1526	1386	2	0	4060	1.00	6450	21.08.26	11:29	2	30	6450	6450	00	0000027040607	0	0	0	0	0	0	0	0
$1	1526	1386	3	0	2648	1.00	1550	21.08.26	11:29	2	30	1550	1550	00	0000017026482	0	0	0	0	0	0	0	0
$1	1526	1386	4	0	1040	1.00	450	21.08.26	11:29	2	30	450	450	00	5906365702847	0	0	0	0	0	0	0	0
$1	1526	1387	1	0	1055	2.00	1580	21.08.26	11:35	3	30	1580	1580	00	5905279799141	0	0	0	0	0	0	0	0
$1	1526	1388	1	0	0494	1.00	3450	21.08.26	11:49	1	30	3450	3450	00	5907502687409	0	0	0	0	0	0	0	0
$1	1526	1389	1	0	0203	2.000	5900	21.08.26	11:59	1	30	5900	5900	00	0000000000000	0	0	0	0	0	0	0	0
$10	1526	1389	1	0	3721	1.00	890	21.08.26	11:59	1	30	890	890	00	0000025037210	0	0	0	0	0	0	0	0
$1	1526	1389	2	0	3776	1.00	1990	21.08.26	11:59	1	30	1990	1990	00	0000025037760	0	0	0	0	0	0	0	0
$1	1526	1390	1	0	0976	1.00	1590	21.08.26	12:05	2	30	1590	1590	00	0000005009763	0	0	0	0	0	0	0	0
$1	1526	1390	2	0	0975	1.00	700	21.08.26	12:05	2	30	700	700	00	5905279799035	0	0	0	0	0	0	0	0
$1	1526	1391	1	0	1032	1.00	950	21.08.26	12:05	3	30	950	950	00	5907752643910	0	0	0	0	0	0	0	0
$12	1526	1	1	0	0086	1.000	490	21.08.26	12:43	1	30	490	490	00	0000000000000	0	0	0	0	0	0	0	0
$12	1526	1	2	0	0373	1.00	1450	21.08.26	12:43	1	30	1450	1450	00	0000001003734	0	0	0	0	0	0	0	0
$1	1526	1393	1	0	0026	1.000	490	21.08.26	12:44	1	30	490	490	00	0000000000000	0	0	0	0	0	0	0	0
$1	1526	1393	2	0	0086	1.000	490	21.08.26	12:44	1	30	490	490	00	0000000000000	0	0	0	0	0	0	0	0
$1	1526	1393	3	0	2024	2.00	3980	21.08.26	12:44	1	30	3980	4980	00	0000010020241	0	0	0	0	0	0	0	1
$1	1526	1394	1	0	1189	1.00	550	21.08.26	12:45	2	30	550	550	00	0000005011896	0	0	0	0	0	0	0	0
$1	1526	1395	1	0	0057	1	790	21.08.26	13:19	1	30	790	790	00	0000000000000	0	0	0	0	0	0	0	0
$1	1526	1396	1	0	0342	1.00	1890	21.08.26	14:02	1	30	1890	1890	00	5900168900028	0	0	0	0	0	0	0	0
$1	1526	1397	1	0	3095	1.00	590	21.08.26	14:05	2	30	590	590	00	0000020030957	0	0	0	0	0	0	0	0
$1	1526	1397	2	0	0182	1.000	620	21.08.26	14:05	2	30	620	620	00	0000000000000	0	0	0	0	0	0	0	0
$1	1526	1398	1	0	2053	1.00	2550	21.08.26	14:17	1	30	2550	2550	00	0000011020530	0	0	0	0	0	0	0	0
$1	1526	1399	1	0	3009	1.00	21	21.08.26	14:33	1	30	2090	2090	00	0000019030098	0	1	0	0	0	0	0	0
$1	1526	1400	1	0	0026	1.000	1390	21.08.26	14:54	1	30	1390	1390	00	0000000000000	0	0	0	0	0	0	0	0
$1	1526	1401	1	0	2307	1.00	3750	21.08.26	15:03	1	30	3750	3750	00	0000014023071	0	0	0	0	0	0	0	0
$1	1526	1401	2	0	3262	1.00	2950	21.08.26	15:03	1	30	2950	2950	00	0000001032628	0	0	0	0	0	0	0	0
$1	1526	1402	1	0	0031	1.000	2000	21.08.26	15:08	1	30	2000	2000	00	0000000000000	0	0	0	0	0	0	0	0
$1	1526	1403	1	0	0031	1.000	2000	21.08.26	15:25	1	30	2000	2000	00	0000000000000	0	0	0	0	0	0	0	0
$1	1526	1404	1	0	0090	1.000	2090	21.08.26	15:37	2	30	2090	2090	00	0000000000000	0	0	0	0	0	0	0	0
$1	1526	1404	2	0	0636	1.00	2590	21.08.26	15:37	1	30	2590	2590	00	5902249011425	0	0	0	0	0	0	0	0
$1	1526	1404	3	0	1728	1.00	6350	21.08.26	15:37	1	30	6350	6350	00	0000008017284	0	0	0	0	0	0	0	0
$1	1526	1405	1	0	1815	1.00	2150	21.08.26	16:16	1	30	2150	2150	00	0000008018151	0	0	0	0	0	0	0	0
$1	1526	1405	2	0	2050	1.00	2550	21.08.26	16:16	1	30	2550	2550	00	0000011020509	0	0	0	0	0	0	0	0
$1	1526	1405	3	0	0066	1.000	1190	21.08.26	16:16	1	30	1190	1190	00	0000000000000	0	0	0	0	0	0	0	0
$12	1526	2	1	0	2943	1.00	4790	21.08.26	16:35	1	30	4790	4790	00	0000024029438	0	0	0	0	0	0	0	0
$1	1526	1407	1	0	3068	1.00	1150	21.08.26	16:36	1	30	1150	1150	00	0000020030681	0	0	0	0	0	0	0	0
$1	1526	1408	1	0	2943	1.00	4790	21.08.26	16:39	1	30	4790	4790	00	0000024029438	0	0	0	0	0	0	0	0
$1	1526	1408	2	0	0225	1.000	200	21.08.26	16:39	1	30	200	200	00	0000000000000	0	0	0	0	0	0	0	0
$1	1526	1408	3	0	3790	1.00	2850	21.08.26	16:39	1	30	2850	2850	00	0000025037906	0	0	0	0	0	0	0	0
$1	1526	1409	1	0	3060	1.00	590	21.08.26	17:17	2	30	590	590	00	0000020030605	0	0	0	0	0	0	0	0
$1	1526	1409	2	0	3044	1.00	1090	21.08.26	17:17	3	30	1090	1090	00	0000020030445	0	0	0	0	0	0	0	0
$1	1526	1409	3	0	0833	1.00	4550	21.08.26	17:17	1	30	4550	4550	00	0000024008334	0	0	0	0	0	0	0	0
$1	1526	1409	4	0	0225	1.000	200	21.08.26	17:17	1	30	200	200	00	0000000000000	0	0	0	0	0	0	0	0
$1	1526	1410	1	0	0259	1.000	2072	21.08.26	17:22	3	30	2072	2590	00	0000000000000	0	0	0	0	0	0	0	1
$1	1526	1410	2	0	0243	1.000	3490	21.08.26	17:22	1	30	3490	3490	00	0000000000000	0	0	0	0	0	0	0	0
$1	1526	1411	1	0	2350	1.00	650	21.08.26	17:26	1	30	650	650	00	0000015023506	0	0	0	0	0	0	0	0
$10	1527	1413	1	0	0583	1.00	3750	21.08.27	10:25	1	30	3750	3750	00	5902249010589	0	0	0	0	0	0	0	0
$1	1527	1413	1	0	2053	1.00	2550	21.08.27	10:25	1	30	2550	2550	00	0000011020530	0	0	0	0	0	0	0	0
$1	1527	1414	1	0	0026	1.000	2290	21.08.27	10:44	1	30	2290	2290	00	0000000000000	0	0	0	0	0	0	0	0
$1	1527	1415	1	0	1178	1.00	390	21.08.27	10:57	2	30	390	390	00	5909990628360	0	0	0	0	0	0	0	0
$12	1527	1	1	0	0583	1.00	3750	21.08.27	11:20	1	30	3750	3750	00	5902249010589	0	0	0	0	0	0	0	0
$1	1527	1417	1	0	1820	1.00	1890	21.08.27	11:54	1	30	1890	1890	00	5701278288101	0	0	0	0	0	0	0	0
$1	1527	1417	2	0	0472	1.00	1290	21.08.27	11:54	1	30	1290	1290	00	5907502687300	0	0	0	0	0	0	0	0
$1	1527	1417	3	0	1462	1.00	1590	21.08.27	11:54	1	30	1590	1590	00	5907688710564	0	0	0	0	0	0	0	0
$1	1527	1417	4	0	0012	1.000	1490	21.08.27	11:54	1	30	1490	1490	00	0000000000000	0	0	0	0	0	0	0	0
$1	1527	1418	1	0	0607	1.00	2590	21.08.27	12:13	1	30	2590	2590	00	5902249011043	0	0	0	0	0	0	0	0
$1	1527	1418	2	0	0570	1.00	690	21.08.27	12:13	1	30	690	690	00	5902249010503	0	0	0	0	0	0	0	0
$1	1527	1418	3	0	0025	1.000	290	21.08.27	12:13	1	30	290	290	00	0000000000000	0	0	0	0	0	0	0	0
$1	1527	1419	1	0	0982	2.00	900	21.08.27	12:38	2	30	900	900	00	5907752643385	0	0	0	0	0	0	0	0
$1	1527	1419	2	0	1337	1.00	990	21.08.27	12:38	3	30	990	990	00	0000006013370	0	0	0	0	0	0	0	0
$1	1527	1420	1	0	1111	1.00	450	21.08.27	12:56	2	30	450	450	00	5906365702304	0	0	0	0	0	0	0	0
$1	1527	1421	1	0	3136	1.00	1990	21.08.27	13:47	2	30	1990	1990	00	0000020031367	0	0	0	0	0	0	0	0
$1	1527	1421	2	0	0002	1.000	1240	21.08.27	13:47	1	30	1240	1240	00	0000000000000	0	0	0	0	0	0	0	0
$1	1527	1421	3	0	0203	1.000	2250	21.08.27	13:47	1	30	2250	2250	00	0000000000000	0	0	0	0	0	0	0	0
$1	1527	1422	1	0	2692	1.00	1050	21.08.27	13:52	3	30	1050	1050	00	0000017026925	0	0	0	0	0	0	0	0
$1	1527	1423	1	0	1219	1.00	590	21.08.27	14:47	2	30	590	590	00	0000005012190	0	0	0	0	0	0	0	0
$1	1527	1424	1	0	2889	1.00	8118	21.08.27	15:25	1	30	8118	9550	00	0000018028898	0	0	0	0	0	0	0	1
$1	1527	1425	1	0	1097	1.00	400	21.08.27	15:48	2	30	400	400	00	5909994310568	0	0	0	0	0	0	0	0
$1	1527	1426	1	0	3901	1.00	950	21.08.27	16:08	1	30	950	950	00	0000028039013	0	0	0	0	0	0	0	0
$1	1527	1427	1	0	0873	1.00	3090	21.08.27	16:39	1	30	3090	3090	00	5906395235087	0	0	0	0	0	0	0	0
$1	1527	1427	2	0	0025	1.000	490	21.08.27	16:39	1	30	490	490	00	0000000000000	0	0	0	0	0	0	0	0
$1	1527	1428	1	0	1732	1.00	3390	21.08.27	16:40	1	30	3390	3390	00	0000008017321	0	0	0	0	0	0	0	0
$1	1527	1429	1	0	1605	1.00	790	21.08.27	16:41	1	30	790	790	00	0000007016059	0	0	0	0	0	0	0	0
$1	1527	1430	1	0	3167	1.00	5950	21.08.27	16:43	1	30	5950	5950	00	0000008031679	0	0	0	0	0	0	0	0
$1	1527	1430	2	0	3009	1.00	2090	21.08.27	16:43	1	30	2090	2090	00	0000019030098	0	0	0	0	0	0	0	0
$1	1527	1430	3	0	2350	1.00	650	21.08.27	16:43	1	30	650	650	00	0000015023506	0	0	0	0	0	0	0	0
$1	1527	1431	1	0	0473	1.00	2290	21.08.27	16:44	1	30	2290	2290	00	5907502687317	0	0	0	0	0	0	0	0
$1	1527	1432	1	0	2343	1.00	1990	21.08.27	16:56	1	30	1990	1990	00	5900168907706	0	0	0	0	0	0	0	0
$1	1527	1432	2	0	3222	1.00	3190	21.08.27	16:56	1	30	3190	3190	00	0000024032223	0	0	0	0	0	0	0	0
$1	1527	1432	3	0	2011	1.00	2990	21.08.27	16:56	2	30	2990	2990	00	0000009020115	0	0	0	0	0	0	0	0
$1	1527	1433	1	0	1479	1.00	3350	21.08.27	17:01	3	30	3350	3350	00	5907804205332	0	0	0	0	0	0	0	0
